1.0000 0.9990 0.8271 0.3851 0.3504 0.1815 0.0752 0.0340 0.0320 0.0208 0.0086 0.0135 0.0106 0.0088 0.0050 0.0058 0.0050 0.0036 0.0030 0.0027 0.0024 0.0019 0.0016 0.0018 0.0016 0.0014 0.0014 0.0012 0.0011 0.0012 0.0012 0.0014 0.0016 0.0020 0.0028 0.0035 0.0037 0.0040 0.0036 0.0032 0.0027 0.0023 0.0022 0.0021 0.0016 0.0018 0.0015 0.0018 0.0016 0.0022 0.0022 0.0021 0.0018 0.0018 0.0018 0.0012 0.0014 0.0015 0.0018 0.0018 0.0014 0.0015 0.0014 0.0016 0.0016 0.0015 0.0011 0.0012 0.0010 0.0011 0.0009 0.0012 0.0010 0.0011 0.0011 0.0014 0.0015 0.0016 0.0017 0.0019 0.0023 0.0022 0.0019 0.0016 0.0012 0.0009 0.0006 0.0007 0.0007 0.0009 0.0011 0.0013 0.0014 0.0016 0.0019 0.0022 0.0024 0.0025 0.0025 0.0026 0.0026 0.0025 0.0026 0.0027 0.0029 0.0026 0.0029 0.0028 0.0029 0.0026 0.0026 0.0025 0.0026 0.0023 0.0022 0.0026 0.0025 0.0019 0.0020 0.0020 0.0023 0.0024 0.0023 0.0022 0.0022 0.0021 0.0021 0.0020 0.0019 0.0018 0.0018 0.0015 0.0014 0.0012 0.0012 0.0012 0.0015 0.0021 0.0022 0.0017 0.0016 0.0012 0.0014 0.0010 0.0012 0.0010 0.0012 0.0012 0.0016 0.0015 0.0014 0.0014 0.0012 0.0010 0.0008 0.0008 0.0005 0.0007 0.0007 0.0010 0.0015 0.0017 0.0020 0.0021 0.0018 0.0015 0.0014 0.0015 0.0016 0.0016 0.0013 0.0015 0.0014 0.0015 0.0013 0.0019 0.0023 0.0030 0.0043 0.0048 0.0047 0.0046 0.0054
0.9990 1.0000 0.9997 0.7989 0.4782 0.5822 0.1913 0.0784 0.0823 0.0659 0.0148 0.0193 0.0184 0.0092 0.0054 0.0067 0.0054 0.0033 0.0025 0.0027 0.0022 0.0017 0.0015 0.0016 0.0013 0.0012 0.0012 0.0010 0.0009 0.0011 0.0012 0.0015 0.0016 0.0021 0.0030 0.0038 0.0038 0.0037 0.0038 0.0038 0.0033 0.0027 0.0023 0.0019 0.0016 0.0018 0.0016 0.0020 0.0018 0.0025 0.0023 0.0022 0.0018 0.0016 0.0018 0.0011 0.0015 0.0016 0.0021 0.0021 0.0015 0.0016 0.0012 0.0015 0.0015 0.0014 0.0009 0.0011 0.0008 0.0013 0.0008 0.0013 0.0009 0.0012 0.0010 0.0012 0.0012 0.0015 0.0015 0.0019 0.0023 0.0023 0.0019 0.0018 0.0010 0.0008 0.0004 0.0005 0.0005 0.0008 0.0010 0.0012 0.0014 0.0017 0.0022 0.0022 0.0025 0.0027 0.0030 0.0030 0.0030 0.0029 0.0030 0.0033 0.0035 0.0033 0.0037 0.0033 0.0034 0.0028 0.0028 0.0027 0.0029 0.0029 0.0027 0.0031 0.0032 0.0021 0.0021 0.0019 0.0023 0.0026 0.0024 0.0023 0.0023 0.0022 0.0022 0.0022 0.0021 0.0020 0.0021 0.0017 0.0015 0.0012 0.0014 0.0011 0.0014 0.0019 0.0019 0.0014 0.0014 0.0011 0.0013 0.0010 0.0013 0.0009 0.0012 0.0011 0.0016 0.0014 0.0011 0.0012 0.0010 0.0009 0.0005 0.0007 0.0004 0.0006 0.0006 0.0009 0.0014 0.0016 0.0021 0.0022 0.0018 0.0015 0.0012 0.0014 0.0014 0.0015 0.0011 0.0019 0.0016 0.0019 0.0013 0.0022 0.0032 0.0039 0.0059 0.0067 0.0054 0.0066 0.0048
0.8271 0.9997 1.0000 0.9996 0.8959 0.7289 0.6628 0.1524 0.1482 0.1657 0.0498 0.0234 0.0213 0.0122 0.0044 0.0050 0.0038 0.0022 0.0016 0.0017 0.0015 0.0011 0.0010 0.0011 0.0010 0.0008 0.0008 0.0007 0.0007 0.0010 0.0011 0.0014 0.0016 0.0020 0.0025 0.0033 0.0034 0.0034 0.0033 0.0034 0.0030 0.0022 0.0021 0.0017 0.0014 0.0014 0.0013 0.0015 0.0014 0.0019 0.0017 0.0016 0.0014 0.0014 0.0014 0.0010 0.0014 0.0016 0.0020 0.0021 0.0014 0.0013 0.0010 0.0010 0.0012 0.0010 0.0007 0.0008 0.0007 0.0009 0.0005 0.0009 0.0006 0.0009 0.0009 0.0010 0.0010 0.0012 0.0012 0.0016 0.0020 0.0019 0.0015 0.0015 0.0009 0.0007 0.0004 0.0004 0.0005 0.0007 0.0009 0.0011 0.0012 0.0015 0.0019 0.0019 0.0022 0.0022 0.0028 0.0027 0.0027 0.0026 0.0029 0.0030 0.0033 0.0032 0.0035 0.0030 0.0031 0.0027 0.0027 0.0027 0.0032 0.0033 0.0032 0.0036 0.0039 0.0027 0.0025 0.0021 0.0022 0.0024 0.0022 0.0021 0.0021 0.0019 0.0019 0.0019 0.0021 0.0021 0.0021 0.0016 0.0015 0.0012 0.0012 0.0010 0.0013 0.0020 0.0018 0.0013 0.0012 0.0010 0.0011 0.0009 0.0010 0.0007 0.0009 0.0009 0.0013 0.0010 0.0008 0.0009 0.0009 0.0007 0.0005 0.0004 0.0004 0.0004 0.0005 0.0007 0.0012 0.0014 0.0016 0.0019 0.0016 0.0014 0.0012 0.0013 0.0014 0.0018 0.0013 0.0034 0.0021 0.0022 0.0013 0.0019 0.0039 0.0039 0.0070 0.0074 0.0058 0.0065 0.0052
0.3851 0.7989 0.9996 1.0000 0.9996 0.9096 0.7294 0.5916 0.2131 0.0786 0.0192 0.0227 0.0127 0.0032 0.0016 0.0023 0.0017 0.0012 0.0010 0.0010 0.0010 0.0008 0.0007 0.0008 0.0008 0.0006 0.0006 0.0006 0.0007 0.0008 0.0009 0.0011 0.0014 0.0019 0.0021 0.0025 0.0028 0.0027 0.0027 0.0027 0.0025 0.0019 0.0018 0.0015 0.0012 0.0012 0.0011 0.0012 0.0011 0.0015 0.0012 0.0014 0.0011 0.0011 0.0012 0.0009 0.0012 0.0014 0.0018 0.0017 0.0010 0.0011 0.0007 0.0008 0.0008 0.0007 0.0005 0.0006 0.0005 0.0006 0.0004 0.0005 0.0004 0.0006 0.0007 0.0008 0.0009 0.0010 0.0010 0.0012 0.0016 0.0015 0.0011 0.0010 0.0007 0.0005 0.0003 0.0004 0.0004 0.0005 0.0008 0.0010 0.0010 0.0013 0.0015 0.0016 0.0019 0.0019 0.0023 0.0024 0.0027 0.0026 0.0030 0.0033 0.0037 0.0034 0.0039 0.0030 0.0027 0.0022 0.0024 0.0024 0.0028 0.0031 0.0030 0.0035 0.0036 0.0026 0.0020 0.0020 0.0019 0.0021 0.0020 0.0018 0.0019 0.0018 0.0016 0.0018 0.0019 0.0019 0.0019 0.0014 0.0013 0.0010 0.0011 0.0008 0.0012 0.0018 0.0016 0.0011 0.0009 0.0007 0.0009 0.0006 0.0008 0.0005 0.0006 0.0006 0.0010 0.0008 0.0007 0.0007 0.0006 0.0005 0.0004 0.0004 0.0002 0.0004 0.0004 0.0006 0.0010 0.0011 0.0015 0.0016 0.0013 0.0010 0.0010 0.0012 0.0012 0.0016 0.0012 0.0029 0.0016 0.0019 0.0011 0.0018 0.0037 0.0036 0.0073 0.0071 0.0059 0.0062 0.0050
0.3504 0.4782 0.8959 0.9996 1.0000 0.9998 0.8547 0.6493 0.7969 0.1475 0.0148 0.0186 0.0245 0.0019 0.0008 0.0009 0.0009 0.0008 0.0007 0.0006 0.0006 0.0005 0.0006 0.0008 0.0007 0.0006 0.0005 0.0005 0.0005 0.0008 0.0008 0.0010 0.0012 0.0015 0.0019 0.0026 0.0033 0.0032 0.0029 0.0027 0.0024 0.0018 0.0016 0.0014 0.0010 0.0011 0.0009 0.0011 0.0010 0.0012 0.0012 0.0011 0.0010 0.0009 0.0011 0.0009 0.0012 0.0016 0.0018 0.0019 0.0010 0.0010 0.0007 0.0007 0.0007 0.0007 0.0005 0.0006 0.0005 0.0005 0.0004 0.0006 0.0004 0.0005 0.0005 0.0007 0.0008 0.0008 0.0009 0.0011 0.0014 0.0013 0.0010 0.0009 0.0007 0.0005 0.0004 0.0005 0.0004 0.0006 0.0008 0.0010 0.0012 0.0014 0.0015 0.0015 0.0018 0.0018 0.0023 0.0025 0.0029 0.0029 0.0033 0.0037 0.0045 0.0040 0.0049 0.0037 0.0033 0.0026 0.0026 0.0025 0.0033 0.0034 0.0031 0.0034 0.0037 0.0027 0.0019 0.0021 0.0020 0.0020 0.0018 0.0015 0.0018 0.0017 0.0019 0.0021 0.0022 0.0019 0.0019 0.0017 0.0014 0.0011 0.0012 0.0008 0.0010 0.0015 0.0014 0.0010 0.0008 0.0007 0.0008 0.0006 0.0008 0.0005 0.0005 0.0005 0.0008 0.0007 0.0006 0.0005 0.0005 0.0004 0.0003 0.0004 0.0003 0.0004 0.0004 0.0005 0.0008 0.0010 0.0013 0.0016 0.0013 0.0012 0.0009 0.0011 0.0014 0.0019 0.0012 0.0032 0.0018 0.0023 0.0011 0.0018 0.0051 0.0039 0.0082 0.0072 0.0060 0.0060 0.0045
0.1815 0.5822 0.7289 0.9096 0.9998 1.0000 0.9997 0.9715 0.9629 0.9026 0.0441 0.0240 0.0119 0.0059 0.0007 0.0003 0.0003 0.0004 0.0004 0.0004 0.0004 0.0004 0.0004 0.0007 0.0007 0.0006 0.0005 0.0005 0.0005 0.0008 0.0010 0.0011 0.0014 0.0016 0.0017 0.0024 0.0026 0.0025 0.0026 0.0025 0.0021 0.0016 0.0017 0.0014 0.0011 0.0010 0.0010 0.0010 0.0011 0.0012 0.0011 0.0010 0.0008 0.0010 0.0013 0.0012 0.0014 0.0019 0.0021 0.0020 0.0012 0.0011 0.0006 0.0007 0.0007 0.0006 0.0004 0.0005 0.0005 0.0007 0.0004 0.0008 0.0004 0.0007 0.0007 0.0007 0.0008 0.0009 0.0010 0.0012 0.0015 0.0014 0.0011 0.0011 0.0008 0.0007 0.0004 0.0006 0.0005 0.0007 0.0010 0.0012 0.0016 0.0015 0.0017 0.0017 0.0019 0.0018 0.0024 0.0028 0.0030 0.0026 0.0035 0.0035 0.0043 0.0039 0.0044 0.0036 0.0040 0.0033 0.0026 0.0026 0.0037 0.0039 0.0034 0.0036 0.0040 0.0034 0.0022 0.0024 0.0022 0.0020 0.0016 0.0015 0.0016 0.0017 0.0020 0.0024 0.0022 0.0018 0.0019 0.0017 0.0014 0.0013 0.0012 0.0009 0.0009 0.0012 0.0011 0.0009 0.0007 0.0008 0.0009 0.0007 0.0008 0.0005 0.0006 0.0006 0.0008 0.0006 0.0005 0.0006 0.0006 0.0005 0.0004 0.0004 0.0004 0.0004 0.0005 0.0007 0.0011 0.0011 0.0014 0.0018 0.0016 0.0013 0.0012 0.0012 0.0019 0.0031 0.0017 0.0038 0.0023 0.0026 0.0014 0.0025 0.0109 0.0048 0.0100 0.0069 0.0049 0.0049 0.0039
0.0752 0.1913 0.6628 0.7294 0.8547 0.9997 1.0000 0.9999 0.9683 0.9679 0.9444 0.1337 0.0167 0.0059 0.0040 0.0004 0.0003 0.0003 0.0003 0.0004 0.0005 0.0004 0.0005 0.0007 0.0008 0.0007 0.0007 0.0006 0.0006 0.0010 0.0011 0.0011 0.0015 0.0018 0.0019 0.0026 0.0027 0.0027 0.0023 0.0025 0.0019 0.0013 0.0014 0.0014 0.0010 0.0010 0.0009 0.0008 0.0011 0.0010 0.0011 0.0010 0.0008 0.0009 0.0011 0.0012 0.0012 0.0019 0.0016 0.0015 0.0011 0.0010 0.0006 0.0005 0.0007 0.0006 0.0004 0.0005 0.0005 0.0005 0.0004 0.0007 0.0005 0.0007 0.0007 0.0007 0.0008 0.0008 0.0008 0.0011 0.0015 0.0014 0.0011 0.0014 0.0011 0.0008 0.0005 0.0008 0.0005 0.0010 0.0012 0.0015 0.0020 0.0015 0.0015 0.0018 0.0020 0.0018 0.0025 0.0033 0.0030 0.0024 0.0035 0.0036 0.0042 0.0037 0.0038 0.0036 0.0049 0.0052 0.0034 0.0030 0.0041 0.0067 0.0047 0.0042 0.0057 0.0070 0.0036 0.0041 0.0029 0.0026 0.0019 0.0015 0.0018 0.0018 0.0022 0.0026 0.0024 0.0019 0.0023 0.0023 0.0020 0.0018 0.0013 0.0010 0.0008 0.0011 0.0010 0.0008 0.0007 0.0008 0.0008 0.0007 0.0008 0.0006 0.0005 0.0007 0.0008 0.0005 0.0004 0.0005 0.0005 0.0005 0.0004 0.0005 0.0005 0.0005 0.0007 0.0008 0.0013 0.0012 0.0015 0.0021 0.0018 0.0021 0.0014 0.0013 0.0022 0.0052 0.0029 0.0087 0.0041 0.0047 0.0016 0.0022 0.0088 0.0043 0.0078 0.0052 0.0041 0.0043 0.0034
0.0340 0.0784 0.1524 0.5916 0.6493 0.9715 0.9999 1.0000 0.9998 0.9807 0.9778 0.9532 0.0219 0.0050 0.0037 0.0021 0.0002 0.0002 0.0002 0.0003 0.0004 0.0005 0.0004 0.0005 0.0007 0.0007 0.0007 0.0006 0.0007 0.0011 0.0012 0.0013 0.0017 0.0022 0.0022 0.0026 0.0031 0.0030 0.0025 0.0025 0.0019 0.0013 0.0014 0.0011 0.0009 0.0007 0.0007 0.0005 0.0007 0.0006 0.0008 0.0007 0.0005 0.0008 0.0008 0.0009 0.0009 0.0013 0.0010 0.0010 0.0008 0.0007 0.0005 0.0004 0.0007 0.0005 0.0004 0.0005 0.0005 0.0005 0.0003 0.0007 0.0005 0.0005 0.0005 0.0006 0.0007 0.0008 0.0008 0.0010 0.0012 0.0012 0.0010 0.0011 0.0010 0.0007 0.0005 0.0008 0.0005 0.0010 0.0014 0.0016 0.0020 0.0014 0.0015 0.0016 0.0020 0.0019 0.0028 0.0040 0.0032 0.0024 0.0041 0.0041 0.0053 0.0046 0.0049 0.0045 0.0065 0.0084 0.0047 0.0034 0.0047 0.0082 0.0065 0.0053 0.0071 0.0091 0.0043 0.0056 0.0034 0.0032 0.0021 0.0015 0.0016 0.0016 0.0016 0.0018 0.0018 0.0014 0.0019 0.0025 0.0019 0.0016 0.0010 0.0007 0.0006 0.0010 0.0009 0.0007 0.0005 0.0007 0.0007 0.0006 0.0007 0.0006 0.0005 0.0005 0.0007 0.0005 0.0005 0.0006 0.0005 0.0005 0.0004 0.0004 0.0004 0.0004 0.0007 0.0008 0.0012 0.0011 0.0013 0.0014 0.0014 0.0017 0.0014 0.0012 0.0019 0.0044 0.0026 0.0092 0.0041 0.0048 0.0011 0.0015 0.0034 0.0022 0.0043 0.0031 0.0027 0.0030 0.0025
0.0320 0.0823 0.1482 0.2131 0.7969 0.9629 0.9683 0.9998 1.0000 0.9997 0.9837 0.9844 0.9631 0.0203 0.0049 0.0035 0.0017 0.0002 0.0001 0.0002 0.0003 0.0004 0.0004 0.0005 0.0006 0.0006 0.0006 0.0006 0.0006 0.0012 0.0014 0.0015 0.0021 0.0027 0.0025 0.0037 0.0037 0.0041 0.0034 0.0030 0.0021 0.0014 0.0012 0.0010 0.0007 0.0005 0.0006 0.0005 0.0006 0.0005 0.0005 0.0005 0.0005 0.0006 0.0006 0.0008 0.0009 0.0012 0.0010 0.0010 0.0007 0.0007 0.0005 0.0005 0.0007 0.0005 0.0003 0.0004 0.0004 0.0004 0.0003 0.0005 0.0004 0.0004 0.0005 0.0005 0.0005 0.0007 0.0007 0.0009 0.0012 0.0011 0.0009 0.0010 0.0008 0.0005 0.0004 0.0006 0.0004 0.0008 0.0010 0.0010 0.0014 0.0012 0.0012 0.0014 0.0015 0.0015 0.0021 0.0027 0.0022 0.0019 0.0029 0.0037 0.0045 0.0034 0.0036 0.0031 0.0037 0.0041 0.0026 0.0024 0.0030 0.0036 0.0035 0.0034 0.0041 0.0039 0.0021 0.0025 0.0018 0.0016 0.0013 0.0010 0.0010 0.0009 0.0010 0.0010 0.0011 0.0010 0.0011 0.0012 0.0010 0.0009 0.0008 0.0006 0.0006 0.0009 0.0007 0.0005 0.0005 0.0005 0.0004 0.0003 0.0004 0.0004 0.0004 0.0004 0.0005 0.0004 0.0004 0.0005 0.0005 0.0005 0.0004 0.0003 0.0003 0.0004 0.0005 0.0008 0.0011 0.0009 0.0010 0.0011 0.0010 0.0012 0.0010 0.0009 0.0012 0.0015 0.0009 0.0028 0.0019 0.0018 0.0008 0.0010 0.0041 0.0019 0.0035 0.0025 0.0020 0.0023 0.0022
0.0208 0.0659 0.1657 0.0786 0.1475 0.9026 0.9679 0.9807 0.9997 1.0000 0.9997 0.9848 0.9862 0.9703 0.0264 0.0047 0.0027 0.0021 0.0002 0.0001 0.0003 0.0003 0.0004 0.0007 0.0008 0.0006 0.0007 0.0006 0.0007 0.0014 0.0017 0.0018 0.0027 0.0032 0.0031 0.0043 0.0047 0.0044 0.0038 0.0035 0.0022 0.0012 0.0010 0.0009 0.0007 0.0005 0.0009 0.0005 0.0008 0.0004 0.0005 0.0005 0.0005 0.0007 0.0006 0.0009 0.0008 0.0014 0.0008 0.0010 0.0009 0.0005 0.0005 0.0003 0.0005 0.0004 0.0003 0.0004 0.0004 0.0004 0.0003 0.0004 0.0004 0.0003 0.0005 0.0005 0.0005 0.0006 0.0007 0.0009 0.0012 0.0011 0.0010 0.0010 0.0008 0.0005 0.0004 0.0006 0.0005 0.0007 0.0008 0.0010 0.0014 0.0011 0.0012 0.0013 0.0014 0.0012 0.0019 0.0025 0.0019 0.0016 0.0025 0.0027 0.0034 0.0032 0.0031 0.0022 0.0029 0.0032 0.0022 0.0019 0.0028 0.0052 0.0042 0.0030 0.0043 0.0056 0.0023 0.0029 0.0018 0.0017 0.0011 0.0009 0.0010 0.0008 0.0009 0.0011 0.0012 0.0010 0.0011 0.0012 0.0010 0.0010 0.0007 0.0006 0.0004 0.0007 0.0006 0.0004 0.0003 0.0005 0.0005 0.0004 0.0004 0.0005 0.0003 0.0004 0.0006 0.0004 0.0003 0.0005 0.0004 0.0003 0.0003 0.0003 0.0004 0.0005 0.0007 0.0009 0.0015 0.0010 0.0011 0.0011 0.0012 0.0018 0.0014 0.0011 0.0022 0.0041 0.0014 0.0047 0.0021 0.0020 0.0012 0.0014 0.0054 0.0020 0.0029 0.0024 0.0017 0.0020 0.0019
0.0086 0.0148 0.0498 0.0192 0.0148 0.0441 0.9444 0.9778 0.9837 0.9997 1.0000 0.9997 0.9852 0.9838 0.9693 0.0318 0.0039 0.0047 0.0023 0.0001 0.0001 0.0002 0.0003 0.0005 0.0009 0.0006 0.0007 0.0007 0.0007 0.0015 0.0019 0.0025 0.0035 0.0043 0.0039 0.0051 0.0051 0.0050 0.0035 0.0035 0.0019 0.0010 0.0010 0.0009 0.0007 0.0005 0.0007 0.0004 0.0007 0.0004 0.0005 0.0005 0.0005 0.0006 0.0005 0.0006 0.0005 0.0009 0.0006 0.0006 0.0005 0.0004 0.0003 0.0003 0.0004 0.0004 0.0003 0.0003 0.0004 0.0003 0.0003 0.0004 0.0003 0.0003 0.0004 0.0005 0.0004 0.0006 0.0007 0.0010 0.0012 0.0012 0.0010 0.0011 0.0008 0.0005 0.0005 0.0007 0.0005 0.0009 0.0009 0.0010 0.0019 0.0013 0.0013 0.0016 0.0016 0.0014 0.0021 0.0037 0.0025 0.0017 0.0030 0.0030 0.0039 0.0047 0.0047 0.0029 0.0044 0.0069 0.0042 0.0032 0.0058 0.0172 0.0105 0.0060 0.0088 0.0187 0.0070 0.0077 0.0033 0.0029 0.0016 0.0011 0.0013 0.0010 0.0010 0.0015 0.0016 0.0012 0.0013 0.0016 0.0012 0.0015 0.0009 0.0007 0.0005 0.0008 0.0006 0.0004 0.0004 0.0006 0.0005 0.0005 0.0005 0.0005 0.0004 0.0005 0.0005 0.0004 0.0003 0.0004 0.0004 0.0003 0.0003 0.0004 0.0004 0.0005 0.0010 0.0011 0.0016 0.0010 0.0011 0.0012 0.0015 0.0037 0.0017 0.0014 0.0036 0.0096 0.0028 0.0119 0.0036 0.0037 0.0011 0.0011 0.0021 0.0014 0.0021 0.0020 0.0014 0.0016 0.0017
0.0135 0.0193 0.0234 0.0227 0.0186 0.0240 0.1337 0.9532 0.9844 0.9848 0.9997 1.0000 0.9996 0.9848 0.9811 0.9685 0.0228 0.0027 0.0027 0.0019 0.0003 0.0003 0.0003 0.0005 0.0009 0.0007 0.0008 0.0008 0.0009 0.0021 0.0029 0.0037 0.0058 0.0065 0.0058 0.0071 0.0066 0.0055 0.0040 0.0040 0.0024 0.0014 0.0012 0.0010 0.0007 0.0005 0.0007 0.0003 0.0006 0.0003 0.0005 0.0004 0.0004 0.0005 0.0005 0.0005 0.0004 0.0006 0.0005 0.0005 0.0005 0.0003 0.0004 0.0003 0.0006 0.0004 0.0003 0.0005 0.0004 0.0005 0.0003 0.0005 0.0003 0.0003 0.0004 0.0004 0.0004 0.0006 0.0007 0.0011 0.0014 0.0012 0.0010 0.0011 0.0008 0.0004 0.0004 0.0005 0.0004 0.0007 0.0008 0.0010 0.0018 0.0012 0.0013 0.0014 0.0016 0.0014 0.0022 0.0039 0.0030 0.0019 0.0034 0.0034 0.0048 0.0056 0.0062 0.0034 0.0049 0.0074 0.0038 0.0026 0.0055 0.0123 0.0076 0.0045 0.0058 0.0103 0.0046 0.0066 0.0027 0.0022 0.0012 0.0009 0.0010 0.0009 0.0009 0.0012 0.0013 0.0010 0.0010 0.0011 0.0010 0.0012 0.0009 0.0009 0.0005 0.0009 0.0006 0.0004 0.0003 0.0004 0.0004 0.0004 0.0003 0.0004 0.0004 0.0004 0.0006 0.0005 0.0003 0.0004 0.0004 0.0003 0.0004 0.0003 0.0004 0.0005 0.0007 0.0011 0.0014 0.0010 0.0010 0.0011 0.0011 0.0015 0.0012 0.0010 0.0016 0.0025 0.0010 0.0021 0.0011 0.0016 0.0008 0.0007 0.0013 0.0010 0.0015 0.0015 0.0012 0.0013 0.0014
0.0106 0.0184 0.0213 0.0127 0.0245 0.0119 0.0167 0.0219 0.9631 0.9862 0.9852 0.9996 1.0000 0.9996 0.9851 0.9839 0.9721 0.0239 0.0031 0.0041 0.0025 0.0004 0.0003 0.0005 0.0011 0.0008 0.0011 0.0010 0.0012 0.0027 0.0039 0.0047 0.0071 0.0081 0.0072 0.0095 0.0091 0.0082 0.0052 0.0052 0.0029 0.0016 0.0015 0.0011 0.0009 0.0006 0.0008 0.0004 0.0006 0.0004 0.0005 0.0005 0.0005 0.0006 0.0005 0.0004 0.0004 0.0006 0.0004 0.0005 0.0005 0.0005 0.0004 0.0004 0.0007 0.0004 0.0003 0.0004 0.0004 0.0004 0.0003 0.0004 0.0003 0.0003 0.0004 0.0005 0.0005 0.0006 0.0008 0.0010 0.0014 0.0012 0.0010 0.0010 0.0008 0.0005 0.0005 0.0005 0.0005 0.0006 0.0010 0.0010 0.0013 0.0011 0.0011 0.0012 0.0012 0.0012 0.0019 0.0027 0.0020 0.0015 0.0025 0.0025 0.0032 0.0029 0.0033 0.0023 0.0034 0.0041 0.0022 0.0019 0.0031 0.0056 0.0047 0.0033 0.0033 0.0050 0.0021 0.0032 0.0015 0.0015 0.0010 0.0008 0.0009 0.0008 0.0008 0.0010 0.0010 0.0008 0.0010 0.0010 0.0007 0.0009 0.0007 0.0007 0.0005 0.0008 0.0005 0.0004 0.0003 0.0003 0.0003 0.0003 0.0003 0.0003 0.0003 0.0004 0.0007 0.0004 0.0003 0.0004 0.0004 0.0003 0.0004 0.0003 0.0005 0.0005 0.0007 0.0010 0.0014 0.0011 0.0012 0.0014 0.0012 0.0015 0.0011 0.0011 0.0022 0.0027 0.0012 0.0014 0.0009 0.0011 0.0008 0.0007 0.0013 0.0010 0.0014 0.0013 0.0012 0.0011 0.0012
0.0088 0.0092 0.0122 0.0032 0.0019 0.0059 0.0059 0.0050 0.0203 0.9703 0.9838 0.9848 0.9996 1.0000 0.9996 0.9846 0.9836 0.9619 0.0210 0.0039 0.0059 0.0027 0.0005 0.0008 0.0015 0.0011 0.0013 0.0014 0.0014 0.0037 0.0046 0.0052 0.0085 0.0092 0.0083 0.0093 0.0092 0.0076 0.0045 0.0051 0.0023 0.0014 0.0012 0.0011 0.0010 0.0007 0.0010 0.0005 0.0007 0.0004 0.0005 0.0006 0.0005 0.0008 0.0005 0.0006 0.0005 0.0007 0.0005 0.0005 0.0005 0.0004 0.0004 0.0003 0.0005 0.0003 0.0003 0.0003 0.0004 0.0004 0.0003 0.0003 0.0003 0.0003 0.0004 0.0004 0.0005 0.0007 0.0007 0.0010 0.0013 0.0013 0.0010 0.0011 0.0009 0.0005 0.0005 0.0005 0.0005 0.0008 0.0011 0.0011 0.0014 0.0010 0.0010 0.0011 0.0014 0.0013 0.0019 0.0030 0.0019 0.0016 0.0027 0.0027 0.0031 0.0030 0.0033 0.0026 0.0052 0.0084 0.0037 0.0027 0.0047 0.0108 0.0076 0.0043 0.0055 0.0101 0.0030 0.0039 0.0018 0.0021 0.0012 0.0009 0.0010 0.0010 0.0009 0.0012 0.0012 0.0011 0.0017 0.0016 0.0014 0.0011 0.0008 0.0007 0.0004 0.0006 0.0004 0.0003 0.0003 0.0004 0.0004 0.0003 0.0003 0.0003 0.0003 0.0005 0.0007 0.0004 0.0003 0.0003 0.0003 0.0003 0.0003 0.0003 0.0004 0.0005 0.0008 0.0010 0.0018 0.0012 0.0018 0.0024 0.0030 0.0045 0.0020 0.0018 0.0059 0.0102 0.0027 0.0047 0.0016 0.0016 0.0009 0.0008 0.0012 0.0010 0.0012 0.0012 0.0010 0.0011 0.0012
0.0050 0.0054 0.0044 0.0016 0.0008 0.0007 0.0040 0.0037 0.0049 0.0264 0.9693 0.9811 0.9851 0.9996 1.0000 0.9995 0.9858 0.9857 0.9501 0.0288 0.0070 0.0063 0.0024 0.0012 0.0018 0.0011 0.0014 0.0015 0.0019 0.0051 0.0059 0.0070 0.0096 0.0102 0.0099 0.0107 0.0094 0.0071 0.0046 0.0049 0.0022 0.0012 0.0013 0.0011 0.0009 0.0006 0.0008 0.0004 0.0006 0.0004 0.0005 0.0005 0.0004 0.0005 0.0004 0.0004 0.0003 0.0005 0.0004 0.0004 0.0004 0.0003 0.0003 0.0003 0.0005 0.0003 0.0003 0.0004 0.0005 0.0004 0.0003 0.0004 0.0003 0.0003 0.0004 0.0004 0.0005 0.0006 0.0007 0.0010 0.0014 0.0015 0.0012 0.0014 0.0010 0.0007 0.0006 0.0006 0.0005 0.0008 0.0010 0.0009 0.0012 0.0008 0.0010 0.0015 0.0019 0.0015 0.0022 0.0039 0.0023 0.0019 0.0039 0.0035 0.0041 0.0039 0.0047 0.0040 0.0085 0.0155 0.0064 0.0037 0.0066 0.0125 0.0099 0.0062 0.0075 0.0108 0.0039 0.0044 0.0022 0.0023 0.0015 0.0011 0.0011 0.0010 0.0011 0.0014 0.0015 0.0014 0.0017 0.0022 0.0014 0.0014 0.0007 0.0007 0.0004 0.0007 0.0005 0.0004 0.0003 0.0004 0.0004 0.0004 0.0003 0.0003 0.0003 0.0004 0.0007 0.0005 0.0003 0.0004 0.0004 0.0003 0.0003 0.0003 0.0004 0.0005 0.0008 0.0011 0.0016 0.0012 0.0014 0.0016 0.0017 0.0022 0.0014 0.0014 0.0038 0.0069 0.0020 0.0038 0.0014 0.0014 0.0005 0.0005 0.0008 0.0008 0.0010 0.0009 0.0008 0.0009 0.0012
0.0058 0.0067 0.0050 0.0023 0.0009 0.0003 0.0004 0.0021 0.0035 0.0047 0.0318 0.9685 0.9839 0.9846 0.9995 1.0000 0.9996 0.9848 0.9848 0.9493 0.0403 0.0077 0.0055 0.0060 0.0052 0.0014 0.0017 0.0022 0.0035 0.0099 0.0113 0.0114 0.0157 0.0150 0.0148 0.0171 0.0154 0.0115 0.0081 0.0074 0.0027 0.0015 0.0015 0.0013 0.0009 0.0005 0.0007 0.0003 0.0005 0.0004 0.0005 0.0005 0.0005 0.0006 0.0005 0.0004 0.0003 0.0005 0.0004 0.0004 0.0004 0.0003 0.0003 0.0003 0.0008 0.0004 0.0003 0.0003 0.0004 0.0004 0.0003 0.0003 0.0003 0.0003 0.0004 0.0004 0.0005 0.0006 0.0008 0.0011 0.0015 0.0016 0.0015 0.0019 0.0016 0.0010 0.0008 0.0006 0.0005 0.0009 0.0010 0.0010 0.0012 0.0009 0.0010 0.0014 0.0016 0.0014 0.0022 0.0032 0.0022 0.0017 0.0033 0.0033 0.0039 0.0036 0.0040 0.0034 0.0058 0.0082 0.0038 0.0025 0.0036 0.0047 0.0041 0.0032 0.0037 0.0036 0.0018 0.0023 0.0013 0.0013 0.0010 0.0008 0.0008 0.0009 0.0009 0.0011 0.0012 0.0011 0.0013 0.0015 0.0011 0.0017 0.0008 0.0006 0.0004 0.0006 0.0004 0.0003 0.0003 0.0004 0.0003 0.0004 0.0004 0.0004 0.0003 0.0004 0.0009 0.0005 0.0004 0.0004 0.0004 0.0004 0.0004 0.0003 0.0005 0.0006 0.0010 0.0013 0.0021 0.0013 0.0014 0.0014 0.0014 0.0016 0.0012 0.0012 0.0021 0.0021 0.0012 0.0013 0.0007 0.0008 0.0005 0.0005 0.0007 0.0007 0.0008 0.0008 0.0007 0.0008 0.0011
0.0050 0.0054 0.0038 0.0017 0.0009 0.0003 0.0003 0.0002 0.0017 0.0027 0.0039 0.0228 0.9721 0.9836 0.9858 0.9996 1.0000 0.9995 0.9864 0.9877 0.9620 0.0519 0.0088 0.0132 0.0186 0.0036 0.0030 0.0029 0.0049 0.0159 0.0150 0.0150 0.0230 0.0199 0.0186 0.0192 0.0154 0.0101 0.0059 0.0057 0.0025 0.0013 0.0014 0.0011 0.0011 0.0005 0.0009 0.0004 0.0007 0.0004 0.0005 0.0006 0.0006 0.0009 0.0008 0.0008 0.0005 0.0007 0.0005 0.0004 0.0005 0.0003 0.0004 0.0003 0.0006 0.0004 0.0003 0.0003 0.0003 0.0003 0.0003 0.0003 0.0003 0.0003 0.0004 0.0004 0.0005 0.0007 0.0008 0.0012 0.0016 0.0019 0.0017 0.0025 0.0022 0.0012 0.0011 0.0007 0.0007 0.0009 0.0010 0.0014 0.0016 0.0011 0.0012 0.0013 0.0015 0.0014 0.0020 0.0029 0.0021 0.0015 0.0029 0.0030 0.0033 0.0033 0.0033 0.0026 0.0038 0.0045 0.0025 0.0022 0.0031 0.0040 0.0033 0.0025 0.0034 0.0036 0.0019 0.0030 0.0015 0.0015 0.0010 0.0009 0.0009 0.0010 0.0011 0.0013 0.0014 0.0014 0.0015 0.0013 0.0009 0.0010 0.0005 0.0007 0.0003 0.0007 0.0004 0.0004 0.0004 0.0003 0.0004 0.0004 0.0004 0.0003 0.0003 0.0004 0.0008 0.0005 0.0003 0.0004 0.0004 0.0003 0.0004 0.0003 0.0006 0.0007 0.0014 0.0017 0.0032 0.0019 0.0019 0.0022 0.0025 0.0038 0.0023 0.0016 0.0033 0.0031 0.0019 0.0011 0.0007 0.0007 0.0005 0.0004 0.0007 0.0006 0.0008 0.0008 0.0007 0.0008 0.0011
0.0036 0.0033 0.0022 0.0012 0.0008 0.0004 0.0003 0.0002 0.0002 0.0021 0.0047 0.0027 0.0239 0.9619 0.9857 0.9848 0.9995 1.0000 0.9996 0.9818 0.9814 0.9396 0.0615 0.0214 0.0181 0.0093 0.0047 0.0033 0.0048 0.0135 0.0131 0.0125 0.0199 0.0147 0.0128 0.0120 0.0085 0.0061 0.0034 0.0036 0.0018 0.0012 0.0012 0.0011 0.0010 0.0007 0.0008 0.0004 0.0007 0.0005 0.0005 0.0007 0.0008 0.0010 0.0010 0.0010 0.0008 0.0009 0.0008 0.0005 0.0004 0.0003 0.0003 0.0003 0.0005 0.0003 0.0003 0.0003 0.0003 0.0003 0.0003 0.0003 0.0003 0.0003 0.0004 0.0004 0.0006 0.0007 0.0008 0.0012 0.0017 0.0019 0.0017 0.0022 0.0018 0.0010 0.0007 0.0007 0.0006 0.0010 0.0012 0.0015 0.0023 0.0014 0.0013 0.0014 0.0016 0.0016 0.0025 0.0041 0.0028 0.0018 0.0032 0.0033 0.0043 0.0047 0.0049 0.0035 0.0044 0.0059 0.0034 0.0032 0.0050 0.0070 0.0060 0.0042 0.0052 0.0056 0.0026 0.0039 0.0021 0.0021 0.0013 0.0011 0.0011 0.0013 0.0014 0.0017 0.0019 0.0018 0.0020 0.0016 0.0012 0.0011 0.0007 0.0008 0.0004 0.0008 0.0005 0.0004 0.0005 0.0004 0.0003 0.0003 0.0004 0.0004 0.0004 0.0004 0.0007 0.0005 0.0004 0.0004 0.0005 0.0003 0.0004 0.0003 0.0005 0.0007 0.0012 0.0016 0.0037 0.0022 0.0025 0.0030 0.0034 0.0055 0.0035 0.0033 0.0081 0.0090 0.0030 0.0024 0.0011 0.0008 0.0005 0.0005 0.0007 0.0007 0.0008 0.0008 0.0007 0.0008 0.0012
0.0030 0.0025 0.0016 0.0010 0.0007 0.0004 0.0003 0.0002 0.0001 0.0002 0.0023 0.0027 0.0031 0.0210 0.9501 0.9848 0.9864 0.9996 1.0000 0.9995 0.9815 0.9812 0.9367 0.1207 0.0342 0.0182 0.0160 0.0078 0.0105 0.0311 0.0263 0.0214 0.0256 0.0208 0.0168 0.0180 0.0116 0.0074 0.0041 0.0042 0.0019 0.0012 0.0012 0.0010 0.0009 0.0005 0.0007 0.0003 0.0005 0.0004 0.0004 0.0006 0.0005 0.0008 0.0008 0.0007 0.0007 0.0007 0.0007 0.0006 0.0004 0.0004 0.0003 0.0003 0.0005 0.0004 0.0003 0.0003 0.0004 0.0003 0.0003 0.0003 0.0003 0.0004 0.0004 0.0005 0.0006 0.0008 0.0009 0.0014 0.0020 0.0021 0.0018 0.0020 0.0016 0.0010 0.0007 0.0008 0.0006 0.0010 0.0012 0.0017 0.0025 0.0017 0.0015 0.0016 0.0018 0.0017 0.0029 0.0052 0.0037 0.0023 0.0037 0.0038 0.0047 0.0052 0.0054 0.0038 0.0049 0.0058 0.0038 0.0032 0.0049 0.0053 0.0050 0.0036 0.0038 0.0036 0.0021 0.0033 0.0019 0.0021 0.0014 0.0012 0.0014 0.0015 0.0017 0.0021 0.0024 0.0025 0.0025 0.0021 0.0011 0.0014 0.0007 0.0007 0.0004 0.0008 0.0007 0.0004 0.0005 0.0004 0.0004 0.0004 0.0005 0.0007 0.0006 0.0006 0.0009 0.0006 0.0005 0.0005 0.0005 0.0004 0.0004 0.0003 0.0005 0.0006 0.0011 0.0016 0.0031 0.0016 0.0022 0.0022 0.0023 0.0022 0.0022 0.0018 0.0032 0.0033 0.0016 0.0012 0.0008 0.0007 0.0005 0.0005 0.0007 0.0006 0.0008 0.0008 0.0007 0.0009 0.0011
0.0027 0.0027 0.0017 0.0010 0.0006 0.0004 0.0004 0.0003 0.0002 0.0001 0.0001 0.0019 0.0041 0.0039 0.0288 0.9493 0.9877 0.9818 0.9995 1.0000 0.9995 0.9663 0.9534 0.9315 0.1506 0.0274 0.0291 0.0188 0.0221 0.0528 0.0505 0.0344 0.0457 0.0359 0.0290 0.0275 0.0183 0.0117 0.0054 0.0063 0.0025 0.0014 0.0015 0.0012 0.0010 0.0005 0.0008 0.0004 0.0005 0.0004 0.0006 0.0007 0.0007 0.0008 0.0008 0.0007 0.0008 0.0008 0.0008 0.0008 0.0007 0.0005 0.0005 0.0005 0.0007 0.0005 0.0003 0.0003 0.0004 0.0004 0.0003 0.0003 0.0004 0.0004 0.0005 0.0004 0.0007 0.0008 0.0010 0.0015 0.0024 0.0027 0.0023 0.0027 0.0020 0.0011 0.0009 0.0009 0.0008 0.0012 0.0014 0.0022 0.0032 0.0019 0.0018 0.0019 0.0019 0.0016 0.0024 0.0033 0.0027 0.0020 0.0031 0.0032 0.0039 0.0038 0.0036 0.0029 0.0044 0.0054 0.0032 0.0023 0.0034 0.0047 0.0040 0.0028 0.0030 0.0031 0.0018 0.0036 0.0020 0.0021 0.0016 0.0014 0.0017 0.0020 0.0025 0.0030 0.0039 0.0038 0.0037 0.0025 0.0013 0.0017 0.0007 0.0007 0.0004 0.0007 0.0005 0.0004 0.0004 0.0004 0.0004 0.0005 0.0006 0.0009 0.0010 0.0008 0.0011 0.0006 0.0004 0.0005 0.0005 0.0004 0.0004 0.0004 0.0008 0.0009 0.0024 0.0026 0.0059 0.0024 0.0028 0.0025 0.0024 0.0030 0.0031 0.0019 0.0025 0.0021 0.0020 0.0009 0.0009 0.0009 0.0007 0.0005 0.0009 0.0007 0.0008 0.0009 0.0008 0.0009 0.0012
0.0024 0.0022 0.0015 0.0010 0.0006 0.0004 0.0005 0.0004 0.0003 0.0003 0.0001 0.0003 0.0025 0.0059 0.0070 0.0403 0.9620 0.9814 0.9815 0.9995 1.0000 0.9995 0.9639 0.9601 0.9064 0.1236 0.0497 0.0249 0.0250 0.0528 0.0458 0.0288 0.0404 0.0277 0.0200 0.0179 0.0110 0.0069 0.0036 0.0044 0.0020 0.0012 0.0014 0.0012 0.0012 0.0006 0.0010 0.0006 0.0012 0.0008 0.0010 0.0012 0.0009 0.0011 0.0011 0.0009 0.0014 0.0011 0.0012 0.0012 0.0010 0.0008 0.0007 0.0006 0.0007 0.0006 0.0003 0.0003 0.0004 0.0004 0.0004 0.0004 0.0004 0.0004 0.0006 0.0007 0.0008 0.0009 0.0011 0.0016 0.0026 0.0032 0.0028 0.0033 0.0026 0.0010 0.0010 0.0008 0.0009 0.0010 0.0013 0.0016 0.0026 0.0016 0.0019 0.0022 0.0024 0.0019 0.0027 0.0036 0.0027 0.0022 0.0035 0.0037 0.0041 0.0039 0.0037 0.0028 0.0044 0.0054 0.0030 0.0023 0.0033 0.0043 0.0041 0.0028 0.0030 0.0030 0.0016 0.0028 0.0018 0.0022 0.0016 0.0015 0.0018 0.0019 0.0019 0.0022 0.0027 0.0032 0.0032 0.0022 0.0011 0.0013 0.0007 0.0007 0.0004 0.0008 0.0007 0.0003 0.0005 0.0004 0.0005 0.0005 0.0005 0.0007 0.0007 0.0007 0.0010 0.0006 0.0004 0.0005 0.0005 0.0003 0.0005 0.0006 0.0014 0.0011 0.0049 0.0028 0.0095 0.0038 0.0036 0.0036 0.0034 0.0048 0.0049 0.0023 0.0046 0.0029 0.0023 0.0011 0.0010 0.0009 0.0007 0.0005 0.0008 0.0007 0.0008 0.0011 0.0008 0.0009 0.0012
0.0019 0.0017 0.0011 0.0008 0.0005 0.0004 0.0004 0.0005 0.0004 0.0003 0.0002 0.0003 0.0004 0.0027 0.0063 0.0077 0.0519 0.9396 0.9812 0.9663 0.9995 1.0000 0.9997 0.9524 0.9281 0.8183 0.1537 0.0562 0.0384 0.0584 0.0364 0.0204 0.0229 0.0173 0.0116 0.0110 0.0072 0.0054 0.0032 0.0036 0.0021 0.0014 0.0014 0.0014 0.0011 0.0007 0.0012 0.0009 0.0012 0.0009 0.0010 0.0013 0.0010 0.0010 0.0015 0.0009 0.0017 0.0012 0.0013 0.0011 0.0008 0.0007 0.0006 0.0005 0.0007 0.0006 0.0004 0.0004 0.0004 0.0005 0.0003 0.0004 0.0004 0.0007 0.0007 0.0008 0.0008 0.0010 0.0012 0.0017 0.0026 0.0029 0.0025 0.0022 0.0017 0.0009 0.0006 0.0007 0.0006 0.0011 0.0012 0.0016 0.0024 0.0019 0.0025 0.0033 0.0038 0.0026 0.0036 0.0044 0.0034 0.0030 0.0054 0.0050 0.0054 0.0050 0.0047 0.0037 0.0052 0.0060 0.0037 0.0033 0.0045 0.0044 0.0041 0.0034 0.0036 0.0034 0.0022 0.0030 0.0022 0.0027 0.0022 0.0019 0.0020 0.0021 0.0022 0.0022 0.0028 0.0033 0.0035 0.0023 0.0013 0.0012 0.0008 0.0008 0.0005 0.0010 0.0007 0.0004 0.0007 0.0005 0.0006 0.0005 0.0006 0.0005 0.0005 0.0007 0.0011 0.0009 0.0005 0.0005 0.0004 0.0003 0.0003 0.0005 0.0005 0.0007 0.0015 0.0022 0.0056 0.0027 0.0033 0.0034 0.0032 0.0035 0.0037 0.0028 0.0041 0.0032 0.0016 0.0010 0.0008 0.0007 0.0004 0.0004 0.0005 0.0007 0.0008 0.0011 0.0009 0.0010 0.0012
0.0016 0.0015 0.0010 0.0007 0.0006 0.0004 0.0005 0.0004 0.0004 0.0004 0.0003 0.0003 0.0003 0.0005 0.0024 0.0055 0.0088 0.0615 0.9367 0.9534 0.9639 0.9997 1.0000 0.9998 0.9475 0.9307 0.7477 0.1689 0.1197 0.1274 0.0688 0.0394 0.0323 0.0233 0.0139 0.0143 0.0102 0.0074 0.0047 0.0045 0.0025 0.0017 0.0017 0.0014 0.0012 0.0008 0.0010 0.0008 0.0009 0.0009 0.0009 0.0016 0.0010 0.0011 0.0016 0.0008 0.0016 0.0011 0.0014 0.0012 0.0008 0.0007 0.0005 0.0005 0.0007 0.0007 0.0004 0.0004 0.0004 0.0005 0.0004 0.0005 0.0005 0.0008 0.0009 0.0009 0.0011 0.0013 0.0015 0.0020 0.0031 0.0033 0.0028 0.0030 0.0027 0.0012 0.0008 0.0007 0.0007 0.0011 0.0017 0.0026 0.0036 0.0033 0.0033 0.0038 0.0040 0.0036 0.0042 0.0044 0.0043 0.0039 0.0061 0.0059 0.0059 0.0053 0.0050 0.0040 0.0054 0.0052 0.0038 0.0031 0.0038 0.0038 0.0037 0.0038 0.0037 0.0035 0.0026 0.0035 0.0027 0.0031 0.0026 0.0022 0.0023 0.0023 0.0026 0.0029 0.0035 0.0039 0.0044 0.0027 0.0014 0.0012 0.0009 0.0007 0.0006 0.0010 0.0008 0.0005 0.0005 0.0005 0.0005 0.0005 0.0006 0.0005 0.0008 0.0010 0.0022 0.0018 0.0007 0.0007 0.0005 0.0003 0.0003 0.0003 0.0005 0.0007 0.0020 0.0025 0.0063 0.0026 0.0030 0.0033 0.0026 0.0018 0.0025 0.0018 0.0017 0.0014 0.0014 0.0008 0.0007 0.0007 0.0003 0.0005 0.0005 0.0007 0.0008 0.0011 0.0010 0.0010 0.0012
0.0018 0.0016 0.0011 0.0008 0.0008 0.0007 0.0007 0.0005 0.0005 0.0007 0.0005 0.0005 0.0005 0.0008 0.0012 0.0060 0.0132 0.0214 0.1207 0.9315 0.9601 0.9524 0.9998 1.0000 0.9998 0.9238 0.8309 0.4780 0.1533 0.1814 0.0994 0.0567 0.0397 0.0272 0.0169 0.0149 0.0100 0.0084 0.0047 0.0058 0.0027 0.0019 0.0019 0.0017 0.0017 0.0010 0.0014 0.0010 0.0014 0.0014 0.0012 0.0025 0.0015 0.0016 0.0030 0.0014 0.0026 0.0016 0.0019 0.0017 0.0013 0.0011 0.0007 0.0007 0.0008 0.0008 0.0005 0.0005 0.0005 0.0007 0.0005 0.0008 0.0008 0.0011 0.0012 0.0012 0.0015 0.0017 0.0019 0.0028 0.0041 0.0043 0.0040 0.0048 0.0050 0.0014 0.0010 0.0007 0.0007 0.0010 0.0015 0.0026 0.0033 0.0027 0.0027 0.0030 0.0033 0.0032 0.0041 0.0043 0.0041 0.0037 0.0053 0.0054 0.0055 0.0051 0.0048 0.0041 0.0055 0.0053 0.0034 0.0029 0.0037 0.0041 0.0038 0.0037 0.0040 0.0034 0.0026 0.0037 0.0030 0.0036 0.0029 0.0023 0.0023 0.0022 0.0024 0.0026 0.0030 0.0032 0.0028 0.0022 0.0013 0.0012 0.0009 0.0008 0.0007 0.0011 0.0009 0.0006 0.0007 0.0006 0.0008 0.0007 0.0008 0.0007 0.0011 0.0010 0.0022 0.0016 0.0008 0.0008 0.0006 0.0004 0.0005 0.0003 0.0007 0.0008 0.0025 0.0030 0.0066 0.0031 0.0034 0.0039 0.0030 0.0026 0.0030 0.0020 0.0018 0.0014 0.0014 0.0009 0.0008 0.0008 0.0004 0.0005 0.0007 0.0008 0.0010 0.0013 0.0010 0.0011 0.0012
0.0016 0.0013 0.0010 0.0008 0.0007 0.0007 0.0008 0.0007 0.0006 0.0008 0.0009 0.0009 0.0011 0.0015 0.0018 0.0052 0.0186 0.0181 0.0342 0.1506 0.9064 0.9281 0.9475 0.9998 1.0000 0.9997 0.9028 0.6671 0.3178 0.1228 0.0643 0.0293 0.0239 0.0169 0.0104 0.0105 0.0066 0.0060 0.0038 0.0046 0.0027 0.0018 0.0021 0.0022 0.0025 0.0016 0.0036 0.0022 0.0045 0.0039 0.0027 0.0064 0.0029 0.0031 0.0068 0.0036 0.0058 0.0033 0.0036 0.0030 0.0022 0.0015 0.0010 0.0008 0.0010 0.0009 0.0005 0.0005 0.0008 0.0007 0.0008 0.0010 0.0011 0.0015 0.0015 0.0016 0.0019 0.0022 0.0022 0.0034 0.0052 0.0057 0.0047 0.0048 0.0041 0.0012 0.0010 0.0007 0.0007 0.0008 0.0013 0.0021 0.0033 0.0025 0.0025 0.0027 0.0030 0.0030 0.0041 0.0047 0.0044 0.0039 0.0055 0.0060 0.0059 0.0056 0.0054 0.0044 0.0055 0.0052 0.0034 0.0030 0.0036 0.0038 0.0036 0.0038 0.0040 0.0034 0.0028 0.0040 0.0034 0.0041 0.0033 0.0027 0.0026 0.0026 0.0026 0.0027 0.0027 0.0025 0.0022 0.0017 0.0012 0.0012 0.0011 0.0011 0.0008 0.0013 0.0012 0.0008 0.0009 0.0008 0.0010 0.0012 0.0013 0.0012 0.0017 0.0012 0.0022 0.0014 0.0009 0.0010 0.0008 0.0004 0.0006 0.0004 0.0008 0.0008 0.0024 0.0030 0.0070 0.0036 0.0045 0.0048 0.0040 0.0031 0.0032 0.0023 0.0022 0.0016 0.0012 0.0008 0.0008 0.0008 0.0005 0.0006 0.0008 0.0009 0.0012 0.0015 0.0012 0.0012 0.0013
0.0014 0.0012 0.0008 0.0006 0.0006 0.0006 0.0007 0.0007 0.0006 0.0006 0.0006 0.0007 0.0008 0.0011 0.0011 0.0014 0.0036 0.0093 0.0182 0.0274 0.1236 0.8183 0.9307 0.9238 0.9997 1.0000 0.9997 0.8815 0.6299 0.3105 0.0646 0.0327 0.0203 0.0144 0.0092 0.0079 0.0052 0.0045 0.0033 0.0038 0.0027 0.0020 0.0020 0.0021 0.0017 0.0014 0.0019 0.0026 0.0028 0.0042 0.0030 0.0071 0.0038 0.0033 0.0073 0.0032 0.0062 0.0033 0.0033 0.0025 0.0012 0.0013 0.0007 0.0008 0.0008 0.0007 0.0005 0.0005 0.0005 0.0007 0.0005 0.0010 0.0008 0.0014 0.0012 0.0019 0.0019 0.0020 0.0022 0.0029 0.0046 0.0045 0.0034 0.0027 0.0016 0.0009 0.0005 0.0006 0.0005 0.0008 0.0012 0.0019 0.0027 0.0031 0.0028 0.0027 0.0030 0.0033 0.0042 0.0042 0.0044 0.0044 0.0049 0.0054 0.0053 0.0050 0.0051 0.0042 0.0046 0.0037 0.0029 0.0027 0.0033 0.0029 0.0028 0.0033 0.0032 0.0023 0.0025 0.0032 0.0033 0.0036 0.0031 0.0026 0.0025 0.0025 0.0024 0.0025 0.0021 0.0021 0.0018 0.0013 0.0011 0.0010 0.0011 0.0009 0.0010 0.0016 0.0014 0.0008 0.0010 0.0007 0.0011 0.0010 0.0025 0.0017 0.0030 0.0014 0.0022 0.0015 0.0008 0.0009 0.0007 0.0004 0.0003 0.0003 0.0003 0.0004 0.0007 0.0019 0.0041 0.0031 0.0041 0.0050 0.0035 0.0020 0.0020 0.0018 0.0014 0.0011 0.0007 0.0007 0.0006 0.0007 0.0004 0.0007 0.0007 0.0010 0.0012 0.0015 0.0013 0.0013 0.0014
0.0014 0.0012 0.0008 0.0006 0.0005 0.0005 0.0007 0.0007 0.0006 0.0007 0.0007 0.0008 0.0011 0.0013 0.0014 0.0017 0.0030 0.0047 0.0160 0.0291 0.0497 0.1537 0.7477 0.8309 0.9028 0.9997 1.0000 0.9995 0.9101 0.6172 0.2930 0.0619 0.0402 0.0220 0.0150 0.0124 0.0071 0.0062 0.0043 0.0057 0.0033 0.0023 0.0023 0.0024 0.0020 0.0019 0.0026 0.0037 0.0043 0.0069 0.0055 0.0116 0.0068 0.0055 0.0118 0.0060 0.0100 0.0055 0.0049 0.0033 0.0018 0.0018 0.0009 0.0009 0.0010 0.0008 0.0005 0.0007 0.0008 0.0009 0.0009 0.0014 0.0011 0.0018 0.0016 0.0025 0.0024 0.0023 0.0025 0.0036 0.0054 0.0055 0.0041 0.0038 0.0020 0.0010 0.0006 0.0005 0.0005 0.0008 0.0014 0.0022 0.0030 0.0035 0.0034 0.0029 0.0032 0.0033 0.0038 0.0041 0.0044 0.0041 0.0049 0.0050 0.0049 0.0048 0.0047 0.0038 0.0043 0.0037 0.0029 0.0027 0.0038 0.0037 0.0034 0.0039 0.0042 0.0025 0.0030 0.0036 0.0038 0.0038 0.0032 0.0025 0.0025 0.0022 0.0021 0.0021 0.0020 0.0019 0.0018 0.0014 0.0011 0.0010 0.0011 0.0010 0.0011 0.0019 0.0018 0.0011 0.0009 0.0008 0.0018 0.0019 0.0043 0.0026 0.0050 0.0021 0.0028 0.0016 0.0010 0.0010 0.0008 0.0004 0.0004 0.0003 0.0003 0.0004 0.0008 0.0019 0.0030 0.0031 0.0040 0.0041 0.0031 0.0022 0.0020 0.0015 0.0013 0.0011 0.0008 0.0007 0.0007 0.0008 0.0005 0.0008 0.0007 0.0010 0.0014 0.0016 0.0014 0.0014 0.0014
0.0012 0.0010 0.0007 0.0006 0.0005 0.0005 0.0006 0.0006 0.0006 0.0006 0.0007 0.0008 0.0010 0.0014 0.0015 0.0022 0.0029 0.0033 0.0078 0.0188 0.0249 0.0562 0.1689 0.4780 0.6671 0.8815 0.9995 1.0000 0.9995 0.8845 0.4308 0.1552 0.0376 0.0223 0.0151 0.0128 0.0075 0.0062 0.0047 0.0059 0.0038 0.0036 0.0027 0.0050 0.0016 0.0019 0.0019 0.0032 0.0031 0.0082 0.0055 0.0151 0.0078 0.0051 0.0108 0.0044 0.0101 0.0050 0.0056 0.0033 0.0013 0.0016 0.0007 0.0008 0.0009 0.0007 0.0005 0.0007 0.0006 0.0010 0.0007 0.0015 0.0009 0.0019 0.0014 0.0023 0.0023 0.0022 0.0026 0.0030 0.0043 0.0042 0.0034 0.0027 0.0014 0.0010 0.0005 0.0005 0.0005 0.0008 0.0010 0.0018 0.0022 0.0029 0.0033 0.0028 0.0030 0.0030 0.0034 0.0032 0.0037 0.0038 0.0043 0.0047 0.0047 0.0043 0.0038 0.0034 0.0035 0.0029 0.0025 0.0027 0.0037 0.0032 0.0030 0.0043 0.0050 0.0024 0.0032 0.0033 0.0037 0.0036 0.0031 0.0026 0.0025 0.0021 0.0018 0.0018 0.0018 0.0018 0.0016 0.0011 0.0009 0.0008 0.0010 0.0008 0.0012 0.0019 0.0018 0.0011 0.0012 0.0009 0.0021 0.0018 0.0053 0.0022 0.0047 0.0017 0.0025 0.0014 0.0009 0.0009 0.0007 0.0004 0.0003 0.0003 0.0003 0.0003 0.0007 0.0016 0.0022 0.0025 0.0033 0.0033 0.0024 0.0015 0.0012 0.0012 0.0010 0.0008 0.0005 0.0005 0.0005 0.0006 0.0004 0.0007 0.0007 0.0009 0.0011 0.0014 0.0014 0.0014 0.0014
0.0011 0.0009 0.0007 0.0007 0.0005 0.0005 0.0006 0.0007 0.0006 0.0007 0.0007 0.0009 0.0012 0.0014 0.0019 0.0035 0.0049 0.0048 0.0105 0.0221 0.0250 0.0384 0.1197 0.1533 0.3178 0.6299 0.9101 0.9995 1.0000 0.9995 0.8099 0.2852 0.1089 0.0408 0.0258 0.0166 0.0113 0.0104 0.0090 0.0080 0.0052 0.0264 0.0068 0.0271 0.0021 0.0023 0.0024 0.0034 0.0030 0.0065 0.0056 0.0166 0.0078 0.0049 0.0082 0.0032 0.0087 0.0045 0.0058 0.0032 0.0011 0.0015 0.0007 0.0008 0.0008 0.0007 0.0005 0.0007 0.0005 0.0010 0.0007 0.0015 0.0009 0.0025 0.0015 0.0030 0.0023 0.0023 0.0025 0.0028 0.0035 0.0037 0.0030 0.0027 0.0015 0.0010 0.0005 0.0005 0.0005 0.0008 0.0010 0.0017 0.0021 0.0027 0.0032 0.0028 0.0029 0.0030 0.0035 0.0033 0.0036 0.0038 0.0046 0.0047 0.0048 0.0042 0.0040 0.0036 0.0038 0.0030 0.0028 0.0030 0.0041 0.0033 0.0031 0.0056 0.0071 0.0028 0.0040 0.0039 0.0043 0.0039 0.0032 0.0029 0.0026 0.0022 0.0019 0.0016 0.0018 0.0017 0.0017 0.0011 0.0010 0.0009 0.0011 0.0010 0.0013 0.0022 0.0022 0.0016 0.0018 0.0013 0.0035 0.0025 0.0068 0.0030 0.0067 0.0020 0.0025 0.0016 0.0010 0.0008 0.0007 0.0004 0.0003 0.0003 0.0003 0.0004 0.0007 0.0015 0.0023 0.0027 0.0033 0.0033 0.0025 0.0015 0.0012 0.0012 0.0010 0.0008 0.0005 0.0006 0.0005 0.0006 0.0004 0.0007 0.0006 0.0010 0.0011 0.0015 0.0016 0.0014 0.0013
0.0012 0.0011 0.0010 0.0008 0.0008 0.0008 0.0010 0.0011 0.0012 0.0014 0.0015 0.0021 0.0027 0.0037 0.0051 0.0099 0.0159 0.0135 0.0311 0.0528 0.0528 0.0584 0.1274 0.1814 0.1228 0.3105 0.6172 0.8845 0.9995 1.0000 0.9996 0.8448 0.2706 0.1493 0.0586 0.0333 0.0204 0.0228 0.0112 0.0179 0.0089 0.0062 0.0074 0.0084 0.0038 0.0047 0.0060 0.0089 0.0093 0.0205 0.0183 0.0348 0.0135 0.0095 0.0151 0.0079 0.0153 0.0093 0.0125 0.0081 0.0033 0.0038 0.0013 0.0011 0.0011 0.0010 0.0007 0.0012 0.0013 0.0024 0.0014 0.0041 0.0024 0.0080 0.0032 0.0061 0.0032 0.0031 0.0029 0.0038 0.0044 0.0044 0.0037 0.0043 0.0028 0.0020 0.0011 0.0012 0.0011 0.0015 0.0019 0.0027 0.0033 0.0034 0.0041 0.0037 0.0036 0.0037 0.0051 0.0052 0.0051 0.0050 0.0068 0.0065 0.0064 0.0062 0.0056 0.0046 0.0056 0.0052 0.0039 0.0041 0.0070 0.0063 0.0065 0.0099 0.0153 0.0069 0.0078 0.0113 0.0079 0.0060 0.0047 0.0036 0.0030 0.0025 0.0023 0.0021 0.0022 0.0021 0.0022 0.0018 0.0016 0.0018 0.0019 0.0019 0.0021 0.0036 0.0037 0.0030 0.0044 0.0044 0.0115 0.0075 0.0155 0.0057 0.0092 0.0026 0.0037 0.0019 0.0012 0.0012 0.0010 0.0007 0.0007 0.0005 0.0006 0.0008 0.0011 0.0017 0.0023 0.0026 0.0031 0.0032 0.0031 0.0021 0.0016 0.0015 0.0016 0.0013 0.0010 0.0009 0.0008 0.0009 0.0007 0.0009 0.0009 0.0011 0.0014 0.0015 0.0014 0.0015 0.0014
0.0012 0.0012 0.0011 0.0009 0.0008 0.0010 0.0011 0.0012 0.0014 0.0017 0.0019 0.0029 0.0039 0.0046 0.0059 0.0113 0.0150 0.0131 0.0263 0.0505 0.0458 0.0364 0.0688 0.0994 0.0643 0.0646 0.2930 0.4308 0.8099 0.9996 1.0000 0.9996 0.7557 0.2035 0.1601 0.0483 0.0312 0.0395 0.0195 0.0329 0.0185 0.0141 0.0153 0.0195 0.0055 0.0083 0.0084 0.0150 0.0139 0.0346 0.0294 0.0460 0.0157 0.0121 0.0214 0.0112 0.0216 0.0152 0.0219 0.0125 0.0051 0.0053 0.0018 0.0012 0.0014 0.0012 0.0008 0.0014 0.0016 0.0031 0.0022 0.0060 0.0043 0.0102 0.0035 0.0069 0.0035 0.0032 0.0027 0.0039 0.0040 0.0044 0.0034 0.0044 0.0031 0.0019 0.0012 0.0013 0.0012 0.0017 0.0019 0.0026 0.0030 0.0033 0.0041 0.0038 0.0038 0.0036 0.0048 0.0048 0.0047 0.0043 0.0056 0.0053 0.0057 0.0054 0.0055 0.0045 0.0056 0.0055 0.0043 0.0047 0.0074 0.0066 0.0075 0.0127 0.0205 0.0093 0.0105 0.0110 0.0084 0.0065 0.0041 0.0032 0.0027 0.0023 0.0021 0.0020 0.0022 0.0020 0.0022 0.0021 0.0020 0.0032 0.0029 0.0030 0.0027 0.0044 0.0049 0.0041 0.0071 0.0074 0.0237 0.0150 0.0291 0.0081 0.0110 0.0026 0.0029 0.0016 0.0012 0.0012 0.0010 0.0008 0.0007 0.0006 0.0008 0.0010 0.0011 0.0018 0.0022 0.0024 0.0025 0.0030 0.0029 0.0022 0.0019 0.0017 0.0019 0.0016 0.0012 0.0010 0.0010 0.0010 0.0008 0.0009 0.0010 0.0012 0.0014 0.0017 0.0014 0.0015 0.0014
