1.0000 0.9980 0.8242 0.6151 0.5430 0.2036 0.0835 0.0725 0.0465 0.0104 0.0068 0.0044 0.0023 0.0012 0.0005 0.0006 0.0005 0.0003 0.0002 0.0003 0.0001 0.0001 0.0001 0.0001 0.0002 0.0002 0.0003 0.0003 0.0004 0.0007 0.0008 0.0007 0.0009 0.0008 0.0011 0.0022 0.0045 0.0041 0.0064 0.0058 0.0104 0.0172 0.0053 0.0217 0.0281 0.0026 0.0069 0.0367 0.0061 0.0020 0.0068 0.0089 0.0010 0.0010 0.0038 0.0022 0.0007 0.0009 0.0018 0.0009 0.0007 0.0005 0.0005 0.0004 0.0004 0.0010 0.0015 0.0047 0.0048 0.0095 0.0062 0.0046 0.0044 0.0030 0.0016 0.0009 0.0005 0.0004 0.0004 0.0005 0.0005 0.0005 0.0006 0.0008 0.0008 0.0007 0.0007 0.0007 0.0007 0.0008 0.0009 0.0009 0.0012 0.0014 0.0013 0.0022
0.9980 1.0000 0.9994 0.8350 0.6862 0.6520 0.1029 0.0311 0.0236 0.0085 0.0011 0.0010 0.0007 0.0003 0.0001 0.0002 0.0001 0.0000 0.0000 0.0001 0.0000 0.0000 0.0000 0.0000 0.0000 0.0000 0.0001 0.0000 0.0001 0.0002 0.0003 0.0003 0.0003 0.0004 0.0007 0.0018 0.0038 0.0044 0.0037 0.0049 0.0047 0.0135 0.0021 0.0115 0.0145 0.0009 0.0017 0.0185 0.0016 0.0006 0.0020 0.0032 0.0003 0.0005 0.0017 0.0008 0.0003 0.0003 0.0008 0.0003 0.0002 0.0002 0.0001 0.0001 0.0000 0.0004 0.0005 0.0022 0.0023 0.0095 0.0060 0.0043 0.0034 0.0021 0.0007 0.0004 0.0001 0.0001 0.0001 0.0002 0.0002 0.0002 0.0003 0.0004 0.0004 0.0004 0.0004 0.0003 0.0003 0.0003 0.0004 0.0005 0.0007 0.0007 0.0010 0.0012
0.8242 0.9994 1.0000 0.9994 0.9000 0.7980 0.7562 0.0746 0.0186 0.0082 0.0036 0.0005 0.0002 0.0001 0.0001 0.0000 0.0000 0.0000 0.0000 0.0000 0.0000 0.0000 0.0000 0.0000 0.0000 0.0000 0.0000 0.0000 0.0001 0.0002 0.0002 0.0003 0.0002 0.0003 0.0006 0.0019 0.0047 0.0049 0.0052 0.0052 0.0079 0.0171 0.0014 0.0129 0.0247 0.0008 0.0014 0.0158 0.0025 0.0003 0.0013 0.0036 0.0002 0.0003 0.0013 0.0008 0.0001 0.0003 0.0007 0.0002 0.0002 0.0001 0.0001 0.0000 0.0000 0.0003 0.0006 0.0037 0.0050 0.0274 0.0133 0.0076 0.0062 0.0030 0.0010 0.0004 0.0001 0.0001 0.0001 0.0001 0.0001 0.0001 0.0001 0.0002 0.0002 0.0002 0.0002 0.0002 0.0002 0.0003 0.0003 0.0005 0.0007 0.0008 0.0010 0.0014
0.6151 0.8350 0.9994 1.0000 0.9994 0.9316 0.9374 0.9104 0.0447 0.0076 0.0083 0.0034 0.0001 0.0000 0.0000 0.0000 0.0000 0.0000 0.0000 0.0000 0.0000 0.0000 0.0000 0.0000 0.0000 0.0000 0.0000 0.0000 0.0000 0.0002 0.0002 0.0001 0.0004 0.0004 0.0005 0.0023 0.0140 0.0123 0.0192 0.0137 0.0372 0.0746 0.0048 0.0820 0.2760 0.0052 0.0067 0.2682 0.0259 0.0007 0.0060 0.0265 0.0005 0.0002 0.0026 0.0034 0.0002 0.0003 0.0016 0.0004 0.0002 0.0001 0.0000 0.0000 0.0000 0.0002 0.0006 0.0053 0.0066 0.0278 0.0115 0.0084 0.0071 0.0047 0.0020 0.0007 0.0001 0.0001 0.0001 0.0001 0.0001 0.0000 0.0001 0.0001 0.0002 0.0001 0.0001 0.0001 0.0001 0.0002 0.0003 0.0003 0.0005 0.0005 0.0007 0.0010
0.5430 0.6862 0.9000 0.9994 1.0000 0.9996 0.9760 0.9772 0.9319 0.0105 0.0028 0.0025 0.0006 0.0000 0.0000 0.0000 0.0000 0.0000 0.0000 0.0000 0.0000 0.0000 0.0000 0.0000 0.0000 0.0000 0.0000 0.0000 0.0000 0.0001 0.0001 0.0000 0.0001 0.0003 0.0004 0.0008 0.0041 0.0023 0.0057 0.0030 0.0102 0.0110 0.0007 0.0106 0.1140 0.0011 0.0010 0.0865 0.0218 0.0003 0.0016 0.0303 0.0003 0.0001 0.0012 0.0019 0.0001 0.0001 0.0008 0.0002 0.0001 0.0000 0.0000 0.0000 0.0000 0.0001 0.0005 0.0017 0.0027 0.0092 0.0047 0.0042 0.0033 0.0018 0.0011 0.0003 0.0000 0.0000 0.0001 0.0001 0.0001 0.0001 0.0001 0.0001 0.0001 0.0001 0.0001 0.0001 0.0001 0.0002 0.0003 0.0003 0.0005 0.0006 0.0008 0.0010
0.2036 0.6520 0.7980 0.9316 0.9996 1.0000 0.9998 0.9858 0.9861 0.9419 0.0044 0.0010 0.0011 0.0001 0.0000 0.0000 0.0000 0.0000 0.0000 0.0000 0.0000 0.0000 0.0000 0.0000 0.0000 0.0000 0.0000 0.0000 0.0000 0.0001 0.0001 0.0000 0.0002 0.0005 0.0002 0.0010 0.0041 0.0019 0.0064 0.0022 0.0033 0.0016 0.0001 0.0008 0.0050 0.0001 0.0000 0.0027 0.0014 0.0000 0.0000 0.0011 0.0000 0.0000 0.0002 0.0002 0.0000 0.0000 0.0002 0.0000 0.0000 0.0000 0.0000 0.0000 0.0000 0.0003 0.0008 0.0069 0.0097 0.0416 0.0155 0.0162 0.0116 0.0047 0.0023 0.0004 0.0001 0.0001 0.0001 0.0001 0.0001 0.0001 0.0001 0.0001 0.0001 0.0001 0.0001 0.0001 0.0001 0.0003 0.0003 0.0003 0.0004 0.0006 0.0008 0.0010
0.0835 0.1029 0.7562 0.9374 0.9760 0.9998 1.0000 0.9996 0.9923 0.9918 0.9542 0.0044 0.0010 0.0008 0.0001 0.0000 0.0000 0.0000 0.0000 0.0000 0.0000 0.0000 0.0000 0.0000 0.0000 0.0000 0.0000 0.0000 0.0000 0.0007 0.0001 0.0000 0.0022 0.0028 0.0010 0.0126 0.0456 0.0198 0.1162 0.0455 0.1314 0.0406 0.0008 0.0141 0.2702 0.0033 0.0012 0.0833 0.0556 0.0003 0.0007 0.0164 0.0005 0.0000 0.0011 0.0019 0.0000 0.0000 0.0001 0.0001 0.0000 0.0000 0.0000 0.0000 0.0001 0.0017 0.0074 0.0475 0.0681 0.1488 0.0482 0.0419 0.0450 0.0411 0.0319 0.0033 0.0005 0.0003 0.0002 0.0002 0.0001 0.0001 0.0001 0.0001 0.0001 0.0001 0.0001 0.0001 0.0001 0.0002 0.0003 0.0003 0.0004 0.0006 0.0008 0.0011
0.0725 0.0311 0.0746 0.9104 0.9772 0.9858 0.9996 1.0000 0.9997 0.9934 0.9949 0.9730 0.0036 0.0005 0.0005 0.0002 0.0000 0.0000 0.0000 0.0000 0.0000 0.0000 0.0000 0.0000 0.0000 0.0000 0.0000 0.0000 0.0000 0.0036 0.0003 0.0001 0.0058 0.0025 0.0004 0.0032 0.0338 0.0077 0.0641 0.0098 0.1840 0.0322 0.0005 0.0111 0.6269 0.0448 0.0076 0.6547 0.7268 0.0106 0.0219 0.6840 0.0243 0.0003 0.0077 0.0569 0.0003 0.0001 0.0016 0.0013 0.0001 0.0001 0.0001 0.0001 0.0004 0.0009 0.0089 0.0230 0.0138 0.0202 0.0043 0.0036 0.0041 0.0062 0.0226 0.0022 0.0008 0.0003 0.0002 0.0002 0.0001 0.0001 0.0000 0.0001 0.0001 0.0000 0.0000 0.0000 0.0001 0.0002 0.0003 0.0003 0.0004 0.0005 0.0005 0.0011
0.0465 0.0236 0.0186 0.0447 0.9319 0.9861 0.9923 0.9997 1.0000 0.9998 0.9933 0.9953 0.9787 0.0032 0.0004 0.0006 0.0001 0.0000 0.0000 0.0000 0.0000 0.0000 0.0000 0.0000 0.0000 0.0000 0.0000 0.0000 0.0000 0.0004 0.0000 0.0000 0.0004 0.0007 0.0001 0.0005 0.0059 0.0014 0.0071 0.0006 0.0037 0.0004 0.0000 0.0001 0.0220 0.0003 0.0000 0.0114 0.0539 0.0001 0.0004 0.0901 0.0013 0.0000 0.0009 0.0049 0.0000 0.0000 0.0004 0.0001 0.0000 0.0000 0.0000 0.0000 0.0002 0.0005 0.0033 0.0058 0.0076 0.0104 0.0026 0.0033 0.0037 0.0037 0.0046 0.0004 0.0003 0.0002 0.0001 0.0001 0.0001 0.0001 0.0000 0.0001 0.0001 0.0001 0.0001 0.0001 0.0001 0.0003 0.0003 0.0003 0.0004 0.0005 0.0007 0.0011
0.0104 0.0085 0.0082 0.0076 0.0105 0.9419 0.9918 0.9934 0.9998 1.0000 0.9997 0.9942 0.9957 0.9797 0.0036 0.0007 0.0007 0.0001 0.0000 0.0000 0.0000 0.0000 0.0000 0.0000 0.0000 0.0000 0.0000 0.0000 0.0000 0.0037 0.0003 0.0002 0.0084 0.0077 0.0005 0.0110 0.0880 0.0143 0.1904 0.0072 0.0238 0.0003 0.0000 0.0001 0.0080 0.0003 0.0000 0.0014 0.0154 0.0001 0.0000 0.0025 0.0009 0.0000 0.0000 0.0003 0.0000 0.0000 0.0000 0.0000 0.0000 0.0000 0.0000 0.0000 0.0005 0.0017 0.0302 0.0666 0.0985 0.1504 0.0338 0.0384 0.0480 0.0482 0.0790 0.0051 0.0011 0.0008 0.0003 0.0003 0.0001 0.0001 0.0001 0.0001 0.0001 0.0001 0.0001 0.0001 0.0001 0.0003 0.0003 0.0003 0.0005 0.0006 0.0007 0.0012
0.0068 0.0011 0.0036 0.0083 0.0028 0.0044 0.9542 0.9949 0.9933 0.9997 1.0000 0.9997 0.9943 0.9959 0.9819 0.0053 0.0005 0.0007 0.0002 0.0000 0.0000 0.0000 0.0000 0.0000 0.0000 0.0000 0.0000 0.0016 0.0003 0.0439 0.0012 0.0019 0.2405 0.0464 0.0015 0.0331 0.3709 0.0403 0.6093 0.0375 0.4408 0.0096 0.0002 0.0007 0.3413 0.1093 0.0011 0.1146 0.8749 0.0278 0.0040 0.3767 0.2200 0.0007 0.0016 0.0521 0.0008 0.0000 0.0002 0.0004 0.0000 0.0000 0.0003 0.0002 0.0064 0.0078 0.1477 0.1776 0.0724 0.0978 0.0103 0.0098 0.0220 0.0425 0.3597 0.0659 0.0473 0.0039 0.0008 0.0004 0.0001 0.0001 0.0000 0.0001 0.0001 0.0001 0.0001 0.0001 0.0001 0.0002 0.0003 0.0003 0.0005 0.0005 0.0004 0.0011
0.0044 0.0010 0.0005 0.0034 0.0025 0.0010 0.0044 0.9730 0.9953 0.9942 0.9997 1.0000 0.9998 0.9938 0.9945 0.9842 0.0043 0.0005 0.0010 0.0003 0.0000 0.0001 0.0000 0.0000 0.0000 0.0000 0.0000 0.0049 0.0004 0.1472 0.0018 0.0005 0.0470 0.0154 0.0005 0.0039 0.0591 0.0058 0.0632 0.0008 0.0103 0.0002 0.0000 0.0001 0.0146 0.0047 0.0007 0.0447 0.7474 0.0330 0.0104 0.8871 0.6826 0.0054 0.0329 0.6013 0.0081 0.0003 0.0063 0.0099 0.0001 0.0001 0.0036 0.0030 0.0371 0.0192 0.0901 0.0384 0.0079 0.0068 0.0010 0.0007 0.0016 0.0029 0.0469 0.0115 0.0238 0.0011 0.0007 0.0003 0.0001 0.0001 0.0001 0.0002 0.0001 0.0001 0.0001 0.0001 0.0001 0.0003 0.0003 0.0004 0.0006 0.0007 0.0005 0.0010
0.0023 0.0007 0.0002 0.0001 0.0006 0.0011 0.0010 0.0036 0.9787 0.9957 0.9943 0.9998 1.0000 0.9998 0.9915 0.9955 0.9802 0.0037 0.0006 0.0011 0.0001 0.0001 0.0000 0.0000 0.0000 0.0000 0.0000 0.0003 0.0000 0.0020 0.0001 0.0002 0.0034 0.0017 0.0003 0.0041 0.0474 0.0039 0.0198 0.0001 0.0005 0.0000 0.0000 0.0000 0.0001 0.0000 0.0000 0.0001 0.0053 0.0001 0.0000 0.0105 0.0114 0.0001 0.0004 0.0282 0.0003 0.0000 0.0008 0.0010 0.0000 0.0000 0.0004 0.0009 0.0066 0.0052 0.0661 0.0250 0.0300 0.0338 0.0033 0.0037 0.0083 0.0110 0.0335 0.0021 0.0022 0.0005 0.0004 0.0004 0.0002 0.0002 0.0001 0.0002 0.0002 0.0001 0.0001 0.0001 0.0003 0.0003 0.0005 0.0005 0.0007 0.0008 0.0007 0.0014
0.0012 0.0003 0.0001 0.0000 0.0000 0.0001 0.0008 0.0005 0.0032 0.9797 0.9959 0.9938 0.9998 1.0000 0.9998 0.9930 0.9947 0.9704 0.0068 0.0010 0.0005 0.0010 0.0000 0.0000 0.0000 0.0001 0.0000 0.0062 0.0006 0.0184 0.0012 0.0074 0.2251 0.0428 0.0049 0.1137 0.6284 0.1190 0.4572 0.0071 0.0139 0.0001 0.0000 0.0000 0.0005 0.0003 0.0000 0.0003 0.0322 0.0007 0.0000 0.0061 0.0230 0.0001 0.0001 0.0065 0.0005 0.0000 0.0000 0.0003 0.0000 0.0000 0.0003 0.0007 0.0081 0.0176 0.1432 0.1447 0.0835 0.0853 0.0109 0.0074 0.0285 0.0692 0.3000 0.0878 0.0564 0.0071 0.0027 0.0014 0.0004 0.0002 0.0002 0.0003 0.0002 0.0001 0.0001 0.0001 0.0002 0.0003 0.0004 0.0005 0.0007 0.0008 0.0006 0.0011
0.0005 0.0001 0.0001 0.0000 0.0000 0.0000 0.0001 0.0005 0.0004 0.0036 0.9819 0.9945 0.9915 0.9998 1.0000 0.9997 0.9927 0.9941 0.9596 0.0103 0.0007 0.0072 0.0001 0.0001 0.0000 0.0012 0.0004 0.1570 0.0065 0.3194 0.0100 0.0323 0.7929 0.1390 0.0046 0.1145 0.5402 0.0257 0.2266 0.0016 0.0113 0.0001 0.0000 0.0000 0.0010 0.0040 0.0001 0.0013 0.5106 0.0554 0.0013 0.2799 0.8383 0.0128 0.0104 0.4724 0.0922 0.0007 0.0039 0.0261 0.0002 0.0004 0.0256 0.0203 0.2501 0.0589 0.2652 0.0803 0.0082 0.0068 0.0007 0.0006 0.0021 0.0097 0.2944 0.1486 0.3525 0.0270 0.0154 0.0022 0.0004 0.0002 0.0002 0.0002 0.0002 0.0001 0.0001 0.0001 0.0002 0.0003 0.0003 0.0004 0.0005 0.0006 0.0004 0.0010
0.0006 0.0002 0.0000 0.0000 0.0000 0.0000 0.0000 0.0002 0.0006 0.0007 0.0053 0.9842 0.9955 0.9930 0.9997 1.0000 0.9999 0.9874 0.9901 0.9369 0.0111 0.0200 0.0001 0.0002 0.0000 0.0005 0.0001 0.0241 0.0007 0.0755 0.0006 0.0025 0.0548 0.0018 0.0008 0.0334 0.0647 0.0022 0.0057 0.0000 0.0001 0.0000 0.0000 0.0000 0.0000 0.0000 0.0000 0.0001 0.0106 0.0022 0.0007 0.0627 0.4880 0.0090 0.0181 0.6786 0.2154 0.0025 0.0309 0.1697 0.0030 0.0067 0.1279 0.0542 0.1569 0.0228 0.0673 0.0102 0.0018 0.0009 0.0002 0.0002 0.0007 0.0023 0.0290 0.0130 0.0313 0.0023 0.0026 0.0010 0.0004 0.0003 0.0003 0.0003 0.0003 0.0002 0.0002 0.0003 0.0003 0.0005 0.0007 0.0007 0.0009 0.0011 0.0008 0.0012
0.0005 0.0001 0.0000 0.0000 0.0000 0.0000 0.0000 0.0000 0.0001 0.0007 0.0005 0.0043 0.9802 0.9947 0.9927 0.9999 1.0000 0.9997 0.9854 0.9823 0.7322 0.0283 0.0004 0.0003 0.0000 0.0004 0.0000 0.0034 0.0001 0.0009 0.0003 0.0044 0.0223 0.0019 0.0016 0.0470 0.1391 0.0058 0.0145 0.0001 0.0001 0.0000 0.0000 0.0000 0.0000 0.0000 0.0000 0.0000 0.0003 0.0000 0.0000 0.0003 0.0037 0.0001 0.0001 0.0129 0.0029 0.0001 0.0005 0.0102 0.0004 0.0016 0.0151 0.0068 0.0226 0.0049 0.0211 0.0177 0.0025 0.0058 0.0005 0.0006 0.0024 0.0074 0.0302 0.0107 0.0082 0.0021 0.0023 0.0027 0.0011 0.0008 0.0005 0.0007 0.0004 0.0003 0.0004 0.0003 0.0005 0.0008 0.0009 0.0009 0.0011 0.0012 0.0010 0.0014
0.0003 0.0000 0.0000 0.0000 0.0000 0.0000 0.0000 0.0000 0.0000 0.0001 0.0007 0.0005 0.0037 0.9704 0.9941 0.9874 0.9997 1.0000 0.9998 0.9744 0.9012 0.7857 0.0038 0.0029 0.0007 0.0349 0.0038 0.3167 0.0045 0.0181 0.0014 0.1108 0.6058 0.0285 0.0123 0.5037 0.6549 0.0587 0.1766 0.0015 0.0014 0.0000 0.0000 0.0000 0.0000 0.0001 0.0000 0.0000 0.0027 0.0004 0.0000 0.0007 0.0406 0.0004 0.0002 0.0217 0.0205 0.0003 0.0004 0.0106 0.0004 0.0016 0.0477 0.0212 0.1861 0.0622 0.1618 0.0728 0.0038 0.0020 0.0004 0.0005 0.0032 0.0228 0.1869 0.1652 0.2377 0.0863 0.0441 0.0170 0.0036 0.0018 0.0009 0.0010 0.0005 0.0004 0.0005 0.0003 0.0005 0.0009 0.0009 0.0009 0.0008 0.0009 0.0007 0.0011
0.0002 0.0000 0.0000 0.0000 0.0000 0.0000 0.0000 0.0000 0.0000 0.0000 0.0002 0.0010 0.0006 0.0068 0.9596 0.9901 0.9854 0.9998 1.0000 0.9997 0.9498 0.9556 0.0437 0.0139 0.0018 0.1452 0.0179 0.7077 0.0311 0.0512 0.0016 0.0510 0.4064 0.0041 0.0019 0.0730 0.0851 0.0012 0.0054 0.0001 0.0004 0.0000 0.0000 0.0000 0.0000 0.0001 0.0000 0.0000 0.0036 0.0016 0.0002 0.0054 0.4357 0.0225 0.0047 0.4269 0.5278 0.0188 0.0285 0.2952 0.0166 0.0511 0.3943 0.2397 0.5069 0.0614 0.0440 0.0048 0.0004 0.0002 0.0001 0.0001 0.0005 0.0034 0.0370 0.0998 0.2396 0.0690 0.0754 0.0145 0.0030 0.0014 0.0008 0.0012 0.0007 0.0005 0.0005 0.0003 0.0004 0.0006 0.0007 0.0007 0.0008 0.0009 0.0007 0.0011
0.0003 0.0001 0.0000 0.0000 0.0000 0.0000 0.0000 0.0000 0.0000 0.0000 0.0000 0.0003 0.0011 0.0010 0.0103 0.9369 0.9823 0.9744 0.9997 1.0000 0.9998 0.9033 0.0477 0.0077 0.0007 0.0099 0.0004 0.0250 0.0003 0.0004 0.0001 0.0023 0.0046 0.0003 0.0006 0.0280 0.0107 0.0007 0.0008 0.0000 0.0000 0.0000 0.0000 0.0000 0.0000 0.0000 0.0000 0.0000 0.0000 0.0000 0.0000 0.0002 0.0071 0.0008 0.0006 0.0572 0.1565 0.0039 0.0160 0.2129 0.0346 0.1213 0.2241 0.1084 0.0765 0.0051 0.0017 0.0007 0.0001 0.0002 0.0001 0.0001 0.0004 0.0008 0.0023 0.0036 0.0053 0.0033 0.0049 0.0025 0.0018 0.0020 0.0015 0.0025 0.0015 0.0012 0.0012 0.0008 0.0008 0.0010 0.0012 0.0011 0.0012 0.0012 0.0011 0.0015
0.0001 0.0000 0.0000 0.0000 0.0000 0.0000 0.0000 0.0000 0.0000 0.0000 0.0000 0.0000 0.0001 0.0005 0.0007 0.0111 0.7322 0.9012 0.9498 0.9998 1.0000 0.9988 0.5301 0.0115 0.0015 0.0500 0.0005 0.0215 0.0003 0.0000 0.0001 0.0061 0.0046 0.0002 0.0018 0.0638 0.0245 0.0012 0.0007 0.0000 0.0000 0.0000 0.0000 0.0000 0.0000 0.0000 0.0000 0.0000 0.0000 0.0000 0.0000 0.0000 0.0003 0.0000 0.0000 0.0010 0.0047 0.0003 0.0006 0.0171 0.0042 0.0217 0.0398 0.0418 0.0564 0.0181 0.0030 0.0029 0.0003 0.0003 0.0002 0.0003 0.0009 0.0047 0.0024 0.0052 0.0062 0.0064 0.0136 0.0065 0.0055 0.0043 0.0031 0.0036 0.0016 0.0014 0.0012 0.0008 0.0008 0.0009 0.0008 0.0008 0.0009 0.0010 0.0010 0.0012
0.0001 0.0000 0.0000 0.0000 0.0000 0.0000 0.0000 0.0000 0.0000 0.0000 0.0000 0.0001 0.0001 0.0010 0.0072 0.0200 0.0283 0.7857 0.9556 0.9033 0.9988 1.0000 0.9994 0.5436 0.1242 0.9906 0.1770 0.8295 0.0057 0.0004 0.0002 0.0763 0.0680 0.0004 0.0015 0.1075 0.0241 0.0008 0.0007 0.0000 0.0000 0.0000 0.0000 0.0000 0.0000 0.0000 0.0000 0.0000 0.0000 0.0000 0.0000 0.0000 0.0037 0.0003 0.0002 0.0066 0.0853 0.0016 0.0024 0.0480 0.0047 0.0186 0.1834 0.1594 0.2856 0.1209 0.0386 0.0209 0.0011 0.0009 0.0003 0.0004 0.0025 0.0126 0.0182 0.1088 0.1235 0.2598 0.2612 0.0562 0.0169 0.0075 0.0035 0.0041 0.0018 0.0014 0.0012 0.0007 0.0007 0.0009 0.0008 0.0006 0.0007 0.0007 0.0005 0.0011
0.0001 0.0000 0.0000 0.0000 0.0000 0.0000 0.0000 0.0000 0.0000 0.0000 0.0000 0.0000 0.0000 0.0000 0.0001 0.0001 0.0004 0.0038 0.0437 0.0477 0.5301 0.9994 1.0000 0.9992 0.9716 0.9805 0.0447 0.0270 0.0002 0.0000 0.0000 0.0008 0.0004 0.0000 0.0002 0.0020 0.0005 0.0001 0.0000 0.0000 0.0000 0.0000 0.0000 0.0000 0.0000 0.0000 0.0000 0.0000 0.0000 0.0000 0.0000 0.0000 0.0001 0.0000 0.0000 0.0004 0.0030 0.0007 0.0023 0.0175 0.0069 0.0182 0.0300 0.0693 0.0190 0.0177 0.0018 0.0019 0.0008 0.0010 0.0005 0.0009 0.0019 0.0049 0.0015 0.0055 0.0041 0.0637 0.1706 0.0630 0.0721 0.0329 0.0110 0.0087 0.0037 0.0033 0.0027 0.0015 0.0011 0.0013 0.0010 0.0008 0.0009 0.0009 0.0008 0.0011
0.0001 0.0000 0.0000 0.0000 0.0000 0.0000 0.0000 0.0000 0.0000 0.0000 0.0000 0.0000 0.0000 0.0000 0.0001 0.0002 0.0003 0.0029 0.0139 0.0077 0.0115 0.5436 0.9992 1.0000 0.9999 0.8471 0.0219 0.0058 0.0002 0.0000 0.0000 0.0003 0.0002 0.0000 0.0003 0.0029 0.0005 0.0002 0.0000 0.0000 0.0000 0.0000 0.0000 0.0000 0.0000 0.0000 0.0000 0.0000 0.0000 0.0000 0.0000 0.0000 0.0001 0.0002 0.0001 0.0007 0.0048 0.0012 0.0022 0.0158 0.0080 0.0243 0.0703 0.0976 0.0380 0.0611 0.0095 0.0143 0.0050 0.0044 0.0016 0.0013 0.0024 0.0052 0.0048 0.0206 0.0113 0.1604 0.4409 0.3674 0.3168 0.1368 0.0467 0.0384 0.0108 0.0089 0.0068 0.0026 0.0022 0.0023 0.0018 0.0015 0.0016 0.0014 0.0011 0.0015
0.0002 0.0000 0.0000 0.0000 0.0000 0.0000 0.0000 0.0000 0.0000 0.0000 0.0000 0.0000 0.0000 0.0000 0.0000 0.0000 0.0000 0.0007 0.0018 0.0007 0.0015 0.1242 0.9716 0.9999 1.0000 0.9993 0.7012 0.0154 0.0005 0.0000 0.0000 0.0004 0.0002 0.0000 0.0002 0.0010 0.0002 0.0000 0.0000 0.0000 0.0000 0.0000 0.0000 0.0000 0.0000 0.0000 0.0000 0.0000 0.0000 0.0000 0.0000 0.0000 0.0001 0.0001 0.0000 0.0001 0.0013 0.0004 0.0004 0.0025 0.0013 0.0025 0.0147 0.0353 0.0188 0.0658 0.0034 0.0130 0.0023 0.0025 0.0009 0.0008 0.0014 0.0027 0.0022 0.0168 0.0158 0.4929 0.5642 0.4651 0.2806 0.0846 0.0265 0.0193 0.0072 0.0060 0.0046 0.0020 0.0018 0.0022 0.0016 0.0012 0.0015 0.0013 0.0011 0.0015
0.0002 0.0000 0.0000 0.0000 0.0000 0.0000 0.0000 0.0000 0.0000 0.0000 0.0000 0.0000 0.0000 0.0001 0.0012 0.0005 0.0004 0.0349 0.1452 0.0099 0.0500 0.9906 0.9805 0.8471 0.9993 1.0000 0.9995 0.9479 0.0049 0.0001 0.0001 0.0380 0.0039 0.0000 0.0004 0.0068 0.0005 0.0000 0.0000 0.0000 0.0000 0.0000 0.0000 0.0000 0.0000 0.0000 0.0000 0.0000 0.0000 0.0001 0.0000 0.0000 0.0008 0.0007 0.0001 0.0003 0.0072 0.0010 0.0008 0.0063 0.0013 0.0016 0.0154 0.0137 0.0302 0.0331 0.0037 0.0111 0.0027 0.0035 0.0010 0.0010 0.0021 0.0071 0.0083 0.0635 0.1140 0.6039 0.5870 0.1899 0.0751 0.0171 0.0068 0.0071 0.0032 0.0021 0.0022 0.0010 0.0012 0.0015 0.0013 0.0010 0.0012 0.0010 0.0010 0.0012
0.0003 0.0001 0.0000 0.0000 0.0000 0.0000 0.0000 0.0000 0.0000 0.0000 0.0000 0.0000 0.0000 0.0000 0.0004 0.0001 0.0000 0.0038 0.0179 0.0004 0.0005 0.1770 0.0447 0.0219 0.7012 0.9995 1.0000 0.9995 0.7426 0.0025 0.0011 0.0727 0.0050 0.0000 0.0002 0.0012 0.0003 0.0000 0.0000 0.0000 0.0001 0.0000 0.0002 0.0000 0.0000 0.0002 0.0000 0.0000 0.0002 0.0005 0.0000 0.0000 0.0008 0.0008 0.0000 0.0002 0.0011 0.0003 0.0002 0.0008 0.0003 0.0003 0.0030 0.0110 0.0082 0.0531 0.0250 0.3293 0.0579 0.0381 0.0128 0.0128 0.0186 0.0698 0.0689 0.7472 0.7242 0.7757 0.4281 0.0566 0.0333 0.0160 0.0100 0.0123 0.0193 0.0027 0.0030 0.0018 0.0017 0.0021 0.0021 0.0016 0.0016 0.0016 0.0012 0.0016
0.0003 0.0000 0.0000 0.0000 0.0000 0.0000 0.0000 0.0000 0.0000 0.0000 0.0016 0.0049 0.0003 0.0062 0.1570 0.0241 0.0034 0.3167 0.7077 0.0250 0.0215 0.8295 0.0270 0.0058 0.0154 0.9479 0.9995 1.0000 0.9995 0.6141 0.0640 0.9858 0.9126 0.0058 0.0179 0.2288 0.0191 0.0003 0.0018 0.0002 0.0022 0.0001 0.0007 0.0000 0.0004 0.0115 0.0003 0.0001 0.0162 0.0218 0.0002 0.0006 0.1056 0.0085 0.0003 0.0044 0.0304 0.0014 0.0005 0.0021 0.0002 0.0002 0.0039 0.0018 0.1351 0.0092 0.0363 0.0383 0.0038 0.0047 0.0014 0.0023 0.0070 0.0571 0.1937 0.7940 0.8146 0.4712 0.3916 0.0181 0.0077 0.0027 0.0016 0.0035 0.0044 0.0009 0.0012 0.0007 0.0010 0.0014 0.0015 0.0010 0.0010 0.0010 0.0006 0.0012
0.0004 0.0001 0.0001 0.0000 0.0000 0.0000 0.0000 0.0000 0.0000 0.0000 0.0003 0.0004 0.0000 0.0006 0.0065 0.0007 0.0001 0.0045 0.0311 0.0003 0.0003 0.0057 0.0002 0.0002 0.0005 0.0049 0.7426 0.9995 1.0000 0.9993 0.9978 0.9983 0.8657 0.0349 0.0302 0.0158 0.0045 0.0003 0.0016 0.0008 0.0117 0.0009 0.0028 0.0001 0.0006 0.0228 0.0007 0.0001 0.0053 0.0230 0.0001 0.0001 0.0050 0.0012 0.0000 0.0002 0.0008 0.0003 0.0002 0.0003 0.0000 0.0000 0.0002 0.0001 0.0009 0.0005 0.0046 0.0459 0.0353 0.0654 0.0307 0.0983 0.2045 0.6707 0.6914 0.7304 0.4541 0.0284 0.0137 0.0095 0.0056 0.0045 0.0056 0.0147 0.0241 0.0047 0.0069 0.0034 0.0027 0.0033 0.0041 0.0030 0.0026 0.0020 0.0013 0.0019
0.0007 0.0002 0.0002 0.0002 0.0001 0.0001 0.0007 0.0036 0.0004 0.0037 0.0439 0.1472 0.0020 0.0184 0.3194 0.0755 0.0009 0.0181 0.0512 0.0004 0.0000 0.0004 0.0000 0.0000 0.0000 0.0001 0.0025 0.6141 0.9993 1.0000 0.9998 0.9656 0.9798 0.8267 0.0163 0.0068 0.0093 0.0018 0.0986 0.0318 0.5390 0.0410 0.0817 0.0034 0.0758 0.6591 0.0570 0.0047 0.5192 0.3773 0.0071 0.0071 0.3122 0.0159 0.0006 0.0038 0.0069 0.0005 0.0003 0.0003 0.0000 0.0000 0.0003 0.0002 0.0100 0.0014 0.1061 0.0721 0.0324 0.0290 0.0063 0.0141 0.0737 0.5046 0.7449 0.5221 0.4873 0.0283 0.0213 0.0099 0.0047 0.0028 0.0042 0.0122 0.0209 0.0054 0.0123 0.0037 0.0036 0.0032 0.0041 0.0027 0.0030 0.0027 0.0015 0.0026
0.0008 0.0003 0.0002 0.0002 0.0001 0.0001 0.0001 0.0003 0.0000 0.0003 0.0012 0.0018 0.0001 0.0012 0.0100 0.0006 0.0003 0.0014 0.0016 0.0001 0.0001 0.0002 0.0000 0.0000 0.0000 0.0001 0.0011 0.0640 0.9978 0.9998 1.0000 0.9998 0.9746 0.9268 0.8579 0.0318 0.0073 0.0030 0.0460 0.0548 0.2625 0.0188 0.0356 0.0008 0.0074 0.1507 0.0030 0.0003 0.0103 0.0196 0.0002 0.0001 0.0024 0.0003 0.0000 0.0001 0.0002 0.0001 0.0001 0.0001 0.0000 0.0000 0.0000 0.0000 0.0002 0.0001 0.0019 0.0060 0.0086 0.0231 0.0084 0.0338 0.1815 0.3972 0.2484 0.0556 0.0284 0.0081 0.0044 0.0023 0.0018 0.0014 0.0021 0.0051 0.0077 0.0025 0.0056 0.0033 0.0041 0.0052 0.0073 0.0059 0.0059 0.0050 0.0027 0.0030
0.0007 0.0003 0.0003 0.0001 0.0000 0.0000 0.0000 0.0001 0.0000 0.0002 0.0019 0.0005 0.0002 0.0074 0.0323 0.0025 0.0044 0.1108 0.0510 0.0023 0.0061 0.0763 0.0008 0.0003 0.0004 0.0380 0.0727 0.9858 0.9983 0.9656 0.9998 1.0000 0.9995 0.9808 0.9672 0.8765 0.0753 0.0047 0.0157 0.0039 0.0181 0.0003 0.0005 0.0000 0.0012 0.0058 0.0001 0.0001 0.0062 0.0059 0.0000 0.0002 0.0049 0.0002 0.0000 0.0003 0.0003 0.0001 0.0001 0.0001 0.0000 0.0000 0.0002 0.0000 0.0014 0.0005 0.0093 0.0386 0.0272 0.0800 0.0116 0.0143 0.0567 0.1634 0.2050 0.1300 0.2083 0.0138 0.0167 0.0015 0.0009 0.0006 0.0008 0.0024 0.0039 0.0012 0.0020 0.0014 0.0015 0.0022 0.0033 0.0035 0.0035 0.0029 0.0014 0.0018
0.0009 0.0003 0.0002 0.0004 0.0001 0.0002 0.0022 0.0058 0.0004 0.0084 0.2405 0.0470 0.0034 0.2251 0.7929 0.0548 0.0223 0.6058 0.4064 0.0046 0.0046 0.0680 0.0004 0.0002 0.0002 0.0039 0.0050 0.9126 0.8657 0.9798 0.9746 0.9995 1.0000 0.9997 0.9748 0.9582 0.9179 0.0901 0.5862 0.0600 0.4180 0.0041 0.0038 0.0002 0.0426 0.3144 0.0024 0.0018 0.4484 0.1260 0.0009 0.0068 0.2287 0.0027 0.0002 0.0026 0.0032 0.0002 0.0000 0.0001 0.0000 0.0000 0.0008 0.0002 0.0075 0.0010 0.0358 0.0555 0.0064 0.0110 0.0017 0.0020 0.0097 0.0294 0.2230 0.0897 0.3753 0.0076 0.0118 0.0014 0.0004 0.0004 0.0005 0.0017 0.0022 0.0006 0.0009 0.0006 0.0008 0.0015 0.0023 0.0023 0.0032 0.0025 0.0010 0.0018
0.0008 0.0004 0.0003 0.0004 0.0003 0.0005 0.0028 0.0025 0.0007 0.0077 0.0464 0.0154 0.0017 0.0428 0.1390 0.0018 0.0019 0.0285 0.0041 0.0003 0.0002 0.0004 0.0000 0.0000 0.0000 0.0000 0.0000 0.0058 0.0349 0.8267 0.9268 0.9808 0.9997 1.0000 0.9998 0.9344 0.9045 0.7280 0.9539 0.7934 0.8059 0.0543 0.0178 0.0010 0.0834 0.3124 0.0034 0.0012 0.0767 0.0183 0.0001 0.0004 0.0032 0.0001 0.0000 0.0001 0.0002 0.0000 0.0000 0.0000 0.0000 0.0000 0.0001 0.0000 0.0002 0.0000 0.0014 0.0026 0.0023 0.0063 0.0017 0.0021 0.0060 0.0215 0.0144 0.0098 0.0074 0.0010 0.0013 0.0005 0.0004 0.0004 0.0006 0.0015 0.0019 0.0011 0.0012 0.0010 0.0015 0.0024 0.0032 0.0031 0.0039 0.0030 0.0019 0.0020
0.0011 0.0007 0.0006 0.0005 0.0004 0.0002 0.0010 0.0004 0.0001 0.0005 0.0015 0.0005 0.0003 0.0049 0.0046 0.0008 0.0016 0.0123 0.0019 0.0006 0.0018 0.0015 0.0002 0.0003 0.0002 0.0004 0.0002 0.0179 0.0302 0.0163 0.8579 0.9672 0.9748 0.9998 1.0000 0.9997 0.8474 0.7783 0.4236 0.1692 0.0882 0.0012 0.0002 0.0000 0.0021 0.0027 0.0000 0.0000 0.0010 0.0003 0.0000 0.0000 0.0001 0.0000 0.0000 0.0000 0.0000 0.0000 0.0000 0.0000 0.0000 0.0000 0.0000 0.0000 0.0001 0.0000 0.0006 0.0039 0.0100 0.0543 0.0176 0.0067 0.0130 0.0204 0.0135 0.0078 0.0066 0.0016 0.0015 0.0006 0.0004 0.0006 0.0007 0.0014 0.0015 0.0015 0.0018 0.0018 0.0022 0.0032 0.0038 0.0032 0.0038 0.0037 0.0023 0.0023
0.0022 0.0018 0.0019 0.0023 0.0008 0.0010 0.0126 0.0032 0.0005 0.0110 0.0331 0.0039 0.0041 0.1137 0.1145 0.0334 0.0470 0.5037 0.0730 0.0280 0.0638 0.1075 0.0020 0.0029 0.0010 0.0068 0.0012 0.2288 0.0158 0.0068 0.0318 0.8765 0.9582 0.9344 0.9997 1.0000 0.9994 0.7925 0.1522 0.0071 0.0044 0.0001 0.0000 0.0000 0.0002 0.0010 0.0000 0.0000 0.0044 0.0012 0.0000 0.0004 0.0019 0.0001 0.0000 0.0002 0.0002 0.0002 0.0002 0.0002 0.0000 0.0000 0.0002 0.0002 0.0006 0.0006 0.0072 0.0441 0.0322 0.0689 0.0194 0.0064 0.0159 0.0269 0.0583 0.0135 0.0249 0.0043 0.0133 0.0021 0.0012 0.0014 0.0014 0.0021 0.0022 0.0015 0.0017 0.0015 0.0024 0.0035 0.0033 0.0029 0.0036 0.0035 0.0025 0.0026
0.0045 0.0038 0.0047 0.0140 0.0041 0.0041 0.0456 0.0338 0.0059 0.0880 0.3709 0.0591 0.0474 0.6284 0.5402 0.0647 0.1391 0.6549 0.0851 0.0107 0.0245 0.0241 0.0005 0.0005 0.0002 0.0005 0.0003 0.0191 0.0045 0.0093 0.0073 0.0753 0.9179 0.9045 0.8474 0.9994 1.0000 0.9995 0.9913 0.1030 0.1009 0.0008 0.0003 0.0000 0.0046 0.0306 0.0003 0.0004 0.0391 0.0076 0.0001 0.0012 0.0087 0.0003 0.0001 0.0004 0.0004 0.0001 0.0002 0.0002 0.0000 0.0001 0.0002 0.0002 0.0009 0.0005 0.0039 0.0145 0.0063 0.0192 0.0061 0.0034 0.0082 0.0193 0.0274 0.0093 0.0170 0.0035 0.0130 0.0030 0.0019 0.0022 0.0019 0.0029 0.0027 0.0016 0.0014 0.0012 0.0016 0.0024 0.0027 0.0032 0.0041 0.0041 0.0027 0.0034
0.0041 0.0044 0.0049 0.0123 0.0023 0.0019 0.0198 0.0077 0.0014 0.0143 0.0403 0.0058 0.0039 0.1190 0.0257 0.0022 0.0058 0.0587 0.0012 0.0007 0.0012 0.0008 0.0001 0.0002 0.0000 0.0000 0.0000 0.0003 0.0003 0.0018 0.0030 0.0047 0.0901 0.7280 0.7783 0.7925 0.9995 1.0000 0.9990 0.6000 0.0199 0.0007 0.0000 0.0000 0.0004 0.0023 0.0000 0.0000 0.0006 0.0001 0.0000 0.0000 0.0000 0.0000 0.0000 0.0000 0.0000 0.0000 0.0000 0.0000 0.0000 0.0000 0.0001 0.0001 0.0001 0.0001 0.0004 0.0022 0.0026 0.0094 0.0042 0.0021 0.0042 0.0081 0.0036 0.0013 0.0008 0.0004 0.0008 0.0008 0.0010 0.0014 0.0014 0.0020 0.0022 0.0014 0.0013 0.0012 0.0016 0.0022 0.0024 0.0026 0.0037 0.0047 0.0036 0.0032
0.0064 0.0037 0.0052 0.0192 0.0057 0.0064 0.1162 0.0641 0.0071 0.1904 0.6093 0.0632 0.0198 0.4572 0.2266 0.0057 0.0145 0.1766 0.0054 0.0008 0.0007 0.0007 0.0000 0.0000 0.0000 0.0000 0.0000 0.0018 0.0016 0.0986 0.0460 0.0157 0.5862 0.9539 0.4236 0.1522 0.9913 0.9990 1.0000 0.9994 0.9565 0.0137 0.0010 0.0002 0.0671 0.1084 0.0003 0.0007 0.0963 0.0021 0.0001 0.0005 0.0016 0.0001 0.0000 0.0002 0.0001 0.0000 0.0000 0.0001 0.0000 0.0000 0.0001 0.0001 0.0003 0.0002 0.0008 0.0044 0.0021 0.0069 0.0021 0.0021 0.0064 0.0185 0.0487 0.0058 0.0044 0.0009 0.0022 0.0007 0.0008 0.0010 0.0010 0.0018 0.0015 0.0008 0.0009 0.0008 0.0012 0.0018 0.0023 0.0024 0.0037 0.0044 0.0023 0.0033
0.0058 0.0049 0.0052 0.0137 0.0030 0.0022 0.0455 0.0098 0.0006 0.0072 0.0375 0.0008 0.0001 0.0071 0.0016 0.0000 0.0001 0.0015 0.0001 0.0000 0.0000 0.0000 0.0000 0.0000 0.0000 0.0000 0.0000 0.0002 0.0008 0.0318 0.0548 0.0039 0.0600 0.7934 0.1692 0.0071 0.1030 0.6000 0.9994 1.0000 0.9993 0.5946 0.0104 0.0014 0.0652 0.0621 0.0001 0.0001 0.0034 0.0003 0.0000 0.0000 0.0000 0.0000 0.0000 0.0000 0.0000 0.0000 0.0000 0.0000 0.0000 0.0000 0.0000 0.0000 0.0000 0.0000 0.0001 0.0018 0.0037 0.0364 0.0061 0.0115 0.0318 0.0249 0.0240 0.0003 0.0003 0.0001 0.0003 0.0003 0.0005 0.0007 0.0008 0.0014 0.0015 0.0010 0.0011 0.0012 0.0021 0.0030 0.0031 0.0035 0.0049 0.0059 0.0042 0.0044
0.0104 0.0047 0.0079 0.0372 0.0102 0.0033 0.1314 0.1840 0.0037 0.0238 0.4408 0.0103 0.0005 0.0139 0.0113 0.0001 0.0001 0.0014 0.0004 0.0000 0.0000 0.0000 0.0000 0.0000 0.0000 0.0000 0.0001 0.0022 0.0117 0.5390 0.2625 0.0181 0.4180 0.8059 0.0882 0.0044 0.1009 0.0199 0.9565 0.9993 1.0000 0.9992 0.5542 0.0501 0.9966 0.9955 0.0224 0.0413 0.7542 0.0245 0.0004 0.0018 0.0014 0.0000 0.0000 0.0001 0.0001 0.0000 0.0000 0.0000 0.0000 0.0000 0.0000 0.0000 0.0001 0.0000 0.0006 0.0159 0.0056 0.0267 0.0037 0.0037 0.0154 0.0218 0.0655 0.0010 0.0015 0.0002 0.0005 0.0004 0.0003 0.0005 0.0007 0.0012 0.0012 0.0007 0.0008 0.0008 0.0014 0.0021 0.0027 0.0029 0.0056 0.0061 0.0030 0.0041
0.0172 0.0135 0.0171 0.0746 0.0110 0.0016 0.0406 0.0322 0.0004 0.0003 0.0096 0.0002 0.0000 0.0001 0.0001 0.0000 0.0000 0.0000 0.0000 0.0000 0.0000 0.0000 0.0000 0.0000 0.0000 0.0000 0.0000 0.0001 0.0009 0.0410 0.0188 0.0003 0.0041 0.0543 0.0012 0.0001 0.0008 0.0007 0.0137 0.5946 0.9992 1.0000 0.9992 0.9983 0.9983 0.9571 0.0338 0.0168 0.0065 0.0012 0.0000 0.0000 0.0000 0.0000 0.0000 0.0000 0.0000 0.0000 0.0000 0.0000 0.0000 0.0000 0.0000 0.0000 0.0000 0.0000 0.0000 0.0002 0.0005 0.0120 0.0057 0.0040 0.0054 0.0016 0.0012 0.0001 0.0001 0.0001 0.0002 0.0003 0.0004 0.0004 0.0006 0.0009 0.0011 0.0009 0.0012 0.0014 0.0019 0.0024 0.0032 0.0038 0.0069 0.0071 0.0042 0.0047
0.0053 0.0021 0.0014 0.0048 0.0007 0.0001 0.0008 0.0005 0.0000 0.0000 0.0002 0.0000 0.0000 0.0000 0.0000 0.0000 0.0000 0.0000 0.0000 0.0000 0.0000 0.0000 0.0000 0.0000 0.0000 0.0000 0.0002 0.0007 0.0028 0.0817 0.0356 0.0005 0.0038 0.0178 0.0002 0.0000 0.0003 0.0000 0.0010 0.0104 0.5542 0.9992 1.0000 0.9999 0.9814 0.9936 0.9674 0.0072 0.0014 0.0018 0.0003 0.0000 0.0000 0.0000 0.0000 0.0000 0.0000 0.0000 0.0000 0.0000 0.0000 0.0000 0.0000 0.0000 0.0000 0.0000 0.0001 0.0003 0.0007 0.0058 0.0047 0.0048 0.0075 0.0041 0.0019 0.0002 0.0003 0.0002 0.0006 0.0008 0.0009 0.0013 0.0019 0.0028 0.0036 0.0032 0.0058 0.0061 0.0089 0.0129 0.0211 0.0228 0.0399 0.0366 0.0220 0.0149
0.0217 0.0115 0.0129 0.0820 0.0106 0.0008 0.0141 0.0111 0.0001 0.0001 0.0007 0.0001 0.0000 0.0000 0.0000 0.0000 0.0000 0.0000 0.0000 0.0000 0.0000 0.0000 0.0000 0.0000 0.0000 0.0000 0.0000 0.0000 0.0001 0.0034 0.0008 0.0000 0.0002 0.0010 0.0000 0.0000 0.0000 0.0000 0.0002 0.0014 0.0501 0.9983 0.9999 1.0000 0.9998 0.9897 0.9874 0.9431 0.0032 0.0008 0.0007 0.0001 0.0000 0.0000 0.0000 0.0000 0.0000 0.0000 0.0000 0.0000 0.0000 0.0000 0.0000 0.0000 0.0000 0.0000 0.0000 0.0000 0.0003 0.0019 0.0018 0.0013 0.0014 0.0007 0.0005 0.0000 0.0001 0.0000 0.0002 0.0003 0.0003 0.0004 0.0005 0.0009 0.0012 0.0009 0.0015 0.0019 0.0030 0.0039 0.0053 0.0063 0.0107 0.0093 0.0061 0.0055
0.0281 0.0145 0.0247 0.2760 0.1140 0.0050 0.2702 0.6269 0.0220 0.0080 0.3413 0.0146 0.0001 0.0005 0.0010 0.0000 0.0000 0.0000 0.0000 0.0000 0.0000 0.0000 0.0000 0.0000 0.0000 0.0000 0.0000 0.0004 0.0006 0.0758 0.0074 0.0012 0.0426 0.0834 0.0021 0.0002 0.0046 0.0004 0.0671 0.0652 0.9966 0.9983 0.9814 0.9998 1.0000 0.9996 0.9934 0.9940 0.9729 0.0049 0.0006 0.0012 0.0001 0.0000 0.0000 0.0000 0.0000 0.0000 0.0000 0.0000 0.0000 0.0000 0.0000 0.0000 0.0000 0.0000 0.0002 0.0004 0.0011 0.0047 0.0011 0.0008 0.0020 0.0010 0.0077 0.0001 0.0006 0.0001 0.0004 0.0005 0.0004 0.0004 0.0005 0.0009 0.0013 0.0005 0.0010 0.0009 0.0019 0.0026 0.0051 0.0050 0.0090 0.0074 0.0033 0.0041
0.0026 0.0009 0.0008 0.0052 0.0011 0.0001 0.0033 0.0448 0.0003 0.0003 0.1093 0.0047 0.0000 0.0003 0.0040 0.0000 0.0000 0.0001 0.0001 0.0000 0.0000 0.0000 0.0000 0.0000 0.0000 0.0000 0.0002 0.0115 0.0228 0.6591 0.1507 0.0058 0.3144 0.3124 0.0027 0.0010 0.0306 0.0023 0.1084 0.0621 0.9955 0.9571 0.9936 0.9897 0.9996 1.0000 0.9997 0.9913 0.9945 0.9821 0.0041 0.0007 0.0010 0.0002 0.0000 0.0000 0.0000 0.0000 0.0000 0.0000 0.0000 0.0000 0.0000 0.0000 0.0001 0.0000 0.0036 0.0029 0.0049 0.0178 0.0050 0.0052 0.0158 0.0163 0.1142 0.0020 0.0097 0.0008 0.0030 0.0016 0.0012 0.0013 0.0020 0.0050 0.0067 0.0022 0.0053 0.0040 0.0092 0.0158 0.0349 0.0429 0.0635 0.0518 0.0189 0.0162
0.0069 0.0017 0.0014 0.0067 0.0010 0.0000 0.0012 0.0076 0.0000 0.0000 0.0011 0.0007 0.0000 0.0000 0.0001 0.0000 0.0000 0.0000 0.0000 0.0000 0.0000 0.0000 0.0000 0.0000 0.0000 0.0000 0.0000 0.0003 0.0007 0.0570 0.0030 0.0001 0.0024 0.0034 0.0000 0.0000 0.0003 0.0000 0.0003 0.0001 0.0224 0.0338 0.9674 0.9874 0.9934 0.9997 1.0000 0.9999 0.9906 0.9915 0.9746 0.0037 0.0005 0.0007 0.0002 0.0000 0.0000 0.0000 0.0000 0.0000 0.0000 0.0000 0.0000 0.0000 0.0001 0.0000 0.0026 0.0010 0.0042 0.0170 0.0074 0.0078 0.0101 0.0049 0.0150 0.0003 0.0010 0.0002 0.0010 0.0012 0.0017 0.0024 0.0039 0.0083 0.0116 0.0066 0.0123 0.0129 0.0247 0.0337 0.0578 0.0689 0.0992 0.0764 0.0336 0.0260
0.0367 0.0185 0.0158 0.2682 0.0865 0.0027 0.0833 0.6547 0.0114 0.0014 0.1146 0.0447 0.0001 0.0003 0.0013 0.0001 0.0000 0.0000 0.0000 0.0000 0.0000 0.0000 0.0000 0.0000 0.0000 0.0000 0.0000 0.0001 0.0001 0.0047 0.0003 0.0001 0.0018 0.0012 0.0000 0.0000 0.0004 0.0000 0.0007 0.0001 0.0413 0.0168 0.0072 0.9431 0.9940 0.9913 0.9999 1.0000 0.9997 0.9912 0.9943 0.9705 0.0037 0.0008 0.0004 0.0002 0.0000 0.0000 0.0000 0.0000 0.0000 0.0000 0.0000 0.0000 0.0000 0.0000 0.0005 0.0003 0.0007 0.0026 0.0010 0.0006 0.0007 0.0005 0.0012 0.0001 0.0006 0.0002 0.0009 0.0007 0.0011 0.0011 0.0013 0.0022 0.0027 0.0016 0.0025 0.0021 0.0037 0.0047 0.0102 0.0151 0.0246 0.0257 0.0135 0.0114
0.0061 0.0016 0.0025 0.0259 0.0218 0.0014 0.0556 0.7268 0.0539 0.0154 0.8749 0.7474 0.0053 0.0322 0.5106 0.0106 0.0003 0.0027 0.0036 0.0000 0.0000 0.0000 0.0000 0.0000 0.0000 0.0000 0.0002 0.0162 0.0053 0.5192 0.0103 0.0062 0.4484 0.0767 0.0010 0.0044 0.0391 0.0006 0.0963 0.0034 0.7542 0.0065 0.0014 0.0032 0.9729 0.9945 0.9906 0.9997 1.0000 0.9999 0.9891 0.9926 0.9841 0.0063 0.0006 0.0008 0.0004 0.0000 0.0000 0.0000 0.0000 0.0000 0.0000 0.0000 0.0034 0.0002 0.0183 0.0101 0.0038 0.0060 0.0009 0.0007 0.0021 0.0041 0.1378 0.0037 0.0793 0.0014 0.0060 0.0019 0.0014 0.0009 0.0010 0.0020 0.0016 0.0007 0.0010 0.0008 0.0016 0.0023 0.0063 0.0087 0.0171 0.0170 0.0046 0.0064
0.0020 0.0006 0.0003 0.0007 0.0003 0.0000 0.0003 0.0106 0.0001 0.0001 0.0278 0.0330 0.0001 0.0007 0.0554 0.0022 0.0000 0.0004 0.0016 0.0000 0.0000 0.0000 0.0000 0.0000 0.0000 0.0001 0.0005 0.0218 0.0230 0.3773 0.0196 0.0059 0.1260 0.0183 0.0003 0.0012 0.0076 0.0001 0.0021 0.0003 0.0245 0.0012 0.0018 0.0008 0.0049 0.9821 0.9915 0.9912 0.9999 1.0000 0.9998 0.9922 0.9958 0.9861 0.0081 0.0013 0.0012 0.0004 0.0000 0.0000 0.0000 0.0000 0.0001 0.0001 0.0180 0.0025 0.1850 0.0680 0.0367 0.0355 0.0048 0.0044 0.0114 0.0250 0.2510 0.0175 0.1644 0.0043 0.0174 0.0058 0.0046 0.0037 0.0060 0.0113 0.0114 0.0038 0.0068 0.0049 0.0103 0.0158 0.0359 0.0472 0.0734 0.0680 0.0202 0.0206
0.0068 0.0020 0.0013 0.0060 0.0016 0.0000 0.0007 0.0219 0.0004 0.0000 0.0040 0.0104 0.0000 0.0000 0.0013 0.0007 0.0000 0.0000 0.0002 0.0000 0.0000 0.0000 0.0000 0.0000 0.0000 0.0000 0.0000 0.0002 0.0001 0.0071 0.0002 0.0000 0.0009 0.0001 0.0000 0.0000 0.0001 0.0000 0.0001 0.0000 0.0004 0.0000 0.0003 0.0007 0.0006 0.0041 0.9746 0.9943 0.9891 0.9998 1.0000 0.9998 0.9902 0.9932 0.9801 0.0051 0.0005 0.0008 0.0002 0.0000 0.0000 0.0000 0.0001 0.0000 0.0014 0.0001 0.0287 0.0050 0.0031 0.0071 0.0010 0.0008 0.0014 0.0010 0.0085 0.0004 0.0068 0.0006 0.0052 0.0027 0.0051 0.0068 0.0111 0.0229 0.0258 0.0135 0.0231 0.0174 0.0308 0.0323 0.0539 0.0547 0.0772 0.0709 0.0336 0.0298
0.0089 0.0032 0.0036 0.0265 0.0303 0.0011 0.0164 0.6840 0.0901 0.0025 0.3767 0.8871 0.0105 0.0061 0.2799 0.0627 0.0003 0.0007 0.0054 0.0002 0.0000 0.0000 0.0000 0.0000 0.0000 0.0000 0.0000 0.0006 0.0001 0.0071 0.0001 0.0002 0.0068 0.0004 0.0000 0.0004 0.0012 0.0000 0.0005 0.0000 0.0018 0.0000 0.0000 0.0001 0.0012 0.0007 0.0037 0.9705 0.9926 0.9922 0.9998 1.0000 0.9998 0.9920 0.9927 0.9798 0.0083 0.0008 0.0011 0.0013 0.0000 0.0000 0.0005 0.0001 0.0027 0.0002 0.0044 0.0039 0.0008 0.0011 0.0002 0.0002 0.0003 0.0004 0.0066 0.0008 0.0159 0.0009 0.0045 0.0032 0.0038 0.0033 0.0038 0.0089 0.0068 0.0022 0.0041 0.0022 0.0043 0.0059 0.0116 0.0122 0.0247 0.0243 0.0099 0.0101
0.0010 0.0003 0.0002 0.0005 0.0003 0.0000 0.0005 0.0243 0.0013 0.0009 0.2200 0.6826 0.0114 0.0230 0.8383 0.4880 0.0037 0.0406 0.4357 0.0071 0.0003 0.0037 0.0001 0.0001 0.0001 0.0008 0.0008 0.1056 0.0050 0.3122 0.0024 0.0049 0.2287 0.0032 0.0001 0.0019 0.0087 0.0000 0.0016 0.0000 0.0014 0.0000 0.0000 0.0000 0.0001 0.0010 0.0005 0.0037 0.9841 0.9958 0.9902 0.9998 1.0000 0.9998 0.9890 0.9937 0.9820 0.0131 0.0013 0.0047 0.0004 0.0001 0.0523 0.0026 0.4983 0.0123 0.3924 0.0565 0.0072 0.0044 0.0004 0.0004 0.0010 0.0022 0.2266 0.0276 0.6006 0.0166 0.0726 0.0086 0.0044 0.0019 0.0027 0.0055 0.0036 0.0009 0.0015 0.0010 0.0024 0.0040 0.0093 0.0082 0.0165 0.0146 0.0039 0.0066
0.0010 0.0005 0.0003 0.0002 0.0001 0.0000 0.0000 0.0003 0.0000 0.0000 0.0007 0.0054 0.0001 0.0001 0.0128 0.0090 0.0001 0.0004 0.0225 0.0008 0.0000 0.0003 0.0000 0.0002 0.0001 0.0007 0.0008 0.0085 0.0012 0.0159 0.0003 0.0002 0.0027 0.0001 0.0000 0.0001 0.0003 0.0000 0.0001 0.0000 0.0000 0.0000 0.0000 0.0000 0.0000 0.0002 0.0007 0.0008 0.0063 0.9861 0.9932 0.9920 0.9998 1.0000 0.9998 0.9871 0.9904 0.9656 0.0218 0.0060 0.0009 0.0002 0.0177 0.0032 0.2452 0.0271 0.2476 0.0540 0.0140 0.0089 0.0015 0.0012 0.0018 0.0023 0.0408 0.0074 0.1759 0.0097 0.0679 0.0149 0.0180 0.0121 0.0184 0.0300 0.0248 0.0088 0.0120 0.0089 0.0227 0.0285 0.0508 0.0442 0.0608 0.0560 0.0243 0.0245
0.0038 0.0017 0.0013 0.0026 0.0012 0.0002 0.0011 0.0077 0.0009 0.0000 0.0016 0.0329 0.0004 0.0001 0.0104 0.0181 0.0001 0.0002 0.0047 0.0006 0.0000 0.0002 0.0000 0.0001 0.0000 0.0001 0.0000 0.0003 0.0000 0.0006 0.0000 0.0000 0.0002 0.0000 0.0000 0.0000 0.0001 0.0000 0.0000 0.0000 0.0000 0.0000 0.0000 0.0000 0.0000 0.0000 0.0002 0.0004 0.0006 0.0081 0.9801 0.9927 0.9890 0.9998 1.0000 0.9999 0.9827 0.9818 0.9046 0.0518 0.0019 0.0003 0.0044 0.0005 0.0110 0.0010 0.0078 0.0143 0.0021 0.0014 0.0005 0.0005 0.0008 0.0005 0.0024 0.0007 0.0058 0.0019 0.0088 0.0072 0.0147 0.0107 0.0117 0.0249 0.0200 0.0095 0.0135 0.0085 0.0152 0.0217 0.0366 0.0378 0.0517 0.0495 0.0287 0.0260
0.0022 0.0008 0.0008 0.0034 0.0019 0.0002 0.0019 0.0569 0.0049 0.0003 0.0521 0.6013 0.0282 0.0065 0.4724 0.6786 0.0129 0.0217 0.4269 0.0572 0.0010 0.0066 0.0004 0.0007 0.0001 0.0003 0.0002 0.0044 0.0002 0.0038 0.0001 0.0003 0.0026 0.0001 0.0000 0.0002 0.0004 0.0000 0.0002 0.0000 0.0001 0.0000 0.0000 0.0000 0.0000 0.0000 0.0000 0.0002 0.0008 0.0013 0.0051 0.9798 0.9937 0.9871 0.9999 1.0000 0.9998 0.9783 0.9710 0.8827 0.0777 0.0134 0.3710 0.0146 0.3389 0.0117 0.0476 0.0177 0.0010 0.0010 0.0002 0.0003 0.0004 0.0009 0.0167 0.0051 0.1282 0.0051 0.0428 0.0074 0.0066 0.0040 0.0034 0.0090 0.0046 0.0025 0.0046 0.0023 0.0034 0.0049 0.0073 0.0069 0.0120 0.0131 0.0060 0.0099
0.0007 0.0003 0.0001 0.0002 0.0001 0.0000 0.0000 0.0003 0.0000 0.0000 0.0008 0.0081 0.0003 0.0005 0.0922 0.2154 0.0029 0.0205 0.5278 0.1565 0.0047 0.0853 0.0030 0.0048 0.0013 0.0072 0.0011 0.0304 0.0008 0.0069 0.0002 0.0003 0.0032 0.0002 0.0000 0.0002 0.0004 0.0000 0.0001 0.0000 0.0001 0.0000 0.0000 0.0000 0.0000 0.0000 0.0000 0.0000 0.0004 0.0012 0.0005 0.0083 0.9820 0.9904 0.9827 0.9998 1.0000 0.9998 0.9402 0.9226 0.4133 0.0956 0.8187 0.1989 0.9197 0.1248 0.3726 0.0210 0.0017 0.0005 0.0002 0.0003 0.0004 0.0014 0.0318 0.0245 0.3859 0.0318 0.3232 0.0344 0.0228 0.0077 0.0075 0.0204 0.0087 0.0049 0.0082 0.0030 0.0034 0.0044 0.0060 0.0062 0.0098 0.0108 0.0054 0.0085
0.0009 0.0003 0.0003 0.0003 0.0001 0.0000 0.0000 0.0001 0.0000 0.0000 0.0000 0.0003 0.0000 0.0000 0.0007 0.0025 0.0001 0.0003 0.0188 0.0039 0.0003 0.0016 0.0007 0.0012 0.0004 0.0010 0.0003 0.0014 0.0003 0.0005 0.0001 0.0001 0.0002 0.0000 0.0000 0.0002 0.0001 0.0000 0.0000 0.0000 0.0000 0.0000 0.0000 0.0000 0.0000 0.0000 0.0000 0.0000 0.0000 0.0004 0.0008 0.0008 0.0131 0.9656 0.9818 0.9783 0.9998 1.0000 0.9997 0.8524 0.3363 0.0099 0.1009 0.0221 0.1452 0.0115 0.0367 0.0073 0.0008 0.0004 0.0002 0.0003 0.0004 0.0009 0.0044 0.0023 0.0241 0.0030 0.0345 0.0102 0.0146 0.0125 0.0125 0.0296 0.0204 0.0161 0.0247 0.0133 0.0158 0.0190 0.0264 0.0262 0.0399 0.0372 0.0223 0.0201
0.0018 0.0008 0.0007 0.0016 0.0008 0.0002 0.0001 0.0016 0.0004 0.0000 0.0002 0.0063 0.0008 0.0000 0.0039 0.0309 0.0005 0.0004 0.0285 0.0160 0.0006 0.0024 0.0023 0.0022 0.0004 0.0008 0.0002 0.0005 0.0002 0.0003 0.0001 0.0001 0.0000 0.0000 0.0000 0.0002 0.0002 0.0000 0.0000 0.0000 0.0000 0.0000 0.0000 0.0000 0.0000 0.0000 0.0000 0.0000 0.0000 0.0000 0.0002 0.0011 0.0013 0.0218 0.9046 0.9710 0.9402 0.9997 1.0000 0.9993 0.4857 0.0305 0.1784 0.0169 0.0667 0.0048 0.0043 0.0003 0.0002 0.0001 0.0000 0.0002 0.0003 0.0007 0.0014 0.0005 0.0052 0.0009 0.0165 0.0058 0.0182 0.0160 0.0192 0.0549 0.0302 0.0267 0.0440 0.0190 0.0193 0.0217 0.0248 0.0214 0.0271 0.0245 0.0184 0.0166
