1.0000 0.9986 0.8460 0.5258 0.4786 0.1587 0.0565 0.0289 0.0191 0.0090 0.0039 0.0052 0.0048 0.0029 0.0033 0.0033 0.0018 0.0018 0.0022 0.0012 0.0010 0.0012 0.0012 0.0008 0.0007 0.0006 0.0008 0.0012 0.0015 0.0014 0.0018 0.0021 0.0020 0.0026 0.0033 0.0044 0.0033 0.0022 0.0042 0.0050 0.0028 0.0024 0.0069 0.0107 0.0044 0.0064 0.0203 0.0150 0.0130 0.0077 0.0071 0.0062 0.0029 0.0032 0.0031 0.0015 0.0012 0.0014 0.0011 0.0008 0.0009 0.0010 0.0009 0.0009 0.0009 0.0007 0.0007 0.0008 0.0008 0.0008 0.0005 0.0006 0.0007 0.0005 0.0004 0.0005 0.0008 0.0010 0.0010 0.0014 0.0019 0.0024 0.0034 0.0033 0.0021 0.0033 0.0029 0.0014 0.0015 0.0020 0.0014 0.0009 0.0013 0.0014 0.0012 0.0012 0.0015 0.0016 0.0014 0.0016 0.0015 0.0015 0.0011 0.0009 0.0010 0.0010 0.0008 0.0008 0.0012 0.0014 0.0012 0.0016 0.0022 0.0024 0.0027 0.0029 0.0027 0.0030 0.0036 0.0036 0.0037 0.0042 0.0029 0.0047 0.0043 0.0034 0.0020 0.0023 0.0025 0.0018 0.0014 0.0017 0.0016 0.0015 0.0015 0.0016 0.0018 0.0021 0.0021 0.0020 0.0024 0.0023 0.0028 0.0027 0.0022 0.0022 0.0021 0.0018 0.0015 0.0015 0.0015 0.0013 0.0015 0.0018 0.0022 0.0021 0.0030 0.0039 0.0047 0.0044 0.0061 0.0074 0.0085 0.0072
0.9986 1.0000 0.9994 0.8950 0.7291 0.5963 0.1060 0.0353 0.0263 0.0175 0.0049 0.0082 0.0066 0.0033 0.0044 0.0047 0.0019 0.0021 0.0027 0.0013 0.0009 0.0012 0.0010 0.0005 0.0004 0.0004 0.0007 0.0012 0.0012 0.0010 0.0014 0.0021 0.0018 0.0026 0.0031 0.0049 0.0035 0.0023 0.0050 0.0070 0.0032 0.0024 0.0092 0.0164 0.0056 0.0089 0.0328 0.0249 0.0219 0.0118 0.0108 0.0086 0.0032 0.0036 0.0036 0.0015 0.0010 0.0014 0.0010 0.0005 0.0007 0.0007 0.0005 0.0005 0.0005 0.0004 0.0004 0.0004 0.0005 0.0004 0.0003 0.0003 0.0004 0.0003 0.0003 0.0004 0.0006 0.0009 0.0009 0.0013 0.0018 0.0026 0.0039 0.0044 0.0025 0.0036 0.0027 0.0012 0.0016 0.0023 0.0012 0.0007 0.0012 0.0014 0.0010 0.0011 0.0014 0.0015 0.0010 0.0015 0.0012 0.0013 0.0009 0.0007 0.0009 0.0011 0.0007 0.0007 0.0012 0.0015 0.0012 0.0017 0.0022 0.0024 0.0026 0.0030 0.0028 0.0036 0.0042 0.0047 0.0056 0.0072 0.0042 0.0070 0.0059 0.0041 0.0021 0.0030 0.0036 0.0024 0.0014 0.0022 0.0019 0.0015 0.0014 0.0016 0.0018 0.0020 0.0019 0.0016 0.0022 0.0021 0.0025 0.0025 0.0019 0.0022 0.0020 0.0017 0.0012 0.0016 0.0012 0.0012 0.0014 0.0019 0.0027 0.0024 0.0039 0.0057 0.0078 0.0071 0.0104 0.0105 0.0127 0.0083
0.8460 0.9994 1.0000 0.9996 0.9081 0.7452 0.5882 0.0670 0.0272 0.0211 0.0080 0.0119 0.0088 0.0036 0.0044 0.0055 0.0020 0.0022 0.0025 0.0012 0.0008 0.0008 0.0008 0.0005 0.0004 0.0004 0.0007 0.0012 0.0013 0.0009 0.0013 0.0018 0.0017 0.0022 0.0025 0.0046 0.0037 0.0025 0.0060 0.0083 0.0039 0.0026 0.0094 0.0204 0.0056 0.0086 0.0346 0.0279 0.0233 0.0115 0.0101 0.0096 0.0032 0.0033 0.0038 0.0016 0.0010 0.0014 0.0010 0.0005 0.0006 0.0005 0.0004 0.0004 0.0004 0.0003 0.0004 0.0004 0.0005 0.0005 0.0003 0.0003 0.0003 0.0003 0.0003 0.0003 0.0005 0.0008 0.0007 0.0010 0.0015 0.0018 0.0029 0.0030 0.0019 0.0026 0.0021 0.0013 0.0015 0.0016 0.0011 0.0007 0.0010 0.0010 0.0009 0.0008 0.0012 0.0013 0.0010 0.0012 0.0011 0.0012 0.0009 0.0007 0.0008 0.0009 0.0007 0.0007 0.0012 0.0015 0.0012 0.0016 0.0022 0.0022 0.0022 0.0026 0.0024 0.0031 0.0038 0.0044 0.0059 0.0078 0.0045 0.0070 0.0058 0.0042 0.0022 0.0029 0.0030 0.0018 0.0014 0.0027 0.0019 0.0014 0.0016 0.0017 0.0018 0.0019 0.0016 0.0014 0.0018 0.0017 0.0021 0.0022 0.0018 0.0021 0.0019 0.0015 0.0012 0.0013 0.0011 0.0010 0.0013 0.0019 0.0029 0.0029 0.0047 0.0061 0.0093 0.0087 0.0131 0.0140 0.0136 0.0091
0.5258 0.8950 0.9996 1.0000 0.9997 0.9032 0.7455 0.5320 0.0730 0.0368 0.0149 0.0389 0.0368 0.0066 0.0086 0.0183 0.0038 0.0024 0.0035 0.0019 0.0008 0.0009 0.0008 0.0005 0.0005 0.0004 0.0007 0.0012 0.0014 0.0012 0.0017 0.0020 0.0016 0.0022 0.0022 0.0046 0.0049 0.0033 0.0102 0.0174 0.0097 0.0051 0.0246 0.0611 0.0178 0.0176 0.0730 0.0657 0.0399 0.0151 0.0148 0.0253 0.0064 0.0054 0.0072 0.0039 0.0016 0.0016 0.0012 0.0007 0.0008 0.0006 0.0004 0.0003 0.0004 0.0004 0.0004 0.0005 0.0006 0.0007 0.0005 0.0004 0.0005 0.0004 0.0004 0.0005 0.0007 0.0011 0.0012 0.0016 0.0019 0.0023 0.0033 0.0033 0.0022 0.0036 0.0034 0.0023 0.0026 0.0020 0.0016 0.0011 0.0013 0.0009 0.0009 0.0011 0.0012 0.0015 0.0012 0.0015 0.0015 0.0015 0.0011 0.0009 0.0009 0.0010 0.0009 0.0010 0.0016 0.0021 0.0018 0.0026 0.0030 0.0030 0.0025 0.0029 0.0027 0.0041 0.0049 0.0060 0.0092 0.0130 0.0088 0.0136 0.0088 0.0061 0.0041 0.0079 0.0052 0.0023 0.0024 0.0048 0.0023 0.0018 0.0021 0.0019 0.0019 0.0025 0.0018 0.0012 0.0017 0.0016 0.0022 0.0027 0.0019 0.0025 0.0021 0.0016 0.0015 0.0015 0.0012 0.0013 0.0019 0.0022 0.0049 0.0065 0.0088 0.0090 0.0205 0.0181 0.0207 0.0223 0.0161 0.0099
0.4786 0.7291 0.9081 0.9997 1.0000 0.9997 0.8726 0.6316 0.5092 0.0864 0.0216 0.0439 0.0545 0.0070 0.0068 0.0155 0.0032 0.0018 0.0023 0.0013 0.0006 0.0006 0.0005 0.0004 0.0003 0.0004 0.0006 0.0012 0.0013 0.0010 0.0016 0.0018 0.0015 0.0016 0.0016 0.0033 0.0033 0.0021 0.0063 0.0114 0.0064 0.0044 0.0195 0.0569 0.0178 0.0159 0.0869 0.0945 0.0549 0.0156 0.0157 0.0245 0.0049 0.0043 0.0070 0.0030 0.0012 0.0013 0.0010 0.0005 0.0006 0.0004 0.0003 0.0003 0.0004 0.0003 0.0004 0.0004 0.0004 0.0005 0.0003 0.0003 0.0004 0.0003 0.0003 0.0003 0.0004 0.0007 0.0009 0.0012 0.0016 0.0019 0.0026 0.0029 0.0022 0.0037 0.0037 0.0022 0.0030 0.0026 0.0016 0.0008 0.0011 0.0008 0.0007 0.0009 0.0012 0.0014 0.0012 0.0012 0.0013 0.0012 0.0008 0.0006 0.0005 0.0007 0.0005 0.0007 0.0010 0.0015 0.0014 0.0019 0.0022 0.0024 0.0021 0.0023 0.0023 0.0034 0.0045 0.0051 0.0082 0.0114 0.0091 0.0131 0.0080 0.0060 0.0047 0.0093 0.0057 0.0019 0.0019 0.0042 0.0019 0.0014 0.0020 0.0018 0.0014 0.0018 0.0014 0.0010 0.0012 0.0013 0.0017 0.0021 0.0016 0.0021 0.0015 0.0011 0.0010 0.0012 0.0010 0.0012 0.0017 0.0019 0.0044 0.0055 0.0068 0.0071 0.0194 0.0176 0.0215 0.0215 0.0152 0.0093
0.1587 0.5963 0.7452 0.9032 0.9997 1.0000 0.9997 0.8204 0.5629 0.4572 0.0434 0.0393 0.0211 0.0047 0.0032 0.0044 0.0007 0.0007 0.0008 0.0003 0.0002 0.0003 0.0002 0.0001 0.0001 0.0001 0.0002 0.0005 0.0007 0.0005 0.0009 0.0011 0.0008 0.0007 0.0007 0.0014 0.0012 0.0008 0.0024 0.0052 0.0027 0.0017 0.0079 0.0344 0.0083 0.0082 0.0713 0.1170 0.0724 0.0144 0.0136 0.0149 0.0023 0.0018 0.0032 0.0012 0.0005 0.0008 0.0006 0.0003 0.0003 0.0003 0.0002 0.0002 0.0003 0.0001 0.0003 0.0003 0.0003 0.0003 0.0001 0.0002 0.0002 0.0002 0.0001 0.0002 0.0003 0.0004 0.0003 0.0005 0.0008 0.0009 0.0010 0.0014 0.0010 0.0021 0.0016 0.0009 0.0013 0.0015 0.0006 0.0003 0.0006 0.0005 0.0004 0.0004 0.0007 0.0009 0.0005 0.0006 0.0006 0.0006 0.0004 0.0003 0.0003 0.0003 0.0002 0.0002 0.0005 0.0007 0.0005 0.0009 0.0011 0.0013 0.0014 0.0015 0.0016 0.0022 0.0033 0.0037 0.0057 0.0088 0.0058 0.0108 0.0079 0.0047 0.0024 0.0048 0.0040 0.0012 0.0009 0.0022 0.0012 0.0008 0.0012 0.0014 0.0010 0.0010 0.0011 0.0008 0.0009 0.0010 0.0012 0.0012 0.0011 0.0012 0.0009 0.0007 0.0005 0.0007 0.0007 0.0007 0.0009 0.0012 0.0020 0.0020 0.0030 0.0042 0.0125 0.0124 0.0166 0.0174 0.0138 0.0084
0.0565 0.1060 0.5882 0.7455 0.8726 0.9997 1.0000 0.9997 0.8727 0.5792 0.4244 0.1728 0.0662 0.0082 0.0098 0.0088 0.0009 0.0006 0.0007 0.0003 0.0002 0.0002 0.0001 0.0001 0.0001 0.0001 0.0001 0.0004 0.0004 0.0005 0.0007 0.0007 0.0005 0.0005 0.0005 0.0009 0.0009 0.0005 0.0016 0.0060 0.0036 0.0017 0.0085 0.0447 0.0111 0.0093 0.0686 0.1422 0.0797 0.0104 0.0162 0.0323 0.0029 0.0019 0.0040 0.0016 0.0004 0.0007 0.0007 0.0003 0.0004 0.0003 0.0003 0.0001 0.0002 0.0003 0.0002 0.0003 0.0003 0.0003 0.0001 0.0002 0.0002 0.0002 0.0001 0.0001 0.0003 0.0003 0.0003 0.0005 0.0006 0.0007 0.0007 0.0009 0.0007 0.0011 0.0009 0.0007 0.0009 0.0007 0.0004 0.0003 0.0004 0.0003 0.0003 0.0003 0.0005 0.0007 0.0004 0.0005 0.0006 0.0005 0.0003 0.0002 0.0003 0.0003 0.0002 0.0003 0.0005 0.0006 0.0005 0.0008 0.0011 0.0014 0.0014 0.0014 0.0015 0.0020 0.0032 0.0033 0.0068 0.0102 0.0098 0.0178 0.0105 0.0086 0.0043 0.0066 0.0034 0.0012 0.0012 0.0025 0.0009 0.0006 0.0012 0.0015 0.0009 0.0010 0.0012 0.0008 0.0008 0.0008 0.0009 0.0009 0.0008 0.0010 0.0008 0.0006 0.0004 0.0005 0.0004 0.0006 0.0007 0.0008 0.0017 0.0022 0.0021 0.0044 0.0146 0.0134 0.0143 0.0150 0.0104 0.0073
0.0289 0.0353 0.0670 0.5320 0.6316 0.8204 0.9997 1.0000 0.9997 0.7998 0.5415 0.8705 0.3167 0.0113 0.0099 0.0300 0.0006 0.0002 0.0003 0.0001 0.0001 0.0001 0.0001 0.0000 0.0001 0.0001 0.0001 0.0003 0.0003 0.0003 0.0005 0.0005 0.0004 0.0003 0.0003 0.0005 0.0007 0.0003 0.0008 0.0032 0.0041 0.0012 0.0047 0.0684 0.0177 0.0063 0.0547 0.1592 0.0513 0.0038 0.0066 0.0269 0.0026 0.0010 0.0025 0.0022 0.0004 0.0005 0.0008 0.0003 0.0004 0.0004 0.0004 0.0002 0.0002 0.0002 0.0002 0.0002 0.0003 0.0003 0.0001 0.0001 0.0002 0.0001 0.0001 0.0001 0.0002 0.0003 0.0003 0.0003 0.0005 0.0005 0.0005 0.0007 0.0006 0.0009 0.0008 0.0006 0.0006 0.0005 0.0005 0.0002 0.0004 0.0003 0.0003 0.0003 0.0004 0.0006 0.0004 0.0005 0.0005 0.0005 0.0003 0.0003 0.0003 0.0003 0.0002 0.0003 0.0004 0.0006 0.0005 0.0008 0.0009 0.0012 0.0012 0.0011 0.0013 0.0015 0.0029 0.0027 0.0060 0.0088 0.0107 0.0204 0.0104 0.0087 0.0082 0.0104 0.0035 0.0011 0.0014 0.0026 0.0008 0.0005 0.0014 0.0018 0.0010 0.0012 0.0020 0.0008 0.0007 0.0006 0.0008 0.0008 0.0007 0.0008 0.0008 0.0005 0.0004 0.0005 0.0004 0.0006 0.0007 0.0007 0.0025 0.0057 0.0034 0.0074 0.0413 0.0370 0.0279 0.0340 0.0201 0.0115
0.0191 0.0263 0.0272 0.0730 0.5092 0.5629 0.8727 0.9997 1.0000 0.9997 0.9811 0.9777 0.9281 0.0331 0.0126 0.0045 0.0010 0.0000 0.0000 0.0000 0.0000 0.0001 0.0001 0.0000 0.0000 0.0001 0.0001 0.0001 0.0003 0.0002 0.0003 0.0003 0.0002 0.0003 0.0002 0.0003 0.0003 0.0002 0.0003 0.0017 0.0047 0.0009 0.0043 0.1350 0.0322 0.0071 0.0748 0.2812 0.0906 0.0049 0.0119 0.0519 0.0034 0.0008 0.0037 0.0032 0.0003 0.0005 0.0012 0.0004 0.0004 0.0005 0.0006 0.0003 0.0003 0.0002 0.0001 0.0002 0.0003 0.0003 0.0001 0.0001 0.0001 0.0001 0.0001 0.0001 0.0002 0.0002 0.0002 0.0004 0.0005 0.0008 0.0006 0.0007 0.0005 0.0008 0.0006 0.0004 0.0005 0.0006 0.0004 0.0002 0.0005 0.0003 0.0003 0.0003 0.0005 0.0007 0.0004 0.0004 0.0005 0.0004 0.0003 0.0002 0.0003 0.0003 0.0002 0.0003 0.0004 0.0005 0.0004 0.0006 0.0008 0.0010 0.0009 0.0008 0.0010 0.0016 0.0026 0.0029 0.0079 0.0106 0.0173 0.0337 0.0147 0.0124 0.0134 0.0169 0.0067 0.0017 0.0026 0.0057 0.0008 0.0005 0.0030 0.0038 0.0010 0.0013 0.0030 0.0008 0.0005 0.0005 0.0005 0.0007 0.0005 0.0007 0.0006 0.0005 0.0004 0.0003 0.0003 0.0004 0.0005 0.0004 0.0012 0.0038 0.0018 0.0033 0.0259 0.0228 0.0154 0.0203 0.0155 0.0094
0.0090 0.0175 0.0211 0.0368 0.0864 0.4572 0.5792 0.7998 0.9997 1.0000 0.9999 0.9836 0.9886 0.9690 0.0093 0.0016 0.0012 0.0004 0.0000 0.0000 0.0000 0.0000 0.0000 0.0000 0.0000 0.0001 0.0001 0.0003 0.0003 0.0002 0.0003 0.0001 0.0001 0.0001 0.0001 0.0002 0.0002 0.0001 0.0002 0.0006 0.0067 0.0015 0.0046 0.1207 0.1716 0.0339 0.1688 0.7475 0.5782 0.0451 0.1434 0.5606 0.0550 0.0074 0.0591 0.0504 0.0023 0.0034 0.0202 0.0052 0.0010 0.0019 0.0027 0.0004 0.0005 0.0004 0.0003 0.0003 0.0003 0.0004 0.0003 0.0003 0.0003 0.0003 0.0002 0.0003 0.0003 0.0004 0.0005 0.0005 0.0005 0.0009 0.0007 0.0007 0.0007 0.0007 0.0005 0.0005 0.0006 0.0004 0.0005 0.0004 0.0005 0.0004 0.0003 0.0004 0.0005 0.0005 0.0005 0.0005 0.0007 0.0005 0.0003 0.0003 0.0003 0.0004 0.0005 0.0005 0.0007 0.0010 0.0009 0.0010 0.0012 0.0014 0.0010 0.0008 0.0008 0.0012 0.0025 0.0026 0.0090 0.0115 0.0334 0.0422 0.0120 0.0131 0.0294 0.0355 0.0099 0.0032 0.0103 0.0278 0.0029 0.0012 0.0162 0.0127 0.0022 0.0029 0.0046 0.0007 0.0005 0.0004 0.0005 0.0007 0.0006 0.0008 0.0006 0.0005 0.0005 0.0004 0.0003 0.0005 0.0005 0.0004 0.0007 0.0026 0.0011 0.0011 0.0070 0.0091 0.0032 0.0054 0.0041 0.0032
0.0039 0.0049 0.0080 0.0149 0.0216 0.0434 0.4244 0.5415 0.9811 0.9999 1.0000 0.9999 0.9901 0.9859 0.9718 0.0066 0.0007 0.0008 0.0002 0.0000 0.0000 0.0000 0.0000 0.0000 0.0000 0.0000 0.0000 0.0003 0.0002 0.0001 0.0002 0.0001 0.0001 0.0001 0.0001 0.0001 0.0001 0.0001 0.0001 0.0003 0.0008 0.0001 0.0003 0.0085 0.0070 0.0015 0.0104 0.0971 0.0601 0.0030 0.0141 0.1029 0.0039 0.0010 0.0151 0.0154 0.0005 0.0019 0.0177 0.0032 0.0005 0.0024 0.0044 0.0009 0.0008 0.0004 0.0003 0.0002 0.0002 0.0002 0.0001 0.0001 0.0002 0.0001 0.0001 0.0001 0.0001 0.0003 0.0001 0.0003 0.0003 0.0004 0.0004 0.0003 0.0003 0.0004 0.0003 0.0002 0.0003 0.0003 0.0003 0.0001 0.0003 0.0003 0.0001 0.0003 0.0003 0.0004 0.0003 0.0004 0.0004 0.0003 0.0003 0.0002 0.0003 0.0003 0.0002 0.0003 0.0003 0.0004 0.0003 0.0004 0.0006 0.0008 0.0006 0.0005 0.0005 0.0008 0.0010 0.0009 0.0016 0.0017 0.0041 0.0102 0.0019 0.0027 0.0029 0.0049 0.0025 0.0009 0.0010 0.0075 0.0007 0.0003 0.0018 0.0025 0.0007 0.0008 0.0013 0.0004 0.0003 0.0003 0.0004 0.0005 0.0005 0.0005 0.0005 0.0004 0.0003 0.0003 0.0002 0.0003 0.0003 0.0003 0.0005 0.0007 0.0004 0.0010 0.0073 0.0054 0.0041 0.0068 0.0055 0.0036
0.0052 0.0082 0.0119 0.0389 0.0439 0.0393 0.1728 0.8705 0.9777 0.9836 0.9999 1.0000 0.9998 0.9907 0.9905 0.9746 0.0058 0.0008 0.0005 0.0002 0.0000 0.0000 0.0000 0.0000 0.0001 0.0001 0.0001 0.0004 0.0003 0.0003 0.0004 0.0001 0.0001 0.0001 0.0001 0.0001 0.0005 0.0001 0.0002 0.0044 0.0183 0.0006 0.0016 0.1538 0.0260 0.0012 0.0069 0.0794 0.0124 0.0006 0.0017 0.0232 0.0016 0.0001 0.0010 0.0022 0.0002 0.0001 0.0008 0.0004 0.0001 0.0002 0.0006 0.0002 0.0004 0.0004 0.0003 0.0002 0.0003 0.0003 0.0001 0.0002 0.0002 0.0002 0.0002 0.0002 0.0002 0.0003 0.0003 0.0004 0.0004 0.0006 0.0004 0.0003 0.0004 0.0004 0.0003 0.0003 0.0004 0.0003 0.0003 0.0003 0.0003 0.0002 0.0003 0.0003 0.0004 0.0007 0.0004 0.0007 0.0012 0.0004 0.0003 0.0003 0.0003 0.0003 0.0002 0.0003 0.0004 0.0008 0.0007 0.0006 0.0007 0.0009 0.0006 0.0005 0.0004 0.0005 0.0008 0.0008 0.0012 0.0014 0.0031 0.0128 0.0021 0.0033 0.0060 0.0113 0.0019 0.0011 0.0029 0.0066 0.0006 0.0004 0.0012 0.0008 0.0004 0.0005 0.0006 0.0002 0.0003 0.0003 0.0003 0.0004 0.0004 0.0005 0.0004 0.0004 0.0004 0.0004 0.0002 0.0004 0.0004 0.0004 0.0044 0.0102 0.0026 0.0083 0.1143 0.0778 0.0422 0.0435 0.0228 0.0122
0.0048 0.0066 0.0088 0.0368 0.0545 0.0211 0.0662 0.3167 0.9281 0.9886 0.9901 0.9998 1.0000 0.9999 0.9917 0.9903 0.9808 0.0045 0.0006 0.0010 0.0003 0.0000 0.0000 0.0000 0.0001 0.0008 0.0002 0.0009 0.0004 0.0005 0.0010 0.0003 0.0003 0.0002 0.0003 0.0003 0.0025 0.0039 0.0011 0.0149 0.3884 0.0877 0.0280 0.6300 0.7728 0.0716 0.1669 0.7054 0.3555 0.0171 0.0347 0.5854 0.1423 0.0043 0.0323 0.1481 0.0041 0.0010 0.0064 0.0078 0.0005 0.0002 0.0011 0.0002 0.0004 0.0009 0.0003 0.0004 0.0004 0.0007 0.0008 0.0006 0.0008 0.0009 0.0011 0.0013 0.0004 0.0008 0.0025 0.0015 0.0010 0.0011 0.0007 0.0004 0.0008 0.0005 0.0008 0.0016 0.0013 0.0004 0.0008 0.0012 0.0005 0.0003 0.0005 0.0010 0.0004 0.0008 0.0023 0.0018 0.0047 0.0008 0.0007 0.0019 0.0007 0.0005 0.0022 0.0022 0.0009 0.0032 0.0066 0.0015 0.0016 0.0026 0.0008 0.0005 0.0005 0.0007 0.0011 0.0010 0.0037 0.0025 0.0258 0.0305 0.0036 0.0082 0.0450 0.0544 0.0058 0.0058 0.0436 0.0335 0.0024 0.0028 0.0187 0.0027 0.0005 0.0010 0.0006 0.0002 0.0003 0.0002 0.0003 0.0005 0.0004 0.0008 0.0005 0.0005 0.0009 0.0005 0.0004 0.0010 0.0017 0.0006 0.0037 0.0540 0.0049 0.0029 0.0736 0.0812 0.0101 0.0146 0.0065 0.0037
0.0029 0.0033 0.0036 0.0066 0.0070 0.0047 0.0082 0.0113 0.0331 0.9690 0.9859 0.9907 0.9999 1.0000 0.9999 0.9926 0.9928 0.9707 0.0038 0.0005 0.0010 0.0004 0.0000 0.0000 0.0001 0.0008 0.0002 0.0011 0.0004 0.0004 0.0008 0.0003 0.0002 0.0002 0.0001 0.0001 0.0002 0.0010 0.0002 0.0004 0.0369 0.0083 0.0025 0.0574 0.3884 0.0349 0.0415 0.4181 0.3467 0.0425 0.1323 0.7971 0.2423 0.0155 0.2361 0.3699 0.0127 0.0060 0.0671 0.0465 0.0032 0.0048 0.0161 0.0009 0.0025 0.0039 0.0006 0.0005 0.0005 0.0008 0.0008 0.0007 0.0008 0.0008 0.0008 0.0009 0.0004 0.0007 0.0010 0.0010 0.0007 0.0007 0.0005 0.0003 0.0005 0.0004 0.0005 0.0006 0.0007 0.0003 0.0005 0.0005 0.0004 0.0003 0.0004 0.0007 0.0005 0.0007 0.0012 0.0010 0.0019 0.0009 0.0008 0.0016 0.0008 0.0005 0.0012 0.0017 0.0010 0.0022 0.0035 0.0014 0.0012 0.0016 0.0006 0.0004 0.0004 0.0005 0.0007 0.0008 0.0016 0.0015 0.0068 0.0081 0.0033 0.0041 0.0127 0.0352 0.0093 0.0037 0.0199 0.0411 0.0026 0.0016 0.0114 0.0022 0.0005 0.0007 0.0005 0.0002 0.0003 0.0002 0.0003 0.0005 0.0003 0.0007 0.0005 0.0005 0.0005 0.0005 0.0003 0.0004 0.0006 0.0003 0.0010 0.0027 0.0008 0.0009 0.0068 0.0048 0.0019 0.0039 0.0027 0.0021
0.0033 0.0044 0.0044 0.0086 0.0068 0.0032 0.0098 0.0099 0.0126 0.0093 0.9718 0.9905 0.9917 0.9999 1.0000 0.9999 0.9853 0.9868 0.9661 0.0031 0.0004 0.0015 0.0005 0.0001 0.0002 0.0005 0.0003 0.0009 0.0004 0.0005 0.0007 0.0003 0.0003 0.0002 0.0001 0.0001 0.0005 0.0004 0.0001 0.0010 0.0144 0.0003 0.0002 0.0148 0.0138 0.0006 0.0014 0.0113 0.0078 0.0018 0.0037 0.0424 0.0026 0.0003 0.0072 0.0142 0.0002 0.0002 0.0042 0.0027 0.0001 0.0005 0.0044 0.0008 0.0015 0.0012 0.0004 0.0004 0.0004 0.0004 0.0003 0.0003 0.0003 0.0003 0.0003 0.0003 0.0003 0.0004 0.0003 0.0004 0.0004 0.0003 0.0003 0.0003 0.0003 0.0003 0.0003 0.0003 0.0003 0.0003 0.0002 0.0002 0.0003 0.0002 0.0003 0.0005 0.0007 0.0011 0.0008 0.0008 0.0013 0.0008 0.0003 0.0004 0.0004 0.0003 0.0003 0.0003 0.0004 0.0009 0.0007 0.0005 0.0007 0.0009 0.0005 0.0003 0.0003 0.0004 0.0005 0.0005 0.0008 0.0005 0.0010 0.0023 0.0014 0.0014 0.0019 0.0077 0.0027 0.0014 0.0026 0.0097 0.0014 0.0008 0.0019 0.0008 0.0004 0.0004 0.0004 0.0002 0.0002 0.0002 0.0003 0.0003 0.0004 0.0006 0.0004 0.0003 0.0004 0.0003 0.0005 0.0010 0.0005 0.0009 0.0127 0.0078 0.0018 0.0103 0.0610 0.0186 0.0090 0.0133 0.0055 0.0043
0.0033 0.0047 0.0055 0.0183 0.0155 0.0044 0.0088 0.0300 0.0045 0.0016 0.0066 0.9746 0.9903 0.9926 0.9999 1.0000 0.9999 0.9922 0.9924 0.9771 0.0056 0.0015 0.0018 0.0015 0.0145 0.0110 0.0008 0.0023 0.0008 0.0021 0.0038 0.0005 0.0011 0.0019 0.0004 0.0010 0.0524 0.0253 0.0028 0.0815 0.5787 0.0366 0.0104 0.3845 0.2820 0.0041 0.0082 0.0486 0.0088 0.0013 0.0014 0.0369 0.0116 0.0004 0.0030 0.0280 0.0016 0.0003 0.0024 0.0025 0.0002 0.0001 0.0008 0.0001 0.0004 0.0009 0.0003 0.0005 0.0006 0.0008 0.0010 0.0008 0.0008 0.0009 0.0014 0.0009 0.0004 0.0010 0.0012 0.0008 0.0005 0.0005 0.0003 0.0003 0.0004 0.0003 0.0003 0.0005 0.0005 0.0003 0.0004 0.0006 0.0004 0.0003 0.0005 0.0012 0.0010 0.0025 0.0038 0.0024 0.0062 0.0023 0.0009 0.0022 0.0010 0.0009 0.0028 0.0012 0.0008 0.0032 0.0029 0.0008 0.0010 0.0019 0.0008 0.0004 0.0004 0.0004 0.0005 0.0004 0.0008 0.0007 0.0044 0.0047 0.0009 0.0015 0.0122 0.0153 0.0019 0.0028 0.0147 0.0089 0.0012 0.0036 0.0061 0.0008 0.0004 0.0009 0.0005 0.0002 0.0002 0.0002 0.0003 0.0005 0.0005 0.0010 0.0007 0.0007 0.0016 0.0009 0.0014 0.0131 0.0060 0.0040 0.0657 0.1012 0.0151 0.0229 0.1371 0.0906 0.0152 0.0190 0.0069 0.0037
0.0018 0.0019 0.0020 0.0038 0.0032 0.0007 0.0009 0.0006 0.0010 0.0012 0.0007 0.0058 0.9808 0.9928 0.9853 0.9999 1.0000 0.9998 0.9914 0.9940 0.9787 0.0073 0.0010 0.0017 0.0469 0.1660 0.0024 0.0077 0.0011 0.0049 0.0127 0.0007 0.0016 0.0055 0.0010 0.0008 0.0272 0.1719 0.0082 0.0174 0.6904 0.4411 0.0155 0.2403 0.8295 0.0530 0.0168 0.1322 0.0873 0.0110 0.0138 0.4600 0.3422 0.0138 0.1438 0.8369 0.0965 0.0070 0.1388 0.1727 0.0038 0.0013 0.0133 0.0005 0.0022 0.0125 0.0011 0.0014 0.0010 0.0025 0.0136 0.0047 0.0034 0.0080 0.0122 0.0087 0.0010 0.0027 0.0064 0.0015 0.0005 0.0004 0.0003 0.0001 0.0004 0.0002 0.0003 0.0008 0.0007 0.0002 0.0005 0.0032 0.0010 0.0004 0.0016 0.0034 0.0007 0.0014 0.0070 0.0018 0.0068 0.0026 0.0024 0.0095 0.0014 0.0010 0.0137 0.0093 0.0010 0.0042 0.0167 0.0015 0.0011 0.0023 0.0009 0.0004 0.0002 0.0004 0.0005 0.0004 0.0009 0.0009 0.0154 0.0063 0.0023 0.0017 0.0377 0.0595 0.0035 0.0039 0.0653 0.0138 0.0010 0.0043 0.0073 0.0005 0.0004 0.0009 0.0003 0.0001 0.0001 0.0001 0.0003 0.0004 0.0003 0.0008 0.0004 0.0004 0.0020 0.0004 0.0003 0.0027 0.0021 0.0004 0.0057 0.0319 0.0014 0.0006 0.0117 0.0061 0.0009 0.0017 0.0013 0.0010
0.0018 0.0021 0.0022 0.0024 0.0018 0.0007 0.0006 0.0002 0.0000 0.0004 0.0008 0.0008 0.0045 0.9707 0.9868 0.9922 0.9998 1.0000 0.9999 0.9902 0.9896 0.9684 0.0194 0.0019 0.0066 0.0217 0.0013 0.0054 0.0008 0.0018 0.0025 0.0005 0.0006 0.0009 0.0002 0.0001 0.0015 0.0044 0.0001 0.0006 0.0282 0.0064 0.0007 0.0040 0.0229 0.0036 0.0012 0.0052 0.0087 0.0032 0.0202 0.1505 0.0340 0.0051 0.1945 0.3528 0.0097 0.0056 0.1955 0.0485 0.0041 0.0071 0.0371 0.0044 0.0141 0.0117 0.0019 0.0019 0.0012 0.0011 0.0014 0.0012 0.0009 0.0010 0.0009 0.0007 0.0004 0.0005 0.0005 0.0004 0.0004 0.0003 0.0002 0.0001 0.0003 0.0002 0.0003 0.0003 0.0004 0.0003 0.0003 0.0005 0.0008 0.0005 0.0007 0.0013 0.0007 0.0011 0.0011 0.0009 0.0018 0.0011 0.0007 0.0010 0.0007 0.0004 0.0009 0.0006 0.0004 0.0012 0.0017 0.0007 0.0007 0.0017 0.0011 0.0004 0.0004 0.0005 0.0010 0.0009 0.0021 0.0019 0.0081 0.0046 0.0083 0.0014 0.0056 0.0369 0.0072 0.0021 0.0044 0.0121 0.0014 0.0015 0.0019 0.0007 0.0007 0.0009 0.0006 0.0003 0.0003 0.0003 0.0004 0.0007 0.0005 0.0012 0.0009 0.0007 0.0008 0.0004 0.0005 0.0014 0.0004 0.0005 0.0050 0.0032 0.0007 0.0010 0.0069 0.0017 0.0010 0.0018 0.0019 0.0014
0.0022 0.0027 0.0025 0.0035 0.0023 0.0008 0.0007 0.0003 0.0000 0.0000 0.0002 0.0005 0.0006 0.0038 0.9661 0.9924 0.9914 0.9999 1.0000 0.9998 0.9896 0.9919 0.9530 0.0539 0.1534 0.0247 0.0012 0.0024 0.0011 0.0047 0.0051 0.0018 0.0031 0.0036 0.0004 0.0011 0.0232 0.0097 0.0004 0.0071 0.0808 0.0018 0.0005 0.0168 0.0045 0.0004 0.0004 0.0013 0.0004 0.0004 0.0010 0.0033 0.0007 0.0004 0.0017 0.0054 0.0005 0.0002 0.0033 0.0023 0.0002 0.0002 0.0030 0.0006 0.0025 0.0029 0.0008 0.0011 0.0008 0.0009 0.0014 0.0008 0.0009 0.0009 0.0008 0.0006 0.0004 0.0006 0.0005 0.0005 0.0004 0.0004 0.0003 0.0002 0.0003 0.0003 0.0003 0.0003 0.0005 0.0003 0.0003 0.0004 0.0007 0.0005 0.0007 0.0013 0.0010 0.0022 0.0023 0.0016 0.0032 0.0026 0.0010 0.0009 0.0007 0.0007 0.0011 0.0005 0.0005 0.0010 0.0007 0.0004 0.0006 0.0015 0.0013 0.0005 0.0004 0.0005 0.0010 0.0010 0.0013 0.0011 0.0018 0.0013 0.0010 0.0008 0.0019 0.0035 0.0010 0.0010 0.0021 0.0015 0.0008 0.0022 0.0036 0.0010 0.0014 0.0034 0.0016 0.0005 0.0010 0.0007 0.0011 0.0019 0.0016 0.0044 0.0030 0.0046 0.0063 0.0014 0.0054 0.0295 0.0028 0.0034 0.0616 0.0355 0.0042 0.0179 0.0611 0.0109 0.0047 0.0058 0.0033 0.0022
0.0012 0.0013 0.0012 0.0019 0.0013 0.0003 0.0003 0.0001 0.0000 0.0000 0.0000 0.0002 0.0010 0.0005 0.0031 0.9771 0.9940 0.9902 0.9998 1.0000 0.9999 0.9848 0.9726 0.8972 0.9272 0.8123 0.0455 0.0362 0.0049 0.0733 0.0570 0.0056 0.0478 0.0770 0.0102 0.0104 0.4291 0.4214 0.0168 0.1156 0.7430 0.1310 0.0034 0.0718 0.1067 0.0014 0.0010 0.0036 0.0008 0.0003 0.0005 0.0071 0.0094 0.0012 0.0034 0.0987 0.0081 0.0007 0.0292 0.0408 0.0012 0.0005 0.0060 0.0005 0.0025 0.0141 0.0018 0.0023 0.0014 0.0049 0.0217 0.0073 0.0047 0.0122 0.0164 0.0109 0.0015 0.0035 0.0077 0.0017 0.0011 0.0007 0.0003 0.0003 0.0006 0.0004 0.0003 0.0008 0.0008 0.0003 0.0007 0.0032 0.0014 0.0007 0.0026 0.0074 0.0021 0.0041 0.0203 0.0066 0.0132 0.0104 0.0099 0.0091 0.0017 0.0041 0.0150 0.0047 0.0010 0.0039 0.0062 0.0009 0.0007 0.0022 0.0023 0.0004 0.0004 0.0005 0.0010 0.0006 0.0015 0.0012 0.0077 0.0024 0.0009 0.0010 0.0090 0.0071 0.0006 0.0018 0.0118 0.0023 0.0005 0.0072 0.0130 0.0009 0.0014 0.0084 0.0018 0.0004 0.0010 0.0005 0.0010 0.0026 0.0016 0.0073 0.0032 0.0069 0.0310 0.0025 0.0052 0.0636 0.0157 0.0018 0.0427 0.0760 0.0043 0.0033 0.0364 0.0119 0.0015 0.0022 0.0014 0.0011
0.0010 0.0009 0.0008 0.0008 0.0006 0.0002 0.0002 0.0001 0.0000 0.0000 0.0000 0.0000 0.0003 0.0010 0.0004 0.0056 0.9787 0.9896 0.9896 0.9999 1.0000 0.9998 0.9452 0.9291 0.7945 0.8582 0.1506 0.1135 0.0056 0.0527 0.0410 0.0028 0.0116 0.0243 0.0057 0.0015 0.0382 0.2010 0.0060 0.0049 0.2668 0.0856 0.0015 0.0071 0.0545 0.0020 0.0004 0.0016 0.0019 0.0008 0.0026 0.0643 0.0487 0.0033 0.0828 0.6072 0.0468 0.0176 0.5099 0.4606 0.0144 0.0207 0.1338 0.0049 0.0259 0.1165 0.0117 0.0111 0.0053 0.0135 0.0705 0.0190 0.0077 0.0206 0.0232 0.0143 0.0015 0.0030 0.0054 0.0013 0.0010 0.0007 0.0004 0.0003 0.0007 0.0005 0.0005 0.0010 0.0015 0.0004 0.0011 0.0095 0.0059 0.0020 0.0066 0.0139 0.0044 0.0071 0.0293 0.0075 0.0096 0.0035 0.0049 0.0072 0.0016 0.0021 0.0117 0.0065 0.0009 0.0041 0.0175 0.0018 0.0014 0.0065 0.0056 0.0009 0.0009 0.0010 0.0048 0.0026 0.0095 0.0109 0.0428 0.0219 0.0098 0.0027 0.0325 0.0422 0.0014 0.0019 0.0217 0.0032 0.0009 0.0044 0.0067 0.0011 0.0016 0.0057 0.0015 0.0005 0.0010 0.0007 0.0012 0.0025 0.0015 0.0049 0.0023 0.0032 0.0092 0.0010 0.0008 0.0047 0.0015 0.0003 0.0016 0.0039 0.0010 0.0006 0.0029 0.0019 0.0008 0.0011 0.0010 0.0008
0.0012 0.0012 0.0008 0.0009 0.0006 0.0003 0.0002 0.0001 0.0001 0.0000 0.0000 0.0000 0.0000 0.0004 0.0015 0.0015 0.0073 0.9684 0.9919 0.9848 0.9998 1.0000 0.9998 0.8704 0.2368 0.0899 0.0124 0.0129 0.0021 0.0074 0.0054 0.0022 0.0039 0.0058 0.0010 0.0004 0.0037 0.0068 0.0002 0.0008 0.0063 0.0007 0.0002 0.0012 0.0008 0.0002 0.0001 0.0003 0.0003 0.0003 0.0012 0.0041 0.0010 0.0004 0.0080 0.0182 0.0012 0.0016 0.1115 0.0161 0.0021 0.0054 0.0343 0.0047 0.0203 0.0248 0.0071 0.0068 0.0039 0.0039 0.0050 0.0025 0.0016 0.0019 0.0015 0.0009 0.0007 0.0008 0.0006 0.0005 0.0006 0.0006 0.0004 0.0004 0.0005 0.0005 0.0005 0.0005 0.0009 0.0007 0.0009 0.0014 0.0045 0.0026 0.0035 0.0067 0.0056 0.0062 0.0082 0.0049 0.0045 0.0025 0.0015 0.0010 0.0011 0.0010 0.0011 0.0006 0.0005 0.0008 0.0010 0.0008 0.0009 0.0025 0.0026 0.0011 0.0011 0.0011 0.0040 0.0037 0.0091 0.0133 0.0133 0.0111 0.0064 0.0016 0.0029 0.0075 0.0010 0.0011 0.0020 0.0016 0.0010 0.0021 0.0034 0.0018 0.0025 0.0050 0.0030 0.0014 0.0028 0.0019 0.0031 0.0049 0.0042 0.0056 0.0048 0.0069 0.0045 0.0020 0.0041 0.0119 0.0011 0.0010 0.0069 0.0035 0.0012 0.0030 0.0091 0.0025 0.0020 0.0022 0.0019 0.0014
0.0012 0.0010 0.0008 0.0008 0.0005 0.0002 0.0001 0.0001 0.0001 0.0000 0.0000 0.0000 0.0000 0.0000 0.0005 0.0018 0.0010 0.0194 0.9530 0.9726 0.9452 0.9998 1.0000 0.9999 0.8911 0.1881 0.0780 0.0245 0.0116 0.1078 0.0373 0.0318 0.0657 0.0720 0.0072 0.0065 0.0886 0.0271 0.0012 0.0141 0.0416 0.0010 0.0005 0.0059 0.0007 0.0001 0.0001 0.0001 0.0001 0.0001 0.0003 0.0004 0.0002 0.0002 0.0009 0.0025 0.0005 0.0007 0.0083 0.0051 0.0010 0.0027 0.0198 0.0028 0.0088 0.0186 0.0066 0.0082 0.0051 0.0077 0.0105 0.0053 0.0035 0.0044 0.0038 0.0019 0.0014 0.0021 0.0021 0.0014 0.0013 0.0014 0.0008 0.0009 0.0011 0.0008 0.0007 0.0007 0.0012 0.0007 0.0010 0.0013 0.0022 0.0017 0.0026 0.0057 0.0046 0.0097 0.0160 0.0196 0.0122 0.0126 0.0068 0.0021 0.0015 0.0034 0.0025 0.0010 0.0008 0.0012 0.0014 0.0009 0.0008 0.0023 0.0033 0.0015 0.0015 0.0019 0.0049 0.0053 0.0093 0.0097 0.0075 0.0042 0.0017 0.0012 0.0019 0.0016 0.0008 0.0011 0.0020 0.0016 0.0012 0.0058 0.0119 0.0030 0.0060 0.0205 0.0088 0.0030 0.0087 0.0048 0.0089 0.0172 0.0147 0.0226 0.0192 0.0394 0.0333 0.0118 0.0201 0.0516 0.0121 0.0067 0.0367 0.0228 0.0044 0.0075 0.0208 0.0058 0.0026 0.0028 0.0022 0.0017
0.0008 0.0005 0.0005 0.0005 0.0004 0.0001 0.0001 0.0000 0.0000 0.0000 0.0000 0.0000 0.0000 0.0000 0.0001 0.0015 0.0017 0.0019 0.0539 0.8972 0.9291 0.8704 0.9999 1.0000 0.9998 0.9117 0.3944 0.1469 0.0464 0.2792 0.1414 0.0526 0.1470 0.2023 0.0349 0.0139 0.2114 0.1779 0.0060 0.0194 0.1273 0.0092 0.0011 0.0040 0.0024 0.0002 0.0002 0.0003 0.0001 0.0001 0.0002 0.0008 0.0008 0.0008 0.0027 0.0125 0.0033 0.0029 0.0487 0.0547 0.0071 0.0091 0.0822 0.0075 0.0258 0.0805 0.0257 0.0258 0.0155 0.0257 0.0512 0.0267 0.0129 0.0166 0.0199 0.0091 0.0026 0.0053 0.0074 0.0024 0.0025 0.0029 0.0012 0.0013 0.0016 0.0012 0.0012 0.0014 0.0014 0.0008 0.0012 0.0027 0.0019 0.0014 0.0047 0.0158 0.0063 0.0132 0.0426 0.0553 0.0386 0.0295 0.0215 0.0090 0.0033 0.0062 0.0086 0.0033 0.0018 0.0049 0.0137 0.0034 0.0024 0.0107 0.0107 0.0028 0.0033 0.0034 0.0099 0.0085 0.0164 0.0251 0.0369 0.0160 0.0046 0.0025 0.0089 0.0063 0.0011 0.0022 0.0054 0.0027 0.0016 0.0119 0.0236 0.0024 0.0053 0.0288 0.0073 0.0020 0.0091 0.0044 0.0085 0.0197 0.0148 0.0306 0.0176 0.0249 0.0413 0.0082 0.0049 0.0236 0.0092 0.0017 0.0091 0.0139 0.0023 0.0015 0.0058 0.0034 0.0012 0.0018 0.0014 0.0011
0.0007 0.0004 0.0004 0.0005 0.0003 0.0001 0.0001 0.0001 0.0000 0.0000 0.0000 0.0001 0.0001 0.0001 0.0002 0.0145 0.0469 0.0066 0.1534 0.9272 0.7945 0.2368 0.8911 0.9998 1.0000 0.9996 0.6594 0.0934 0.0254 0.2060 0.0862 0.0261 0.0838 0.1337 0.0195 0.0131 0.2084 0.2375 0.0055 0.0176 0.2335 0.0126 0.0009 0.0035 0.0040 0.0003 0.0002 0.0004 0.0002 0.0001 0.0003 0.0014 0.0009 0.0009 0.0036 0.0411 0.0060 0.0060 0.1808 0.2064 0.0188 0.0280 0.1962 0.0177 0.0697 0.2235 0.0690 0.0755 0.0457 0.0675 0.1840 0.0670 0.0255 0.0961 0.0838 0.0161 0.0092 0.0266 0.0463 0.0170 0.0173 0.0178 0.0056 0.0049 0.0066 0.0029 0.0048 0.0104 0.0039 0.0010 0.0023 0.0048 0.0019 0.0011 0.0082 0.0269 0.0073 0.0195 0.0813 0.0657 0.0463 0.0360 0.0331 0.0218 0.0057 0.0094 0.0126 0.0045 0.0019 0.0051 0.0131 0.0051 0.0038 0.0191 0.0236 0.0063 0.0071 0.0080 0.0196 0.0158 0.0267 0.0285 0.0319 0.0116 0.0031 0.0019 0.0048 0.0030 0.0010 0.0025 0.0049 0.0019 0.0015 0.0115 0.0180 0.0021 0.0047 0.0283 0.0059 0.0021 0.0098 0.0051 0.0110 0.0264 0.0180 0.0388 0.0198 0.0189 0.0386 0.0071 0.0027 0.0143 0.0088 0.0014 0.0058 0.0134 0.0021 0.0012 0.0049 0.0036 0.0012 0.0019 0.0015 0.0010
0.0006 0.0004 0.0004 0.0004 0.0004 0.0001 0.0001 0.0001 0.0001 0.0001 0.0000 0.0001 0.0008 0.0008 0.0005 0.0110 0.1660 0.0217 0.0247 0.8123 0.8582 0.0899 0.1881 0.9117 0.9996 1.0000 0.9995 0.6294 0.0856 0.7477 0.4238 0.0569 0.3090 0.2877 0.0698 0.0705 0.6585 0.6274 0.0535 0.1588 0.6484 0.0802 0.0048 0.0267 0.0135 0.0005 0.0004 0.0005 0.0003 0.0001 0.0003 0.0030 0.0016 0.0009 0.0064 0.0863 0.0082 0.0057 0.1519 0.2810 0.0197 0.0182 0.1905 0.0195 0.0969 0.3559 0.0799 0.0820 0.0454 0.0843 0.3156 0.0625 0.0234 0.0848 0.0758 0.0148 0.0034 0.0126 0.0299 0.0082 0.0034 0.0039 0.0010 0.0014 0.0016 0.0009 0.0012 0.0046 0.0019 0.0005 0.0010 0.0038 0.0010 0.0007 0.0039 0.0205 0.0033 0.0060 0.0447 0.0255 0.0342 0.0132 0.0153 0.0175 0.0043 0.0047 0.0132 0.0067 0.0023 0.0067 0.0321 0.0089 0.0045 0.0227 0.0224 0.0060 0.0045 0.0043 0.0135 0.0089 0.0170 0.0165 0.0368 0.0093 0.0022 0.0023 0.0135 0.0060 0.0015 0.0075 0.0183 0.0019 0.0020 0.0153 0.0083 0.0011 0.0024 0.0099 0.0020 0.0008 0.0028 0.0019 0.0047 0.0102 0.0061 0.0186 0.0071 0.0056 0.0126 0.0022 0.0008 0.0029 0.0030 0.0005 0.0015 0.0033 0.0008 0.0005 0.0016 0.0015 0.0005 0.0009 0.0007 0.0007
0.0008 0.0007 0.0007 0.0007 0.0006 0.0002 0.0001 0.0001 0.0001 0.0001 0.0000 0.0001 0.0002 0.0002 0.0003 0.0008 0.0024 0.0013 0.0012 0.0455 0.1506 0.0124 0.0780 0.3944 0.6594 0.9995 1.0000 0.9994 0.9901 0.9649 0.4536 0.0606 0.2217 0.0925 0.0192 0.0356 0.2670 0.0696 0.0042 0.0242 0.0677 0.0022 0.0010 0.0033 0.0008 0.0001 0.0001 0.0002 0.0001 0.0001 0.0002 0.0007 0.0003 0.0003 0.0030 0.0053 0.0010 0.0019 0.0418 0.0208 0.0049 0.0125 0.1305 0.0329 0.1461 0.1863 0.0875 0.0760 0.0345 0.0374 0.0572 0.0217 0.0051 0.0085 0.0038 0.0011 0.0008 0.0014 0.0021 0.0012 0.0010 0.0021 0.0007 0.0009 0.0010 0.0007 0.0005 0.0008 0.0007 0.0003 0.0004 0.0006 0.0007 0.0004 0.0011 0.0029 0.0012 0.0019 0.0059 0.0069 0.0074 0.0055 0.0033 0.0023 0.0014 0.0018 0.0015 0.0009 0.0008 0.0017 0.0031 0.0029 0.0022 0.0100 0.0223 0.0122 0.0098 0.0109 0.0228 0.0136 0.0193 0.0095 0.0080 0.0026 0.0011 0.0018 0.0024 0.0013 0.0019 0.0076 0.0046 0.0010 0.0024 0.0148 0.0032 0.0013 0.0037 0.0056 0.0022 0.0018 0.0037 0.0031 0.0058 0.0087 0.0079 0.0115 0.0065 0.0037 0.0027 0.0012 0.0006 0.0008 0.0005 0.0004 0.0005 0.0006 0.0004 0.0004 0.0008 0.0008 0.0006 0.0008 0.0008 0.0008
0.0012 0.0012 0.0012 0.0012 0.0012 0.0005 0.0004 0.0003 0.0001 0.0003 0.0003 0.0004 0.0009 0.0011 0.0009 0.0023 0.0077 0.0054 0.0024 0.0362 0.1135 0.0129 0.0245 0.1469 0.0934 0.6294 0.9994 1.0000 0.9998 0.9133 0.5315 0.0964 0.0844 0.0519 0.0148 0.0592 0.2251 0.0712 0.0108 0.0800 0.1342 0.0053 0.0078 0.0270 0.0025 0.0006 0.0007 0.0006 0.0003 0.0003 0.0009 0.0047 0.0013 0.0015 0.0093 0.0171 0.0036 0.0075 0.0560 0.0494 0.0139 0.0282 0.1715 0.0595 0.2402 0.3182 0.1754 0.1356 0.0579 0.0799 0.1361 0.0377 0.0145 0.0269 0.0085 0.0025 0.0015 0.0027 0.0051 0.0025 0.0019 0.0028 0.0012 0.0017 0.0026 0.0016 0.0011 0.0026 0.0033 0.0011 0.0010 0.0012 0.0011 0.0007 0.0016 0.0035 0.0021 0.0019 0.0037 0.0039 0.0058 0.0035 0.0030 0.0029 0.0023 0.0019 0.0015 0.0017 0.0016 0.0023 0.0054 0.0049 0.0031 0.0128 0.0213 0.0108 0.0075 0.0085 0.0170 0.0115 0.0169 0.0096 0.0096 0.0037 0.0014 0.0028 0.0033 0.0016 0.0020 0.0158 0.0111 0.0017 0.0047 0.0376 0.0075 0.0023 0.0106 0.0132 0.0030 0.0019 0.0030 0.0027 0.0056 0.0083 0.0061 0.0100 0.0059 0.0039 0.0035 0.0017 0.0008 0.0008 0.0008 0.0004 0.0005 0.0008 0.0006 0.0004 0.0009 0.0011 0.0007 0.0011 0.0010 0.0009
0.0015 0.0012 0.0013 0.0014 0.0013 0.0007 0.0004 0.0003 0.0003 0.0003 0.0002 0.0003 0.0004 0.0004 0.0004 0.0008 0.0011 0.0008 0.0011 0.0049 0.0056 0.0021 0.0116 0.0464 0.0254 0.0856 0.9901 0.9998 1.0000 0.9996 0.7214 0.1898 0.3256 0.0569 0.0180 0.0587 0.1869 0.0214 0.0045 0.0427 0.0228 0.0011 0.0015 0.0055 0.0007 0.0003 0.0003 0.0003 0.0001 0.0001 0.0002 0.0005 0.0005 0.0005 0.0042 0.0034 0.0010 0.0034 0.0396 0.0125 0.0074 0.0200 0.0796 0.0325 0.1194 0.1099 0.0840 0.0694 0.0304 0.0236 0.0318 0.0120 0.0047 0.0050 0.0024 0.0010 0.0008 0.0009 0.0008 0.0007 0.0008 0.0011 0.0007 0.0008 0.0011 0.0012 0.0008 0.0010 0.0012 0.0008 0.0008 0.0008 0.0010 0.0007 0.0009 0.0018 0.0017 0.0019 0.0015 0.0022 0.0052 0.0028 0.0019 0.0015 0.0014 0.0012 0.0008 0.0009 0.0010 0.0015 0.0021 0.0026 0.0021 0.0050 0.0162 0.0113 0.0079 0.0078 0.0104 0.0066 0.0075 0.0040 0.0031 0.0030 0.0012 0.0047 0.0043 0.0009 0.0019 0.0199 0.0081 0.0012 0.0054 0.0360 0.0045 0.0017 0.0073 0.0063 0.0020 0.0016 0.0025 0.0026 0.0047 0.0053 0.0047 0.0060 0.0041 0.0025 0.0017 0.0013 0.0006 0.0005 0.0005 0.0004 0.0004 0.0004 0.0004 0.0003 0.0006 0.0007 0.0006 0.0008 0.0010 0.0010
0.0014 0.0010 0.0009 0.0012 0.0010 0.0005 0.0005 0.0003 0.0002 0.0002 0.0001 0.0003 0.0005 0.0004 0.0005 0.0021 0.0049 0.0018 0.0047 0.0733 0.0527 0.0074 0.1078 0.2792 0.2060 0.7477 0.9649 0.9133 0.9996 1.0000 0.9994 0.9193 0.8469 0.3456 0.0711 0.2279 0.7192 0.2778 0.0259 0.1325 0.1595 0.0058 0.0034 0.0066 0.0011 0.0003 0.0003 0.0001 0.0001 0.0001 0.0001 0.0004 0.0005 0.0003 0.0029 0.0110 0.0018 0.0023 0.0349 0.0262 0.0127 0.0106 0.0729 0.0164 0.0828 0.1204 0.0579 0.0538 0.0205 0.0339 0.0720 0.0173 0.0054 0.0093 0.0074 0.0020 0.0009 0.0011 0.0011 0.0007 0.0007 0.0005 0.0003 0.0004 0.0007 0.0005 0.0006 0.0008 0.0009 0.0005 0.0007 0.0009 0.0008 0.0007 0.0013 0.0038 0.0012 0.0021 0.0031 0.0039 0.0116 0.0036 0.0034 0.0037 0.0017 0.0016 0.0014 0.0015 0.0014 0.0025 0.0075 0.0061 0.0027 0.0108 0.0254 0.0116 0.0064 0.0060 0.0088 0.0043 0.0054 0.0038 0.0060 0.0047 0.0013 0.0066 0.0091 0.0015 0.0018 0.0263 0.0147 0.0013 0.0030 0.0287 0.0044 0.0012 0.0054 0.0063 0.0016 0.0011 0.0020 0.0017 0.0037 0.0056 0.0041 0.0076 0.0039 0.0025 0.0027 0.0012 0.0005 0.0005 0.0005 0.0004 0.0004 0.0005 0.0004 0.0003 0.0007 0.0008 0.0005 0.0008 0.0008 0.0008
0.0018 0.0014 0.0013 0.0017 0.0016 0.0009 0.0007 0.0005 0.0003 0.0003 0.0002 0.0004 0.0010 0.0008 0.0007 0.0038 0.0127 0.0025 0.0051 0.0570 0.0410 0.0054 0.0373 0.1414 0.0862 0.4238 0.4536 0.5315 0.7214 0.9994 1.0000 0.9998 0.8421 0.2793 0.0491 0.1927 0.4794 0.1387 0.0274 0.1093 0.1132 0.0060 0.0039 0.0052 0.0015 0.0004 0.0003 0.0001 0.0000 0.0001 0.0002 0.0007 0.0008 0.0006 0.0055 0.0158 0.0025 0.0025 0.0367 0.0301 0.0178 0.0077 0.0518 0.0193 0.1088 0.1689 0.1098 0.0932 0.0438 0.0876 0.1317 0.0322 0.0126 0.0230 0.0185 0.0045 0.0017 0.0024 0.0027 0.0012 0.0008 0.0007 0.0004 0.0005 0.0011 0.0008 0.0012 0.0017 0.0021 0.0012 0.0019 0.0038 0.0038 0.0021 0.0053 0.0126 0.0040 0.0055 0.0132 0.0140 0.0368 0.0130 0.0129 0.0115 0.0049 0.0033 0.0027 0.0039 0.0026 0.0040 0.0152 0.0125 0.0050 0.0172 0.0279 0.0124 0.0059 0.0049 0.0071 0.0041 0.0052 0.0035 0.0049 0.0069 0.0020 0.0132 0.0236 0.0038 0.0067 0.0438 0.0356 0.0036 0.0092 0.0454 0.0117 0.0030 0.0137 0.0202 0.0026 0.0016 0.0036 0.0023 0.0048 0.0078 0.0057 0.0125 0.0059 0.0043 0.0058 0.0020 0.0008 0.0009 0.0010 0.0004 0.0006 0.0010 0.0008 0.0005 0.0009 0.0012 0.0008 0.0010 0.0010 0.0010
0.0021 0.0021 0.0018 0.0020 0.0018 0.0011 0.0007 0.0005 0.0003 0.0001 0.0001 0.0001 0.0003 0.0003 0.0003 0.0005 0.0007 0.0005 0.0018 0.0056 0.0028 0.0022 0.0318 0.0526 0.0261 0.0569 0.0606 0.0964 0.1898 0.9193 0.9998 1.0000 0.9994 0.6025 0.0696 0.2449 0.2466 0.0253 0.0033 0.0122 0.0066 0.0004 0.0004 0.0003 0.0001 0.0000 0.0000 0.0000 0.0000 0.0000 0.0000 0.0001 0.0001 0.0001 0.0006 0.0008 0.0003 0.0007 0.0059 0.0022 0.0032 0.0033 0.0158 0.0087 0.0386 0.0317 0.0276 0.0308 0.0148 0.0157 0.0137 0.0060 0.0025 0.0034 0.0014 0.0004 0.0005 0.0007 0.0004 0.0004 0.0004 0.0005 0.0003 0.0004 0.0007 0.0007 0.0005 0.0006 0.0008 0.0006 0.0005 0.0005 0.0011 0.0010 0.0019 0.0048 0.0041 0.0058 0.0060 0.0086 0.0114 0.0042 0.0019 0.0014 0.0011 0.0008 0.0004 0.0005 0.0006 0.0010 0.0017 0.0030 0.0019 0.0036 0.0127 0.0103 0.0049 0.0040 0.0042 0.0034 0.0031 0.0020 0.0015 0.0027 0.0011 0.0035 0.0027 0.0008 0.0014 0.0097 0.0033 0.0008 0.0016 0.0087 0.0018 0.0010 0.0034 0.0037 0.0012 0.0010 0.0019 0.0018 0.0033 0.0037 0.0033 0.0047 0.0036 0.0021 0.0015 0.0012 0.0006 0.0005 0.0004 0.0004 0.0004 0.0003 0.0004 0.0004 0.0005 0.0005 0.0006 0.0008 0.0010 0.0010
0.0020 0.0018 0.0017 0.0016 0.0015 0.0008 0.0005 0.0004 0.0002 0.0001 0.0001 0.0001 0.0003 0.0002 0.0003 0.0011 0.0016 0.0006 0.0031 0.0478 0.0116 0.0039 0.0657 0.1470 0.0838 0.3090 0.2217 0.0844 0.3256 0.8469 0.8421 0.9994 1.0000 0.9994 0.8126 0.7300 0.8989 0.2765 0.0214 0.0428 0.0837 0.0014 0.0005 0.0003 0.0001 0.0000 0.0000 0.0000 0.0000 0.0000 0.0000 0.0001 0.0001 0.0001 0.0010 0.0031 0.0012 0.0014 0.0405 0.0126 0.0122 0.0071 0.0265 0.0089 0.0424 0.0720 0.0419 0.0472 0.0152 0.0314 0.0552 0.0103 0.0034 0.0123 0.0066 0.0010 0.0009 0.0015 0.0008 0.0005 0.0004 0.0005 0.0004 0.0007 0.0016 0.0015 0.0009 0.0014 0.0030 0.0009 0.0007 0.0010 0.0015 0.0008 0.0017 0.0071 0.0041 0.0068 0.0081 0.0131 0.0197 0.0069 0.0069 0.0031 0.0015 0.0010 0.0008 0.0009 0.0008 0.0012 0.0041 0.0038 0.0020 0.0063 0.0221 0.0132 0.0053 0.0037 0.0032 0.0022 0.0025 0.0015 0.0020 0.0014 0.0009 0.0016 0.0020 0.0009 0.0009 0.0055 0.0030 0.0009 0.0010 0.0070 0.0024 0.0010 0.0029 0.0033 0.0011 0.0008 0.0011 0.0012 0.0022 0.0031 0.0023 0.0038 0.0023 0.0016 0.0018 0.0010 0.0005 0.0005 0.0004 0.0003 0.0003 0.0003 0.0003 0.0003 0.0004 0.0005 0.0005 0.0007 0.0009 0.0009
0.0026 0.0026 0.0022 0.0022 0.0016 0.0007 0.0005 0.0003 0.0003 0.0001 0.0001 0.0001 0.0002 0.0002 0.0002 0.0019 0.0055 0.0009 0.0036 0.0770 0.0243 0.0058 0.0720 0.2023 0.1337 0.2877 0.0925 0.0519 0.0569 0.3456 0.2793 0.6025 0.9994 1.0000 0.9998 0.9667 0.9691 0.8660 0.0394 0.0162 0.0078 0.0015 0.0001 0.0001 0.0000 0.0000 0.0000 0.0000 0.0000 0.0000 0.0000 0.0001 0.0002 0.0001 0.0007 0.0054 0.0015 0.0010 0.0362 0.0383 0.0103 0.0120 0.0804 0.0210 0.1138 0.2163 0.1161 0.0817 0.0242 0.0765 0.0980 0.0126 0.0042 0.0139 0.0080 0.0012 0.0008 0.0015 0.0008 0.0005 0.0004 0.0004 0.0004 0.0009 0.0019 0.0022 0.0011 0.0015 0.0030 0.0014 0.0009 0.0015 0.0021 0.0011 0.0042 0.0182 0.0096 0.0188 0.0270 0.0399 0.0576 0.0201 0.0113 0.0067 0.0022 0.0010 0.0007 0.0006 0.0006 0.0008 0.0010 0.0012 0.0012 0.0018 0.0053 0.0055 0.0025 0.0021 0.0016 0.0012 0.0011 0.0010 0.0010 0.0011 0.0008 0.0012 0.0011 0.0008 0.0008 0.0021 0.0016 0.0010 0.0009 0.0030 0.0018 0.0009 0.0019 0.0033 0.0010 0.0006 0.0010 0.0011 0.0019 0.0024 0.0019 0.0029 0.0019 0.0014 0.0016 0.0010 0.0004 0.0005 0.0005 0.0003 0.0003 0.0004 0.0003 0.0003 0.0004 0.0005 0.0005 0.0008 0.0010 0.0010
