1.0000 0.9987 0.7858 0.1724 0.0953 0.0185 0.0132 0.0030 0.0012 0.0006 0.0004 0.0003 0.0003 0.0003 0.0003 0.0005 0.0008 0.0022 0.0021 0.0112 0.0199 0.0632 0.0772 0.0534 0.0262 0.0305 0.0104 0.0071 0.0063 0.0041 0.0033 0.0027 0.0019 0.0014 0.0012 0.0012 0.0012 0.0011 0.0010 0.0009 0.0010 0.0011 0.0012 0.0017 0.0016 0.0016 0.0016 0.0023 0.0019 0.0019 0.0025 0.0025 0.0023 0.0020 0.0026 0.0027 0.0025 0.0029 0.0029 0.0024 0.0025 0.0029 0.0024 0.0022 0.0019 0.0021 0.0021 0.0018 0.0019 0.0016 0.0014 0.0015 0.0014 0.0012 0.0014 0.0016 0.0018 0.0017 0.0019 0.0023 0.0030 0.0033 0.0066 0.0059 0.0030 0.0038 0.0064 0.0027 0.0026 0.0049 0.0039 0.0022 0.0025 0.0027 0.0018 0.0019 0.0027 0.0029 0.0028 0.0019 0.0021 0.0019 0.0023 0.0028 0.0030 0.0030 0.0032 0.0041 0.0051 0.0028 0.0035 0.0059 0.0075 0.0033 0.0048 0.0091 0.0086 0.0056 0.0076 0.0075 0.0062 0.0059 0.0047 0.0036 0.0035 0.0027 0.0024 0.0021 0.0021 0.0024 0.0025 0.0038 0.0078 0.0238 0.0318 0.0141 0.0083 0.0050 0.0033 0.0036 0.0021 0.0023 0.0016 0.0020 0.0014 0.0019 0.0019 0.0023 0.0020 0.0019 0.0022 0.0021 0.0021 0.0019 0.0014 0.0016 0.0019 0.0020 0.0034 0.0051 0.0116 0.0201 0.0272
0.9987 1.0000 0.9994 0.7513 0.2133 0.0304 0.0119 0.0021 0.0008 0.0003 0.0003 0.0001 0.0001 0.0001 0.0001 0.0004 0.0005 0.0023 0.0019 0.0290 0.0505 0.1792 0.1938 0.1162 0.0536 0.0537 0.0194 0.0118 0.0102 0.0058 0.0045 0.0038 0.0025 0.0018 0.0018 0.0020 0.0014 0.0012 0.0010 0.0010 0.0008 0.0010 0.0011 0.0018 0.0016 0.0019 0.0023 0.0033 0.0023 0.0026 0.0038 0.0041 0.0040 0.0029 0.0046 0.0036 0.0033 0.0035 0.0041 0.0032 0.0031 0.0046 0.0028 0.0027 0.0025 0.0022 0.0022 0.0018 0.0019 0.0015 0.0015 0.0014 0.0012 0.0013 0.0014 0.0016 0.0022 0.0020 0.0023 0.0029 0.0047 0.0044 0.0139 0.0133 0.0039 0.0052 0.0118 0.0037 0.0031 0.0105 0.0092 0.0027 0.0032 0.0044 0.0019 0.0021 0.0038 0.0041 0.0037 0.0022 0.0024 0.0022 0.0023 0.0035 0.0036 0.0035 0.0039 0.0053 0.0076 0.0041 0.0051 0.0102 0.0143 0.0049 0.0078 0.0160 0.0136 0.0088 0.0129 0.0107 0.0094 0.0081 0.0063 0.0047 0.0056 0.0039 0.0033 0.0027 0.0025 0.0030 0.0031 0.0066 0.0151 0.0525 0.0604 0.0222 0.0142 0.0074 0.0047 0.0054 0.0024 0.0030 0.0021 0.0026 0.0021 0.0028 0.0030 0.0033 0.0024 0.0021 0.0022 0.0022 0.0030 0.0027 0.0018 0.0024 0.0027 0.0028 0.0067 0.0108 0.0280 0.0409 0.0384
0.7858 0.9994 1.0000 0.9995 0.8203 0.0527 0.0113 0.0008 0.0005 0.0001 0.0001 0.0001 0.0000 0.0000 0.0001 0.0003 0.0003 0.0025 0.0033 0.0632 0.1249 0.3495 0.2860 0.1619 0.1226 0.1062 0.0427 0.0141 0.0110 0.0036 0.0047 0.0054 0.0023 0.0014 0.0020 0.0025 0.0016 0.0011 0.0011 0.0009 0.0008 0.0009 0.0009 0.0017 0.0013 0.0016 0.0025 0.0034 0.0019 0.0025 0.0044 0.0038 0.0036 0.0039 0.0055 0.0035 0.0034 0.0041 0.0058 0.0037 0.0038 0.0074 0.0030 0.0029 0.0027 0.0024 0.0025 0.0017 0.0021 0.0015 0.0015 0.0015 0.0013 0.0013 0.0016 0.0017 0.0021 0.0019 0.0019 0.0022 0.0030 0.0033 0.0074 0.0073 0.0028 0.0035 0.0080 0.0032 0.0022 0.0059 0.0063 0.0022 0.0025 0.0037 0.0019 0.0018 0.0035 0.0053 0.0040 0.0025 0.0022 0.0021 0.0022 0.0036 0.0033 0.0037 0.0046 0.0056 0.0103 0.0071 0.0088 0.0122 0.0269 0.0088 0.0107 0.0175 0.0228 0.0128 0.0140 0.0122 0.0119 0.0078 0.0064 0.0043 0.0056 0.0041 0.0034 0.0033 0.0028 0.0044 0.0048 0.0184 0.0295 0.0891 0.0750 0.0180 0.0152 0.0104 0.0066 0.0110 0.0034 0.0049 0.0025 0.0035 0.0022 0.0039 0.0034 0.0039 0.0025 0.0019 0.0021 0.0021 0.0030 0.0029 0.0021 0.0031 0.0038 0.0044 0.0140 0.0263 0.0574 0.0626 0.0470
0.1724 0.7513 0.9995 1.0000 0.9995 0.8342 0.0362 0.0029 0.0012 0.0002 0.0001 0.0001 0.0000 0.0001 0.0001 0.0003 0.0009 0.0297 0.0331 0.7205 0.5602 0.5411 0.3078 0.1481 0.2310 0.1238 0.1317 0.0186 0.0248 0.0047 0.0108 0.0306 0.0063 0.0034 0.0078 0.0154 0.0027 0.0018 0.0013 0.0016 0.0008 0.0011 0.0009 0.0025 0.0011 0.0014 0.0060 0.0044 0.0019 0.0040 0.0069 0.0029 0.0032 0.0059 0.0049 0.0024 0.0035 0.0060 0.0076 0.0038 0.0038 0.0132 0.0033 0.0038 0.0051 0.0030 0.0033 0.0016 0.0019 0.0012 0.0014 0.0017 0.0012 0.0013 0.0021 0.0013 0.0018 0.0022 0.0015 0.0015 0.0022 0.0031 0.0063 0.0107 0.0039 0.0031 0.0112 0.0061 0.0022 0.0071 0.0143 0.0025 0.0025 0.0060 0.0031 0.0015 0.0035 0.0090 0.0047 0.0041 0.0022 0.0022 0.0019 0.0030 0.0026 0.0043 0.0069 0.0063 0.0190 0.0195 0.0218 0.0166 0.0516 0.0372 0.0290 0.0231 0.0484 0.0274 0.0187 0.0117 0.0202 0.0074 0.0068 0.0036 0.0064 0.0069 0.0044 0.0069 0.0038 0.0149 0.0148 0.1123 0.0984 0.1065 0.0527 0.0083 0.0168 0.0076 0.0226 0.0108 0.0126 0.0060 0.0060 0.0051 0.0056 0.0045 0.0049 0.0043 0.0019 0.0013 0.0018 0.0017 0.0038 0.0042 0.0048 0.0066 0.0086 0.0185 0.0304 0.0663 0.0657 0.0737 0.0267
0.0953 0.2133 0.8203 0.9995 1.0000 0.9994 0.9210 0.0115 0.0035 0.0002 0.0001 0.0000 0.0000 0.0001 0.0001 0.0004 0.0010 0.0329 0.0797 0.7118 0.7577 0.4106 0.1967 0.0820 0.0709 0.0512 0.0158 0.0034 0.0046 0.0009 0.0012 0.0025 0.0010 0.0006 0.0011 0.0014 0.0010 0.0008 0.0008 0.0006 0.0007 0.0007 0.0007 0.0011 0.0006 0.0005 0.0011 0.0015 0.0007 0.0009 0.0016 0.0011 0.0010 0.0010 0.0016 0.0012 0.0013 0.0022 0.0037 0.0017 0.0014 0.0028 0.0013 0.0014 0.0013 0.0014 0.0015 0.0010 0.0011 0.0010 0.0008 0.0011 0.0010 0.0007 0.0008 0.0008 0.0010 0.0007 0.0007 0.0008 0.0010 0.0012 0.0030 0.0021 0.0010 0.0013 0.0034 0.0011 0.0008 0.0016 0.0017 0.0007 0.0010 0.0016 0.0008 0.0007 0.0018 0.0033 0.0022 0.0016 0.0013 0.0012 0.0011 0.0015 0.0015 0.0012 0.0015 0.0017 0.0030 0.0025 0.0027 0.0027 0.0137 0.0054 0.0036 0.0041 0.0100 0.0043 0.0045 0.0050 0.0053 0.0038 0.0030 0.0022 0.0029 0.0025 0.0024 0.0024 0.0021 0.0068 0.0153 0.1014 0.1051 0.0637 0.0380 0.0061 0.0081 0.0077 0.0039 0.0081 0.0026 0.0048 0.0023 0.0039 0.0019 0.0033 0.0023 0.0033 0.0016 0.0014 0.0014 0.0014 0.0023 0.0021 0.0018 0.0033 0.0059 0.0114 0.0384 0.0524 0.0551 0.0371 0.0099
0.0185 0.0304 0.0527 0.8342 0.9994 1.0000 0.9996 0.7537 0.0667 0.0021 0.0003 0.0003 0.0001 0.0002 0.0003 0.0093 0.0221 0.8067 0.8346 0.8471 0.6008 0.0420 0.0208 0.0183 0.0705 0.0470 0.1162 0.0092 0.0433 0.0029 0.0083 0.0474 0.0071 0.0022 0.0070 0.0182 0.0025 0.0016 0.0013 0.0016 0.0009 0.0012 0.0008 0.0031 0.0007 0.0008 0.0039 0.0029 0.0008 0.0018 0.0047 0.0009 0.0009 0.0016 0.0014 0.0010 0.0014 0.0020 0.0032 0.0016 0.0018 0.0037 0.0020 0.0027 0.0026 0.0017 0.0019 0.0010 0.0012 0.0009 0.0009 0.0014 0.0007 0.0007 0.0011 0.0007 0.0009 0.0009 0.0006 0.0005 0.0007 0.0010 0.0016 0.0018 0.0011 0.0010 0.0023 0.0014 0.0008 0.0014 0.0026 0.0009 0.0008 0.0026 0.0017 0.0008 0.0020 0.0075 0.0033 0.0033 0.0014 0.0014 0.0011 0.0015 0.0012 0.0015 0.0029 0.0019 0.0041 0.0081 0.0067 0.0034 0.0226 0.0300 0.0082 0.0059 0.0243 0.0101 0.0041 0.0037 0.0071 0.0025 0.0024 0.0014 0.0024 0.0033 0.0028 0.0107 0.0074 0.1107 0.1080 0.1123 0.0662 0.0067 0.0019 0.0012 0.0023 0.0020 0.0063 0.0052 0.0152 0.0077 0.0137 0.0069 0.0044 0.0034 0.0031 0.0033 0.0015 0.0011 0.0014 0.0016 0.0037 0.0040 0.0077 0.0104 0.0283 0.0646 0.0661 0.0679 0.0396 0.0251 0.0044
0.0132 0.0119 0.0113 0.0362 0.9210 0.9996 1.0000 0.9995 0.9043 0.0146 0.0030 0.0007 0.0003 0.0007 0.0009 0.0215 0.0575 0.7988 0.8547 0.4291 0.5904 0.0184 0.0124 0.0187 0.0192 0.0603 0.0103 0.0036 0.0106 0.0012 0.0011 0.0038 0.0017 0.0007 0.0010 0.0019 0.0010 0.0008 0.0007 0.0007 0.0007 0.0007 0.0006 0.0010 0.0004 0.0004 0.0004 0.0005 0.0003 0.0003 0.0005 0.0003 0.0003 0.0004 0.0005 0.0005 0.0006 0.0007 0.0009 0.0008 0.0008 0.0010 0.0010 0.0012 0.0008 0.0008 0.0008 0.0008 0.0010 0.0007 0.0005 0.0009 0.0004 0.0003 0.0003 0.0003 0.0003 0.0003 0.0003 0.0003 0.0004 0.0005 0.0007 0.0007 0.0004 0.0005 0.0007 0.0004 0.0004 0.0005 0.0006 0.0004 0.0005 0.0009 0.0005 0.0005 0.0011 0.0022 0.0014 0.0010 0.0009 0.0008 0.0007 0.0009 0.0009 0.0008 0.0009 0.0010 0.0012 0.0009 0.0008 0.0009 0.0019 0.0017 0.0014 0.0012 0.0033 0.0021 0.0016 0.0017 0.0021 0.0014 0.0013 0.0012 0.0014 0.0016 0.0023 0.0053 0.0107 0.1002 0.1069 0.0627 0.0725 0.0025 0.0017 0.0010 0.0020 0.0067 0.0026 0.0111 0.0037 0.0117 0.0049 0.0087 0.0020 0.0037 0.0016 0.0027 0.0015 0.0012 0.0015 0.0020 0.0039 0.0036 0.0043 0.0113 0.0270 0.0383 0.0558 0.0360 0.0121 0.0065 0.0030
0.0030 0.0021 0.0008 0.0029 0.0115 0.7537 0.9995 1.0000 0.9995 0.7849 0.0361 0.0080 0.0017 0.0112 0.0219 0.7940 0.8083 0.8346 0.5520 0.0059 0.0076 0.0008 0.0007 0.0010 0.0022 0.0132 0.0103 0.0109 0.0587 0.0036 0.0036 0.0132 0.0044 0.0009 0.0013 0.0043 0.0016 0.0013 0.0011 0.0011 0.0008 0.0010 0.0008 0.0016 0.0005 0.0004 0.0005 0.0005 0.0003 0.0003 0.0004 0.0003 0.0004 0.0004 0.0005 0.0005 0.0007 0.0007 0.0011 0.0008 0.0010 0.0013 0.0015 0.0017 0.0012 0.0012 0.0012 0.0008 0.0008 0.0005 0.0005 0.0007 0.0004 0.0003 0.0003 0.0003 0.0003 0.0003 0.0003 0.0003 0.0003 0.0004 0.0006 0.0005 0.0004 0.0004 0.0006 0.0004 0.0004 0.0005 0.0005 0.0004 0.0005 0.0010 0.0007 0.0006 0.0014 0.0029 0.0019 0.0016 0.0010 0.0009 0.0008 0.0010 0.0010 0.0009 0.0010 0.0010 0.0012 0.0008 0.0008 0.0008 0.0012 0.0014 0.0010 0.0010 0.0021 0.0018 0.0013 0.0012 0.0017 0.0011 0.0014 0.0011 0.0014 0.0034 0.0049 0.0698 0.0895 0.1038 0.0645 0.0034 0.0022 0.0012 0.0013 0.0010 0.0008 0.0009 0.0010 0.0023 0.0023 0.0060 0.0093 0.0055 0.0032 0.0039 0.0015 0.0031 0.0017 0.0015 0.0020 0.0027 0.0048 0.0079 0.0081 0.0245 0.0378 0.0351 0.0364 0.0152 0.0045 0.0034 0.0022
0.0012 0.0008 0.0005 0.0012 0.0035 0.0667 0.9043 0.9995 1.0000 0.9994 0.8022 0.0644 0.0146 0.0756 0.0644 0.7959 0.9245 0.5995 0.9251 0.0208 0.0453 0.0012 0.0015 0.0041 0.0131 0.2164 0.0925 0.0945 0.1933 0.0157 0.0247 0.1524 0.0494 0.0064 0.0174 0.0456 0.0100 0.0038 0.0022 0.0032 0.0012 0.0014 0.0007 0.0014 0.0003 0.0004 0.0008 0.0003 0.0002 0.0004 0.0005 0.0003 0.0003 0.0005 0.0003 0.0003 0.0005 0.0004 0.0005 0.0004 0.0006 0.0009 0.0009 0.0015 0.0015 0.0010 0.0010 0.0006 0.0007 0.0004 0.0003 0.0004 0.0003 0.0003 0.0003 0.0002 0.0002 0.0003 0.0001 0.0001 0.0003 0.0005 0.0005 0.0005 0.0005 0.0004 0.0006 0.0005 0.0004 0.0005 0.0008 0.0005 0.0005 0.0012 0.0015 0.0006 0.0014 0.0054 0.0030 0.0031 0.0014 0.0012 0.0009 0.0012 0.0010 0.0012 0.0012 0.0009 0.0016 0.0019 0.0014 0.0009 0.0022 0.0048 0.0017 0.0012 0.0061 0.0052 0.0014 0.0013 0.0026 0.0011 0.0014 0.0012 0.0021 0.0058 0.0146 0.0917 0.1032 0.0988 0.0901 0.0050 0.0025 0.0020 0.0016 0.0011 0.0010 0.0010 0.0027 0.0114 0.0090 0.0329 0.0283 0.0381 0.0144 0.0138 0.0034 0.0104 0.0025 0.0026 0.0052 0.0105 0.0298 0.0596 0.0520 0.0865 0.0712 0.0630 0.0336 0.0129 0.0044 0.0053 0.0021
0.0006 0.0003 0.0001 0.0002 0.0002 0.0021 0.0146 0.7849 0.9994 1.0000 0.9993 0.6431 0.1689 0.7679 0.7153 0.8263 0.6091 0.0124 0.0265 0.0007 0.0009 0.0001 0.0002 0.0003 0.0008 0.0115 0.0040 0.0219 0.0573 0.0117 0.0066 0.0214 0.0199 0.0025 0.0026 0.0121 0.0060 0.0026 0.0018 0.0019 0.0016 0.0016 0.0009 0.0009 0.0004 0.0004 0.0003 0.0003 0.0002 0.0003 0.0003 0.0003 0.0004 0.0003 0.0003 0.0003 0.0004 0.0004 0.0005 0.0005 0.0007 0.0008 0.0011 0.0010 0.0008 0.0011 0.0010 0.0007 0.0006 0.0004 0.0003 0.0003 0.0003 0.0002 0.0002 0.0001 0.0001 0.0001 0.0001 0.0001 0.0003 0.0003 0.0005 0.0004 0.0004 0.0004 0.0005 0.0004 0.0004 0.0004 0.0004 0.0004 0.0005 0.0008 0.0008 0.0007 0.0012 0.0025 0.0022 0.0016 0.0012 0.0010 0.0010 0.0014 0.0012 0.0008 0.0009 0.0010 0.0010 0.0006 0.0008 0.0007 0.0010 0.0009 0.0008 0.0010 0.0018 0.0019 0.0012 0.0012 0.0018 0.0012 0.0018 0.0018 0.0026 0.0113 0.0208 0.0640 0.0629 0.0128 0.0076 0.0013 0.0016 0.0014 0.0016 0.0012 0.0009 0.0009 0.0008 0.0020 0.0012 0.0065 0.0036 0.0107 0.0052 0.0122 0.0034 0.0142 0.0047 0.0058 0.0102 0.0220 0.0265 0.0468 0.0223 0.0442 0.0303 0.0109 0.0100 0.0029 0.0019 0.0020 0.0018
0.0004 0.0003 0.0001 0.0001 0.0001 0.0003 0.0030 0.0361 0.8022 0.9993 1.0000 0.9994 0.9217 0.8997 0.7998 0.5719 0.8236 0.0144 0.0402 0.0007 0.0006 0.0001 0.0002 0.0006 0.0009 0.0192 0.0069 0.0658 0.1063 0.0534 0.0319 0.0571 0.0773 0.0150 0.0090 0.0400 0.0256 0.0049 0.0034 0.0038 0.0030 0.0023 0.0011 0.0010 0.0004 0.0004 0.0004 0.0003 0.0003 0.0003 0.0003 0.0003 0.0004 0.0003 0.0003 0.0003 0.0004 0.0004 0.0005 0.0005 0.0006 0.0008 0.0010 0.0011 0.0008 0.0011 0.0011 0.0007 0.0006 0.0005 0.0003 0.0003 0.0003 0.0002 0.0001 0.0001 0.0002 0.0002 0.0001 0.0001 0.0003 0.0003 0.0004 0.0004 0.0003 0.0003 0.0005 0.0003 0.0003 0.0005 0.0005 0.0005 0.0005 0.0009 0.0008 0.0007 0.0014 0.0023 0.0021 0.0015 0.0013 0.0014 0.0013 0.0020 0.0015 0.0011 0.0014 0.0015 0.0013 0.0008 0.0011 0.0010 0.0012 0.0008 0.0009 0.0011 0.0016 0.0015 0.0013 0.0013 0.0019 0.0015 0.0023 0.0025 0.0049 0.0173 0.0247 0.0500 0.0411 0.0095 0.0047 0.0014 0.0018 0.0016 0.0020 0.0015 0.0011 0.0010 0.0011 0.0021 0.0014 0.0133 0.0074 0.0225 0.0141 0.0265 0.0089 0.0240 0.0069 0.0090 0.0179 0.0387 0.0626 0.1174 0.0553 0.0710 0.0270 0.0091 0.0060 0.0025 0.0019 0.0020 0.0018
0.0003 0.0001 0.0001 0.0001 0.0000 0.0003 0.0007 0.0080 0.0644 0.6431 0.9994 1.0000 0.9998 0.8643 0.2374 0.0300 0.0802 0.0046 0.0075 0.0007 0.0005 0.0001 0.0001 0.0003 0.0007 0.0090 0.0052 0.0473 0.0672 0.0597 0.0239 0.0408 0.1068 0.0363 0.0167 0.0571 0.0432 0.0093 0.0052 0.0052 0.0041 0.0034 0.0018 0.0015 0.0007 0.0008 0.0007 0.0005 0.0004 0.0004 0.0004 0.0004 0.0005 0.0005 0.0005 0.0005 0.0005 0.0005 0.0006 0.0007 0.0008 0.0009 0.0011 0.0012 0.0011 0.0012 0.0012 0.0009 0.0009 0.0007 0.0005 0.0004 0.0003 0.0003 0.0003 0.0002 0.0002 0.0002 0.0002 0.0003 0.0003 0.0004 0.0005 0.0004 0.0005 0.0005 0.0007 0.0005 0.0004 0.0006 0.0007 0.0006 0.0008 0.0011 0.0011 0.0010 0.0019 0.0032 0.0029 0.0019 0.0019 0.0018 0.0018 0.0029 0.0022 0.0017 0.0020 0.0020 0.0018 0.0011 0.0014 0.0012 0.0014 0.0010 0.0011 0.0013 0.0019 0.0018 0.0016 0.0019 0.0037 0.0028 0.0046 0.0038 0.0084 0.0266 0.0320 0.0417 0.0271 0.0093 0.0057 0.0018 0.0023 0.0021 0.0025 0.0019 0.0018 0.0014 0.0012 0.0033 0.0022 0.0341 0.0154 0.0584 0.0337 0.0601 0.0230 0.0443 0.0144 0.0199 0.0386 0.0646 0.0625 0.1497 0.0720 0.0960 0.0341 0.0107 0.0066 0.0028 0.0022 0.0022 0.0018
0.0003 0.0001 0.0000 0.0000 0.0000 0.0001 0.0003 0.0017 0.0146 0.1689 0.9217 0.9998 1.0000 0.9999 0.8068 0.0402 0.0485 0.0015 0.0015 0.0002 0.0001 0.0000 0.0000 0.0001 0.0002 0.0021 0.0014 0.0243 0.0274 0.0564 0.0175 0.0106 0.0522 0.0115 0.0043 0.0138 0.0108 0.0031 0.0022 0.0019 0.0025 0.0022 0.0014 0.0010 0.0006 0.0005 0.0004 0.0004 0.0003 0.0003 0.0003 0.0003 0.0003 0.0003 0.0004 0.0004 0.0005 0.0004 0.0005 0.0005 0.0006 0.0007 0.0008 0.0008 0.0007 0.0009 0.0010 0.0008 0.0007 0.0005 0.0004 0.0003 0.0002 0.0001 0.0001 0.0001 0.0002 0.0001 0.0002 0.0002 0.0002 0.0003 0.0004 0.0003 0.0003 0.0003 0.0004 0.0003 0.0003 0.0004 0.0004 0.0004 0.0005 0.0006 0.0005 0.0007 0.0012 0.0016 0.0017 0.0010 0.0012 0.0012 0.0013 0.0019 0.0015 0.0010 0.0014 0.0015 0.0008 0.0004 0.0007 0.0006 0.0006 0.0005 0.0005 0.0008 0.0010 0.0009 0.0010 0.0014 0.0019 0.0023 0.0032 0.0033 0.0049 0.0092 0.0094 0.0103 0.0061 0.0027 0.0021 0.0008 0.0014 0.0014 0.0019 0.0016 0.0012 0.0010 0.0007 0.0012 0.0007 0.0050 0.0020 0.0071 0.0047 0.0101 0.0071 0.0148 0.0095 0.0128 0.0164 0.0214 0.0150 0.0404 0.0166 0.0236 0.0098 0.0030 0.0027 0.0015 0.0014 0.0015 0.0014
0.0003 0.0001 0.0000 0.0001 0.0001 0.0002 0.0007 0.0112 0.0756 0.7679 0.8997 0.8643 0.9999 1.0000 0.9997 0.7053 0.2342 0.0125 0.0044 0.0003 0.0001 0.0000 0.0000 0.0001 0.0003 0.0038 0.0038 0.0851 0.0962 0.0938 0.0252 0.0209 0.0461 0.0089 0.0039 0.0107 0.0066 0.0030 0.0020 0.0020 0.0020 0.0019 0.0012 0.0011 0.0005 0.0005 0.0005 0.0005 0.0003 0.0004 0.0005 0.0003 0.0005 0.0005 0.0005 0.0005 0.0006 0.0005 0.0005 0.0007 0.0007 0.0008 0.0008 0.0010 0.0009 0.0009 0.0010 0.0008 0.0007 0.0005 0.0005 0.0004 0.0003 0.0001 0.0001 0.0001 0.0001 0.0002 0.0002 0.0002 0.0002 0.0003 0.0004 0.0004 0.0003 0.0003 0.0005 0.0003 0.0003 0.0003 0.0004 0.0004 0.0004 0.0005 0.0007 0.0006 0.0010 0.0019 0.0018 0.0012 0.0010 0.0010 0.0012 0.0017 0.0012 0.0010 0.0011 0.0012 0.0009 0.0005 0.0005 0.0005 0.0007 0.0005 0.0006 0.0007 0.0012 0.0014 0.0012 0.0016 0.0028 0.0024 0.0029 0.0025 0.0046 0.0080 0.0085 0.0138 0.0078 0.0037 0.0027 0.0011 0.0017 0.0020 0.0027 0.0019 0.0017 0.0011 0.0009 0.0016 0.0010 0.0046 0.0026 0.0096 0.0067 0.0115 0.0094 0.0182 0.0092 0.0110 0.0143 0.0155 0.0141 0.0382 0.0172 0.0293 0.0158 0.0050 0.0041 0.0021 0.0020 0.0021 0.0016
0.0003 0.0001 0.0001 0.0001 0.0001 0.0003 0.0009 0.0219 0.0644 0.7153 0.7998 0.2374 0.8068 0.9997 1.0000 0.9995 0.8840 0.0132 0.0038 0.0001 0.0001 0.0000 0.0000 0.0001 0.0003 0.0047 0.0068 0.1390 0.2290 0.2024 0.0371 0.0272 0.0818 0.0101 0.0037 0.0094 0.0041 0.0019 0.0018 0.0018 0.0022 0.0021 0.0014 0.0012 0.0007 0.0007 0.0007 0.0005 0.0004 0.0004 0.0005 0.0004 0.0005 0.0005 0.0005 0.0005 0.0005 0.0005 0.0007 0.0007 0.0007 0.0008 0.0008 0.0009 0.0007 0.0008 0.0010 0.0007 0.0007 0.0005 0.0004 0.0003 0.0002 0.0002 0.0001 0.0001 0.0001 0.0001 0.0001 0.0001 0.0002 0.0002 0.0003 0.0003 0.0002 0.0003 0.0003 0.0003 0.0003 0.0003 0.0003 0.0003 0.0003 0.0005 0.0004 0.0005 0.0009 0.0015 0.0015 0.0009 0.0009 0.0009 0.0010 0.0014 0.0014 0.0009 0.0008 0.0011 0.0008 0.0004 0.0005 0.0005 0.0005 0.0004 0.0005 0.0007 0.0012 0.0011 0.0013 0.0018 0.0022 0.0021 0.0022 0.0020 0.0026 0.0041 0.0043 0.0074 0.0042 0.0030 0.0021 0.0010 0.0023 0.0024 0.0042 0.0024 0.0019 0.0013 0.0009 0.0014 0.0008 0.0027 0.0015 0.0044 0.0029 0.0076 0.0055 0.0110 0.0068 0.0080 0.0106 0.0121 0.0106 0.0266 0.0103 0.0203 0.0109 0.0038 0.0029 0.0018 0.0018 0.0021 0.0017
0.0005 0.0004 0.0003 0.0003 0.0004 0.0093 0.0215 0.7940 0.7959 0.8263 0.5719 0.0300 0.0402 0.7053 0.9995 1.0000 0.9996 0.7202 0.0219 0.0009 0.0003 0.0001 0.0001 0.0005 0.0020 0.0747 0.0626 0.1924 0.2228 0.0919 0.0214 0.0163 0.0163 0.0033 0.0016 0.0032 0.0016 0.0012 0.0012 0.0014 0.0017 0.0019 0.0014 0.0018 0.0009 0.0013 0.0013 0.0010 0.0006 0.0010 0.0014 0.0007 0.0007 0.0009 0.0009 0.0008 0.0008 0.0008 0.0009 0.0009 0.0008 0.0010 0.0014 0.0012 0.0010 0.0010 0.0012 0.0007 0.0007 0.0004 0.0005 0.0004 0.0003 0.0003 0.0003 0.0001 0.0001 0.0001 0.0001 0.0001 0.0002 0.0003 0.0004 0.0003 0.0003 0.0002 0.0003 0.0003 0.0002 0.0003 0.0003 0.0003 0.0003 0.0005 0.0004 0.0004 0.0009 0.0018 0.0014 0.0010 0.0009 0.0009 0.0011 0.0016 0.0017 0.0012 0.0009 0.0009 0.0012 0.0005 0.0005 0.0005 0.0009 0.0005 0.0005 0.0008 0.0015 0.0016 0.0014 0.0017 0.0024 0.0017 0.0020 0.0016 0.0022 0.0037 0.0057 0.0113 0.0088 0.0062 0.0036 0.0016 0.0047 0.0051 0.0065 0.0030 0.0024 0.0016 0.0014 0.0017 0.0013 0.0039 0.0025 0.0071 0.0047 0.0094 0.0066 0.0123 0.0054 0.0055 0.0082 0.0092 0.0097 0.0196 0.0086 0.0130 0.0104 0.0047 0.0057 0.0030 0.0034 0.0029 0.0022
0.0008 0.0005 0.0003 0.0009 0.0010 0.0221 0.0575 0.8083 0.9245 0.6091 0.8236 0.0802 0.0485 0.2342 0.8840 0.9996 1.0000 0.9995 0.9668 0.0124 0.0034 0.0001 0.0004 0.0013 0.0079 0.1609 0.2476 0.4216 0.5210 0.1707 0.1398 0.2752 0.1080 0.0159 0.0201 0.0318 0.0059 0.0036 0.0018 0.0036 0.0015 0.0021 0.0013 0.0030 0.0009 0.0014 0.0025 0.0013 0.0007 0.0018 0.0034 0.0008 0.0010 0.0019 0.0011 0.0008 0.0010 0.0007 0.0008 0.0007 0.0008 0.0010 0.0008 0.0011 0.0014 0.0009 0.0010 0.0004 0.0005 0.0003 0.0004 0.0005 0.0003 0.0003 0.0003 0.0002 0.0001 0.0002 0.0001 0.0001 0.0001 0.0003 0.0003 0.0003 0.0003 0.0003 0.0004 0.0004 0.0002 0.0003 0.0005 0.0003 0.0003 0.0007 0.0009 0.0004 0.0008 0.0027 0.0021 0.0015 0.0010 0.0012 0.0011 0.0015 0.0014 0.0016 0.0013 0.0011 0.0020 0.0020 0.0016 0.0009 0.0028 0.0035 0.0014 0.0012 0.0075 0.0063 0.0019 0.0019 0.0062 0.0017 0.0021 0.0014 0.0025 0.0054 0.0104 0.0272 0.0178 0.0148 0.0085 0.0052 0.0118 0.0148 0.0119 0.0049 0.0059 0.0031 0.0058 0.0039 0.0049 0.0085 0.0110 0.0144 0.0165 0.0124 0.0089 0.0155 0.0046 0.0044 0.0109 0.0124 0.0225 0.0657 0.0378 0.0547 0.0416 0.0203 0.0121 0.0072 0.0038 0.0052 0.0022
0.0022 0.0023 0.0025 0.0297 0.0329 0.8067 0.7988 0.8346 0.5995 0.0124 0.0144 0.0046 0.0015 0.0125 0.0132 0.7202 0.9995 1.0000 0.9995 0.8040 0.0197 0.0022 0.0026 0.0231 0.0929 0.3870 0.3122 0.2625 0.3116 0.0468 0.0299 0.0510 0.0099 0.0023 0.0029 0.0034 0.0010 0.0008 0.0007 0.0010 0.0008 0.0014 0.0014 0.0044 0.0015 0.0034 0.0050 0.0025 0.0016 0.0058 0.0115 0.0016 0.0021 0.0041 0.0020 0.0012 0.0014 0.0011 0.0012 0.0009 0.0009 0.0010 0.0011 0.0013 0.0012 0.0010 0.0013 0.0006 0.0007 0.0004 0.0004 0.0007 0.0003 0.0003 0.0003 0.0002 0.0003 0.0003 0.0002 0.0001 0.0002 0.0003 0.0003 0.0003 0.0003 0.0003 0.0004 0.0003 0.0003 0.0003 0.0003 0.0003 0.0003 0.0005 0.0007 0.0004 0.0006 0.0020 0.0015 0.0014 0.0010 0.0019 0.0020 0.0018 0.0028 0.0033 0.0023 0.0024 0.0069 0.0051 0.0046 0.0019 0.0055 0.0077 0.0049 0.0027 0.0077 0.0142 0.0036 0.0022 0.0047 0.0026 0.0031 0.0024 0.0044 0.0141 0.0149 0.0304 0.0229 0.0254 0.0110 0.0074 0.0125 0.0179 0.0137 0.0065 0.0060 0.0030 0.0054 0.0037 0.0040 0.0077 0.0064 0.0137 0.0077 0.0125 0.0071 0.0137 0.0047 0.0040 0.0074 0.0078 0.0144 0.0291 0.0199 0.0331 0.0299 0.0149 0.0178 0.0115 0.0063 0.0057 0.0030
0.0021 0.0019 0.0033 0.0331 0.0797 0.8346 0.8547 0.5520 0.9251 0.0265 0.0402 0.0075 0.0015 0.0044 0.0038 0.0219 0.9668 0.9995 1.0000 0.9995 0.9309 0.0195 0.0285 0.0797 0.2731 0.6172 0.6785 0.3291 0.3607 0.0327 0.1850 0.3203 0.0313 0.0177 0.0545 0.0270 0.0032 0.0024 0.0010 0.0023 0.0008 0.0013 0.0010 0.0035 0.0008 0.0014 0.0040 0.0014 0.0008 0.0047 0.0136 0.0009 0.0011 0.0060 0.0016 0.0007 0.0012 0.0009 0.0008 0.0007 0.0008 0.0009 0.0008 0.0010 0.0012 0.0008 0.0009 0.0004 0.0005 0.0003 0.0004 0.0004 0.0003 0.0003 0.0004 0.0002 0.0002 0.0003 0.0001 0.0001 0.0002 0.0003 0.0004 0.0005 0.0003 0.0003 0.0005 0.0005 0.0003 0.0003 0.0009 0.0005 0.0003 0.0008 0.0013 0.0004 0.0005 0.0033 0.0024 0.0034 0.0011 0.0020 0.0015 0.0016 0.0016 0.0027 0.0019 0.0015 0.0038 0.0098 0.0099 0.0026 0.0125 0.0228 0.0097 0.0039 0.0285 0.0177 0.0033 0.0040 0.0153 0.0036 0.0034 0.0017 0.0036 0.0093 0.0151 0.0383 0.0392 0.0432 0.0291 0.0223 0.0246 0.0331 0.0180 0.0072 0.0099 0.0049 0.0183 0.0075 0.0162 0.0136 0.0259 0.0198 0.0271 0.0137 0.0082 0.0097 0.0029 0.0021 0.0056 0.0076 0.0236 0.0661 0.0728 0.0943 0.0956 0.0508 0.0380 0.0266 0.0104 0.0120 0.0037
0.0112 0.0290 0.0632 0.7205 0.7118 0.8471 0.4291 0.0059 0.0208 0.0007 0.0007 0.0007 0.0002 0.0003 0.0001 0.0009 0.0124 0.8040 0.9995 1.0000 0.9995 0.6825 0.2251 0.3295 0.5013 0.5510 0.4202 0.0962 0.1207 0.0050 0.0236 0.0768 0.0024 0.0015 0.0066 0.0037 0.0008 0.0007 0.0005 0.0010 0.0008 0.0016 0.0015 0.0055 0.0013 0.0022 0.0055 0.0019 0.0012 0.0088 0.0238 0.0030 0.0034 0.0157 0.0049 0.0014 0.0023 0.0016 0.0014 0.0010 0.0012 0.0014 0.0011 0.0015 0.0019 0.0011 0.0016 0.0007 0.0008 0.0004 0.0007 0.0007 0.0003 0.0004 0.0008 0.0004 0.0004 0.0005 0.0003 0.0002 0.0002 0.0005 0.0005 0.0007 0.0005 0.0004 0.0008 0.0007 0.0004 0.0005 0.0012 0.0007 0.0004 0.0012 0.0019 0.0005 0.0008 0.0072 0.0047 0.0079 0.0025 0.0047 0.0032 0.0032 0.0033 0.0079 0.0072 0.0060 0.0121 0.0303 0.0608 0.0157 0.0231 0.0686 0.0746 0.0157 0.0404 0.0662 0.0200 0.0113 0.0310 0.0133 0.0098 0.0051 0.0092 0.0278 0.0267 0.0623 0.0386 0.0657 0.0407 0.0461 0.0327 0.0386 0.0206 0.0113 0.0117 0.0064 0.0227 0.0129 0.0241 0.0298 0.0247 0.0367 0.0192 0.0137 0.0077 0.0104 0.0036 0.0025 0.0064 0.0070 0.0219 0.0496 0.0659 0.0775 0.0880 0.0797 0.0562 0.0482 0.0217 0.0174 0.0064
0.0199 0.0505 0.1249 0.5602 0.7577 0.6008 0.5904 0.0076 0.0453 0.0009 0.0006 0.0005 0.0001 0.0001 0.0001 0.0003 0.0034 0.0197 0.9309 0.9995 1.0000 0.9994 0.8913 0.6421 0.6905 0.4999 0.3584 0.0115 0.0089 0.0011 0.0105 0.0178 0.0013 0.0015 0.0084 0.0032 0.0008 0.0007 0.0005 0.0012 0.0009 0.0015 0.0011 0.0021 0.0007 0.0009 0.0018 0.0014 0.0007 0.0021 0.0091 0.0015 0.0017 0.0084 0.0024 0.0010 0.0014 0.0012 0.0013 0.0011 0.0013 0.0015 0.0011 0.0014 0.0018 0.0014 0.0012 0.0005 0.0007 0.0005 0.0006 0.0005 0.0003 0.0003 0.0005 0.0003 0.0003 0.0005 0.0003 0.0003 0.0004 0.0007 0.0007 0.0009 0.0006 0.0005 0.0011 0.0010 0.0005 0.0006 0.0017 0.0008 0.0005 0.0010 0.0014 0.0005 0.0008 0.0034 0.0032 0.0056 0.0022 0.0033 0.0025 0.0027 0.0025 0.0033 0.0036 0.0050 0.0051 0.0075 0.0181 0.0080 0.0203 0.0189 0.0207 0.0099 0.0328 0.0270 0.0114 0.0110 0.0240 0.0096 0.0071 0.0036 0.0048 0.0091 0.0102 0.0262 0.0250 0.0384 0.0446 0.0360 0.0395 0.0346 0.0178 0.0103 0.0120 0.0073 0.0174 0.0127 0.0208 0.0236 0.0272 0.0236 0.0206 0.0157 0.0093 0.0117 0.0036 0.0029 0.0100 0.0133 0.0368 0.0625 0.0574 0.0750 0.0770 0.0580 0.0613 0.0558 0.0272 0.0333 0.0116
0.0632 0.1792 0.3495 0.5411 0.4106 0.0420 0.0184 0.0008 0.0012 0.0001 0.0001 0.0001 0.0000 0.0000 0.0000 0.0001 0.0001 0.0022 0.0195 0.6825 0.9994 1.0000 0.9999 0.7137 0.3408 0.1057 0.0746 0.0011 0.0011 0.0003 0.0009 0.0011 0.0003 0.0003 0.0009 0.0006 0.0003 0.0003 0.0004 0.0007 0.0007 0.0010 0.0012 0.0018 0.0008 0.0009 0.0012 0.0012 0.0008 0.0012 0.0044 0.0019 0.0012 0.0029 0.0029 0.0014 0.0020 0.0017 0.0018 0.0018 0.0020 0.0024 0.0016 0.0021 0.0022 0.0020 0.0020 0.0010 0.0010 0.0008 0.0010 0.0010 0.0005 0.0007 0.0007 0.0005 0.0007 0.0007 0.0006 0.0005 0.0006 0.0009 0.0011 0.0011 0.0007 0.0007 0.0016 0.0012 0.0007 0.0008 0.0016 0.0010 0.0006 0.0012 0.0011 0.0007 0.0010 0.0031 0.0036 0.0052 0.0038 0.0044 0.0034 0.0040 0.0042 0.0049 0.0070 0.0191 0.0088 0.0082 0.0367 0.0343 0.0198 0.0147 0.0361 0.0188 0.0285 0.0357 0.0383 0.0306 0.0378 0.0243 0.0135 0.0067 0.0076 0.0091 0.0107 0.0228 0.0237 0.0315 0.0387 0.0278 0.0399 0.0289 0.0179 0.0129 0.0159 0.0127 0.0134 0.0190 0.0141 0.0340 0.0170 0.0248 0.0089 0.0110 0.0069 0.0095 0.0041 0.0036 0.0104 0.0120 0.0277 0.0314 0.0296 0.0499 0.0472 0.0455 0.0575 0.0593 0.0376 0.0404 0.0203
0.0772 0.1938 0.2860 0.3078 0.1967 0.0208 0.0124 0.0007 0.0015 0.0002 0.0002 0.0001 0.0000 0.0000 0.0000 0.0001 0.0004 0.0026 0.0285 0.2251 0.8913 0.9999 1.0000 0.9999 0.8759 0.0794 0.0166 0.0006 0.0004 0.0001 0.0005 0.0005 0.0001 0.0001 0.0004 0.0003 0.0003 0.0003 0.0003 0.0004 0.0004 0.0007 0.0007 0.0013 0.0006 0.0006 0.0009 0.0009 0.0005 0.0009 0.0025 0.0012 0.0010 0.0022 0.0024 0.0011 0.0016 0.0018 0.0019 0.0016 0.0021 0.0024 0.0018 0.0026 0.0027 0.0023 0.0022 0.0012 0.0010 0.0008 0.0011 0.0010 0.0005 0.0007 0.0008 0.0005 0.0007 0.0009 0.0006 0.0005 0.0007 0.0010 0.0014 0.0016 0.0009 0.0009 0.0023 0.0017 0.0009 0.0012 0.0029 0.0010 0.0007 0.0020 0.0022 0.0009 0.0014 0.0060 0.0057 0.0092 0.0048 0.0052 0.0036 0.0047 0.0046 0.0057 0.0064 0.0188 0.0110 0.0097 0.0381 0.0318 0.0306 0.0312 0.0712 0.0324 0.0399 0.0910 0.0808 0.0487 0.0592 0.0297 0.0140 0.0068 0.0077 0.0154 0.0206 0.0438 0.0482 0.0583 0.0587 0.0331 0.0336 0.0280 0.0162 0.0111 0.0151 0.0145 0.0221 0.0260 0.0214 0.0352 0.0183 0.0254 0.0068 0.0079 0.0049 0.0060 0.0024 0.0022 0.0056 0.0060 0.0143 0.0217 0.0273 0.0538 0.0600 0.0661 0.0846 0.0873 0.0672 0.0605 0.0371
0.0534 0.1162 0.1619 0.1481 0.0820 0.0183 0.0187 0.0010 0.0041 0.0003 0.0006 0.0003 0.0001 0.0001 0.0001 0.0005 0.0013 0.0231 0.0797 0.3295 0.6421 0.7137 0.9999 1.0000 0.9995 0.6885 0.0175 0.0012 0.0001 0.0001 0.0006 0.0007 0.0000 0.0000 0.0003 0.0002 0.0001 0.0001 0.0002 0.0003 0.0004 0.0006 0.0007 0.0010 0.0004 0.0004 0.0007 0.0007 0.0004 0.0007 0.0019 0.0008 0.0008 0.0014 0.0015 0.0008 0.0013 0.0017 0.0016 0.0016 0.0022 0.0022 0.0016 0.0029 0.0026 0.0024 0.0022 0.0012 0.0012 0.0009 0.0010 0.0009 0.0005 0.0006 0.0006 0.0005 0.0006 0.0007 0.0005 0.0005 0.0008 0.0010 0.0012 0.0014 0.0008 0.0009 0.0022 0.0018 0.0009 0.0012 0.0026 0.0010 0.0006 0.0019 0.0020 0.0009 0.0013 0.0063 0.0054 0.0075 0.0039 0.0038 0.0025 0.0039 0.0035 0.0043 0.0041 0.0131 0.0096 0.0065 0.0218 0.0233 0.0286 0.0274 0.0621 0.0266 0.0433 0.1124 0.0869 0.0334 0.0398 0.0143 0.0077 0.0040 0.0053 0.0154 0.0274 0.0785 0.0899 0.0662 0.0464 0.0162 0.0163 0.0167 0.0102 0.0083 0.0131 0.0145 0.0144 0.0337 0.0163 0.0495 0.0180 0.0292 0.0061 0.0079 0.0037 0.0058 0.0026 0.0022 0.0051 0.0055 0.0166 0.0179 0.0143 0.0318 0.0439 0.0723 0.0986 0.1198 0.1120 0.0807 0.0601
0.0262 0.0536 0.1226 0.2310 0.0709 0.0705 0.0192 0.0022 0.0131 0.0008 0.0009 0.0007 0.0002 0.0003 0.0003 0.0020 0.0079 0.0929 0.2731 0.5013 0.6905 0.3408 0.8759 0.9995 1.0000 0.9995 0.9310 0.0126 0.0030 0.0005 0.0232 0.0262 0.0003 0.0005 0.0044 0.0008 0.0002 0.0003 0.0001 0.0007 0.0004 0.0010 0.0007 0.0022 0.0005 0.0008 0.0042 0.0014 0.0007 0.0033 0.0156 0.0016 0.0017 0.0123 0.0025 0.0008 0.0032 0.0029 0.0018 0.0016 0.0022 0.0020 0.0014 0.0029 0.0043 0.0016 0.0019 0.0010 0.0010 0.0007 0.0010 0.0008 0.0004 0.0007 0.0011 0.0004 0.0005 0.0011 0.0005 0.0005 0.0007 0.0012 0.0014 0.0023 0.0015 0.0012 0.0049 0.0052 0.0012 0.0017 0.0116 0.0025 0.0009 0.0042 0.0146 0.0016 0.0018 0.0394 0.0136 0.0244 0.0043 0.0054 0.0021 0.0036 0.0025 0.0058 0.0139 0.0210 0.0175 0.0359 0.1074 0.0412 0.0599 0.2165 0.2447 0.0561 0.1390 0.2646 0.1171 0.0402 0.0892 0.0182 0.0124 0.0052 0.0089 0.0407 0.0619 0.1478 0.1189 0.1503 0.0601 0.0547 0.0145 0.0176 0.0049 0.0036 0.0091 0.0084 0.0329 0.0242 0.0587 0.0456 0.0555 0.0258 0.0205 0.0067 0.0052 0.0059 0.0019 0.0014 0.0033 0.0034 0.0192 0.0255 0.0463 0.0546 0.0854 0.2097 0.1892 0.2260 0.1496 0.1155 0.0386
0.0305 0.0537 0.1062 0.1238 0.0512 0.0470 0.0603 0.0132 0.2164 0.0115 0.0192 0.0090 0.0021 0.0038 0.0047 0.0747 0.1609 0.3870 0.6172 0.5510 0.4999 0.1057 0.0794 0.6885 0.9995 1.0000 0.9994 0.6446 0.0203 0.0035 0.0417 0.0203 0.0002 0.0002 0.0010 0.0003 0.0000 0.0001 0.0001 0.0004 0.0003 0.0010 0.0007 0.0018 0.0004 0.0007 0.0022 0.0009 0.0004 0.0022 0.0049 0.0008 0.0012 0.0044 0.0012 0.0007 0.0032 0.0033 0.0017 0.0020 0.0035 0.0025 0.0016 0.0043 0.0033 0.0017 0.0015 0.0010 0.0010 0.0007 0.0008 0.0007 0.0004 0.0005 0.0006 0.0003 0.0005 0.0007 0.0004 0.0004 0.0007 0.0010 0.0016 0.0027 0.0011 0.0013 0.0063 0.0036 0.0008 0.0021 0.0060 0.0011 0.0005 0.0022 0.0036 0.0007 0.0010 0.0079 0.0051 0.0082 0.0021 0.0023 0.0009 0.0012 0.0008 0.0012 0.0027 0.0027 0.0027 0.0060 0.0133 0.0044 0.0111 0.0237 0.0391 0.0039 0.0223 0.0493 0.0111 0.0043 0.0147 0.0043 0.0036 0.0016 0.0033 0.0089 0.0159 0.0597 0.0790 0.0672 0.0571 0.0159 0.0091 0.0082 0.0043 0.0048 0.0076 0.0090 0.0119 0.0176 0.0160 0.0404 0.0195 0.0285 0.0058 0.0060 0.0025 0.0036 0.0018 0.0013 0.0021 0.0019 0.0062 0.0056 0.0180 0.0115 0.0184 0.0606 0.1144 0.1495 0.1357 0.0744 0.0401
0.0104 0.0194 0.0427 0.1317 0.0158 0.1162 0.0103 0.0103 0.0925 0.0040 0.0069 0.0052 0.0014 0.0038 0.0068 0.0626 0.2476 0.3122 0.6785 0.4202 0.3584 0.0746 0.0166 0.0175 0.9310 0.9994 1.0000 0.9995 0.6691 0.0733 0.9259 0.9213 0.0143 0.0295 0.3004 0.0102 0.0008 0.0008 0.0006 0.0109 0.0011 0.0052 0.0022 0.0139 0.0005 0.0024 0.0463 0.0035 0.0009 0.0243 0.0415 0.0010 0.0040 0.0655 0.0028 0.0008 0.0074 0.0043 0.0011 0.0011 0.0022 0.0016 0.0010 0.0027 0.0060 0.0010 0.0010 0.0007 0.0007 0.0004 0.0007 0.0006 0.0003 0.0006 0.0013 0.0003 0.0005 0.0013 0.0005 0.0004 0.0010 0.0026 0.0023 0.0077 0.0035 0.0016 0.0210 0.0280 0.0018 0.0044 0.0385 0.0050 0.0008 0.0063 0.0378 0.0021 0.0020 0.0542 0.0246 0.0351 0.0029 0.0031 0.0008 0.0012 0.0007 0.0020 0.0137 0.0070 0.0043 0.0417 0.1204 0.0128 0.0233 0.1940 0.1115 0.0067 0.0369 0.0737 0.0068 0.0032 0.0147 0.0026 0.0025 0.0010 0.0017 0.0032 0.0044 0.0206 0.0262 0.0722 0.0428 0.0398 0.0068 0.0075 0.0025 0.0020 0.0040 0.0036 0.0163 0.0082 0.0400 0.0192 0.0335 0.0104 0.0101 0.0021 0.0019 0.0022 0.0010 0.0007 0.0014 0.0012 0.0044 0.0069 0.0453 0.0314 0.0627 0.1495 0.1035 0.1664 0.0888 0.0758 0.0208
0.0071 0.0118 0.0141 0.0186 0.0034 0.0092 0.0036 0.0109 0.0945 0.0219 0.0658 0.0473 0.0243 0.0851 0.1390 0.1924 0.4216 0.2625 0.3291 0.0962 0.0115 0.0011 0.0006 0.0012 0.0126 0.6446 0.9995 1.0000 0.9993 0.9952 0.9935 0.8740 0.0516 0.0270 0.0093 0.0022 0.0004 0.0003 0.0003 0.0026 0.0012 0.0040 0.0025 0.0087 0.0005 0.0036 0.0158 0.0013 0.0010 0.0188 0.0056 0.0007 0.0027 0.0108 0.0015 0.0007 0.0069 0.0036 0.0014 0.0019 0.0057 0.0023 0.0016 0.0030 0.0038 0.0015 0.0011 0.0009 0.0009 0.0006 0.0009 0.0008 0.0005 0.0009 0.0014 0.0006 0.0009 0.0015 0.0008 0.0007 0.0014 0.0021 0.0034 0.0091 0.0022 0.0030 0.0266 0.0153 0.0016 0.0058 0.0219 0.0025 0.0007 0.0044 0.0083 0.0015 0.0014 0.0170 0.0189 0.0248 0.0044 0.0036 0.0010 0.0015 0.0006 0.0008 0.0061 0.0034 0.0011 0.0054 0.0259 0.0025 0.0031 0.0139 0.0109 0.0015 0.0051 0.0100 0.0028 0.0018 0.0043 0.0019 0.0019 0.0012 0.0022 0.0023 0.0029 0.0055 0.0086 0.0181 0.0364 0.0168 0.0102 0.0069 0.0044 0.0041 0.0064 0.0068 0.0074 0.0097 0.0094 0.0173 0.0099 0.0124 0.0034 0.0033 0.0019 0.0033 0.0016 0.0012 0.0020 0.0016 0.0032 0.0035 0.0083 0.0084 0.0164 0.0228 0.0287 0.0487 0.0452 0.0521 0.0347
0.0063 0.0102 0.0110 0.0248 0.0046 0.0433 0.0106 0.0587 0.1933 0.0573 0.1063 0.0672 0.0274 0.0962 0.2290 0.2228 0.5210 0.3116 0.3607 0.1207 0.0089 0.0011 0.0004 0.0001 0.0030 0.0203 0.6691 0.9993 1.0000 0.9999 0.9520 0.9600 0.8815 0.0168 0.0029 0.0044 0.0030 0.0004 0.0003 0.0014 0.0007 0.0017 0.0006 0.0016 0.0003 0.0006 0.0049 0.0009 0.0005 0.0071 0.0110 0.0009 0.0024 0.0140 0.0024 0.0008 0.0017 0.0016 0.0011 0.0011 0.0024 0.0023 0.0018 0.0032 0.0056 0.0020 0.0020 0.0014 0.0012 0.0009 0.0013 0.0011 0.0008 0.0016 0.0021 0.0008 0.0012 0.0023 0.0010 0.0008 0.0014 0.0019 0.0019 0.0031 0.0021 0.0018 0.0118 0.0066 0.0019 0.0047 0.0177 0.0034 0.0010 0.0057 0.0111 0.0020 0.0021 0.0198 0.0290 0.0427 0.0126 0.0176 0.0023 0.0071 0.0021 0.0039 0.0338 0.0292 0.0041 0.0333 0.1057 0.0103 0.0092 0.0612 0.0237 0.0030 0.0138 0.0181 0.0044 0.0023 0.0067 0.0020 0.0019 0.0010 0.0018 0.0018 0.0016 0.0027 0.0023 0.0074 0.0114 0.0136 0.0110 0.0079 0.0062 0.0041 0.0063 0.0037 0.0067 0.0031 0.0084 0.0059 0.0078 0.0059 0.0044 0.0029 0.0021 0.0022 0.0012 0.0010 0.0020 0.0019 0.0067 0.0046 0.0146 0.0121 0.0211 0.0304 0.0213 0.0442 0.0190 0.0472 0.0186
0.0041 0.0058 0.0036 0.0047 0.0009 0.0029 0.0012 0.0036 0.0157 0.0117 0.0534 0.0597 0.0564 0.0938 0.2024 0.0919 0.1707 0.0468 0.0327 0.0050 0.0011 0.0003 0.0001 0.0001 0.0005 0.0035 0.0733 0.9952 0.9999 1.0000 0.9997 0.9759 0.9574 0.8984 0.0116 0.0037 0.0056 0.0030 0.0020 0.0094 0.0040 0.0079 0.0038 0.0071 0.0007 0.0039 0.0074 0.0010 0.0009 0.0066 0.0027 0.0005 0.0014 0.0032 0.0011 0.0007 0.0019 0.0012 0.0008 0.0009 0.0015 0.0011 0.0010 0.0012 0.0015 0.0009 0.0011 0.0008 0.0007 0.0006 0.0008 0.0008 0.0006 0.0010 0.0013 0.0009 0.0012 0.0022 0.0014 0.0012 0.0027 0.0033 0.0036 0.0094 0.0029 0.0022 0.0175 0.0085 0.0018 0.0038 0.0116 0.0030 0.0008 0.0022 0.0035 0.0011 0.0012 0.0061 0.0089 0.0094 0.0037 0.0071 0.0018 0.0065 0.0013 0.0014 0.0139 0.0063 0.0012 0.0044 0.0172 0.0012 0.0016 0.0052 0.0033 0.0009 0.0018 0.0027 0.0015 0.0012 0.0016 0.0011 0.0010 0.0006 0.0007 0.0007 0.0007 0.0010 0.0010 0.0027 0.0032 0.0048 0.0046 0.0049 0.0042 0.0026 0.0030 0.0029 0.0030 0.0029 0.0027 0.0040 0.0025 0.0030 0.0018 0.0021 0.0014 0.0021 0.0013 0.0011 0.0016 0.0014 0.0029 0.0021 0.0035 0.0040 0.0054 0.0064 0.0073 0.0116 0.0072 0.0143 0.0095
0.0033 0.0045 0.0047 0.0108 0.0012 0.0083 0.0011 0.0036 0.0247 0.0066 0.0319 0.0239 0.0175 0.0252 0.0371 0.0214 0.1398 0.0299 0.1850 0.0236 0.0105 0.0009 0.0005 0.0006 0.0232 0.0417 0.9259 0.9935 0.9520 0.9997 1.0000 0.9998 0.9770 0.9713 0.9161 0.0193 0.0036 0.0047 0.0085 0.0872 0.0182 0.0469 0.0280 0.0513 0.0027 0.0399 0.1150 0.0059 0.0021 0.0548 0.0145 0.0007 0.0190 0.0463 0.0015 0.0015 0.0275 0.0036 0.0006 0.0008 0.0019 0.0006 0.0004 0.0008 0.0014 0.0007 0.0008 0.0007 0.0005 0.0004 0.0011 0.0009 0.0005 0.0017 0.0036 0.0009 0.0014 0.0047 0.0017 0.0012 0.0039 0.0054 0.0063 0.0302 0.0104 0.0046 0.0493 0.0625 0.0041 0.0081 0.0544 0.0103 0.0012 0.0080 0.0274 0.0034 0.0014 0.0179 0.0221 0.0309 0.0065 0.0075 0.0014 0.0033 0.0008 0.0016 0.0151 0.0043 0.0015 0.0126 0.0360 0.0023 0.0029 0.0208 0.0112 0.0011 0.0023 0.0045 0.0012 0.0009 0.0016 0.0007 0.0005 0.0004 0.0005 0.0007 0.0010 0.0022 0.0031 0.0101 0.0064 0.0130 0.0045 0.0058 0.0032 0.0020 0.0034 0.0040 0.0104 0.0088 0.0139 0.0126 0.0088 0.0074 0.0032 0.0025 0.0015 0.0022 0.0010 0.0008 0.0013 0.0012 0.0041 0.0049 0.0129 0.0119 0.0251 0.0341 0.0252 0.0409 0.0184 0.0256 0.0088
0.0027 0.0038 0.0054 0.0306 0.0025 0.0474 0.0038 0.0132 0.1524 0.0214 0.0571 0.0408 0.0106 0.0209 0.0272 0.0163 0.2752 0.0510 0.3203 0.0768 0.0178 0.0011 0.0005 0.0007 0.0262 0.0203 0.9213 0.8740 0.9600 0.9759 0.9998 1.0000 0.9999 0.9801 0.9735 0.9368 0.0457 0.0075 0.0045 0.0481 0.0044 0.0104 0.0035 0.0156 0.0007 0.0077 0.1243 0.0071 0.0021 0.0702 0.0676 0.0013 0.0047 0.0744 0.0028 0.0007 0.0052 0.0015 0.0004 0.0003 0.0005 0.0005 0.0003 0.0007 0.0023 0.0007 0.0011 0.0008 0.0008 0.0007 0.0027 0.0016 0.0008 0.0041 0.0104 0.0010 0.0019 0.0130 0.0014 0.0009 0.0023 0.0037 0.0027 0.0109 0.0089 0.0026 0.0299 0.0659 0.0047 0.0090 0.1319 0.0328 0.0021 0.0215 0.1133 0.0039 0.0035 0.0752 0.0418 0.0840 0.0090 0.0161 0.0025 0.0073 0.0018 0.0071 0.0898 0.0182 0.0085 0.1701 0.2158 0.0140 0.0236 0.1925 0.0595 0.0028 0.0110 0.0172 0.0018 0.0009 0.0020 0.0005 0.0005 0.0003 0.0005 0.0005 0.0009 0.0030 0.0023 0.0222 0.0072 0.0331 0.0072 0.0115 0.0036 0.0017 0.0022 0.0022 0.0113 0.0044 0.0233 0.0071 0.0138 0.0060 0.0065 0.0027 0.0022 0.0021 0.0007 0.0005 0.0012 0.0012 0.0089 0.0091 0.0473 0.0247 0.0368 0.0817 0.0250 0.0428 0.0102 0.0179 0.0036
0.0019 0.0025 0.0023 0.0063 0.0010 0.0071 0.0017 0.0044 0.0494 0.0199 0.0773 0.1068 0.0522 0.0461 0.0818 0.0163 0.1080 0.0099 0.0313 0.0024 0.0013 0.0003 0.0001 0.0000 0.0003 0.0002 0.0143 0.0516 0.8815 0.9574 0.9770 0.9999 1.0000 0.9999 0.9765 0.9628 0.9297 0.0940 0.0288 0.0345 0.0048 0.0060 0.0015 0.0027 0.0003 0.0013 0.0108 0.0007 0.0004 0.0066 0.0066 0.0005 0.0008 0.0032 0.0007 0.0004 0.0007 0.0005 0.0003 0.0003 0.0003 0.0003 0.0003 0.0005 0.0010 0.0007 0.0012 0.0009 0.0007 0.0007 0.0014 0.0008 0.0007 0.0018 0.0018 0.0008 0.0016 0.0039 0.0018 0.0016 0.0039 0.0036 0.0039 0.0113 0.0078 0.0030 0.0241 0.0424 0.0052 0.0050 0.0571 0.0378 0.0021 0.0065 0.0366 0.0052 0.0027 0.0367 0.0239 0.0587 0.0166 0.0667 0.0139 0.0449 0.0053 0.0216 0.2150 0.0549 0.0095 0.0802 0.1675 0.0106 0.0165 0.0429 0.0143 0.0022 0.0050 0.0038 0.0011 0.0008 0.0010 0.0004 0.0004 0.0003 0.0003 0.0004 0.0005 0.0008 0.0010 0.0033 0.0022 0.0073 0.0037 0.0066 0.0049 0.0027 0.0027 0.0032 0.0054 0.0055 0.0049 0.0052 0.0035 0.0078 0.0030 0.0068 0.0020 0.0028 0.0010 0.0009 0.0021 0.0021 0.0085 0.0058 0.0082 0.0059 0.0061 0.0077 0.0068 0.0132 0.0053 0.0114 0.0037
0.0014 0.0018 0.0014 0.0034 0.0006 0.0022 0.0007 0.0009 0.0064 0.0025 0.0150 0.0363 0.0115 0.0089 0.0101 0.0033 0.0159 0.0023 0.0177 0.0015 0.0015 0.0003 0.0001 0.0000 0.0005 0.0002 0.0295 0.0270 0.0168 0.8984 0.9713 0.9801 0.9999 1.0000 0.9998 0.9638 0.9392 0.8391 0.3508 0.4563 0.0844 0.0791 0.0288 0.0371 0.0019 0.0196 0.0384 0.0014 0.0011 0.0312 0.0044 0.0005 0.0097 0.0099 0.0004 0.0004 0.0024 0.0004 0.0002 0.0002 0.0003 0.0003 0.0003 0.0006 0.0012 0.0007 0.0015 0.0010 0.0008 0.0007 0.0011 0.0008 0.0007 0.0016 0.0022 0.0008 0.0023 0.0081 0.0022 0.0023 0.0071 0.0100 0.0099 0.0371 0.0239 0.0067 0.0538 0.1029 0.0104 0.0085 0.0732 0.0510 0.0029 0.0058 0.0312 0.0049 0.0018 0.0158 0.0167 0.0568 0.0388 0.0676 0.0144 0.0314 0.0029 0.0082 0.0811 0.0101 0.0034 0.0204 0.0336 0.0018 0.0029 0.0092 0.0026 0.0009 0.0015 0.0015 0.0007 0.0005 0.0008 0.0003 0.0003 0.0003 0.0003 0.0003 0.0005 0.0008 0.0009 0.0028 0.0016 0.0046 0.0023 0.0048 0.0035 0.0026 0.0030 0.0027 0.0057 0.0044 0.0050 0.0032 0.0028 0.0041 0.0027 0.0026 0.0022 0.0019 0.0010 0.0008 0.0019 0.0018 0.0041 0.0055 0.0061 0.0088 0.0085 0.0109 0.0054 0.0079 0.0044 0.0083 0.0035
0.0012 0.0018 0.0020 0.0078 0.0011 0.0070 0.0010 0.0013 0.0174 0.0026 0.0090 0.0167 0.0043 0.0039 0.0037 0.0016 0.0201 0.0029 0.0545 0.0066 0.0084 0.0009 0.0004 0.0003 0.0044 0.0010 0.3004 0.0093 0.0029 0.0116 0.9161 0.9735 0.9765 0.9998 1.0000 0.9998 0.9132 0.8620 0.5282 0.7164 0.1814 0.1486 0.0452 0.0926 0.0039 0.0587 0.2805 0.0104 0.0063 0.1802 0.0646 0.0016 0.0184 0.0648 0.0013 0.0005 0.0027 0.0005 0.0003 0.0001 0.0003 0.0004 0.0004 0.0012 0.0031 0.0010 0.0027 0.0024 0.0012 0.0017 0.0061 0.0018 0.0012 0.0089 0.0089 0.0011 0.0042 0.0263 0.0036 0.0029 0.0158 0.0232 0.0175 0.1091 0.0824 0.0127 0.1306 0.2819 0.0346 0.0279 0.2357 0.1499 0.0078 0.0302 0.1225 0.0071 0.0035 0.0541 0.0249 0.0575 0.0135 0.0346 0.0063 0.0113 0.0022 0.0081 0.0514 0.0033 0.0045 0.0734 0.0334 0.0019 0.0071 0.0284 0.0056 0.0013 0.0034 0.0060 0.0018 0.0008 0.0010 0.0004 0.0004 0.0003 0.0004 0.0004 0.0005 0.0012 0.0010 0.0067 0.0023 0.0104 0.0025 0.0058 0.0027 0.0021 0.0024 0.0022 0.0067 0.0042 0.0092 0.0043 0.0049 0.0044 0.0054 0.0021 0.0023 0.0023 0.0008 0.0010 0.0033 0.0029 0.0068 0.0170 0.0260 0.0324 0.0349 0.0408 0.0160 0.0146 0.0050 0.0088 0.0025
