1.0000 0.9979 0.8126 0.4504 0.3304 0.1626 0.0648 0.0302 0.0199 0.0112 0.0059 0.0050 0.0084 0.0110 0.0150 0.0189 0.0199 0.0158 0.0188 0.0096 0.0067 0.0103 0.0039 0.0035 0.0033 0.0027 0.0024 0.0019 0.0018 0.0016 0.0019 0.0022 0.0022 0.0022 0.0028 0.0055 0.0047 0.0056 0.0134 0.0103 0.0079 0.0125 0.0156 0.0062 0.0064 0.0117 0.0079 0.0069 0.0047 0.0061 0.0093 0.0076 0.0142 0.0098 0.0104 0.0169 0.0201 0.0164 0.0088 0.0225 0.0206 0.0080 0.0101 0.0186 0.0111 0.0058 0.0128 0.0143 0.0081 0.0088 0.0064 0.0050 0.0050 0.0044 0.0038 0.0033 0.0033 0.0027 0.0027 0.0025 0.0030 0.0030 0.0027 0.0027 0.0022 0.0024 0.0018 0.0021 0.0018 0.0022 0.0015 0.0016 0.0016 0.0016 0.0016 0.0019 0.0026 0.0028 0.0046 0.0036 0.0025 0.0032 0.0025 0.0032 0.0036 0.0036 0.0059 0.0057 0.0043 0.0043 0.0060 0.0060 0.0075 0.0061 0.0058 0.0049 0.0055 0.0049 0.0077 0.0081 0.0051 0.0061 0.0054 0.0052 0.0040 0.0041
0.9979 1.0000 0.9992 0.8113 0.5100 0.6065 0.1519 0.0434 0.0320 0.0244 0.0077 0.0069 0.0143 0.0199 0.0298 0.0369 0.0340 0.0281 0.0362 0.0152 0.0099 0.0166 0.0051 0.0038 0.0038 0.0027 0.0019 0.0014 0.0014 0.0012 0.0015 0.0017 0.0017 0.0016 0.0023 0.0062 0.0049 0.0056 0.0184 0.0122 0.0070 0.0118 0.0219 0.0058 0.0062 0.0126 0.0099 0.0069 0.0038 0.0066 0.0109 0.0089 0.0183 0.0137 0.0128 0.0236 0.0366 0.0238 0.0111 0.0400 0.0417 0.0121 0.0126 0.0372 0.0218 0.0076 0.0197 0.0248 0.0110 0.0128 0.0092 0.0073 0.0068 0.0058 0.0052 0.0042 0.0035 0.0028 0.0028 0.0026 0.0032 0.0035 0.0033 0.0031 0.0024 0.0025 0.0017 0.0024 0.0017 0.0028 0.0015 0.0020 0.0017 0.0016 0.0014 0.0016 0.0030 0.0037 0.0082 0.0063 0.0026 0.0038 0.0027 0.0036 0.0044 0.0046 0.0087 0.0072 0.0059 0.0056 0.0081 0.0083 0.0122 0.0091 0.0083 0.0083 0.0129 0.0105 0.0189 0.0181 0.0094 0.0103 0.0074 0.0057 0.0044 0.0033
0.8126 0.9992 1.0000 0.9991 0.9214 0.7997 0.5820 0.0704 0.0347 0.0239 0.0104 0.0069 0.0161 0.0247 0.0319 0.0512 0.0351 0.0273 0.0340 0.0124 0.0058 0.0087 0.0030 0.0020 0.0022 0.0017 0.0012 0.0010 0.0010 0.0009 0.0011 0.0012 0.0011 0.0010 0.0014 0.0046 0.0034 0.0038 0.0170 0.0099 0.0044 0.0090 0.0209 0.0035 0.0041 0.0078 0.0067 0.0041 0.0027 0.0048 0.0088 0.0076 0.0182 0.0101 0.0078 0.0208 0.0312 0.0135 0.0048 0.0344 0.0288 0.0063 0.0084 0.0345 0.0147 0.0061 0.0171 0.0268 0.0101 0.0107 0.0072 0.0061 0.0049 0.0045 0.0038 0.0031 0.0023 0.0020 0.0022 0.0022 0.0025 0.0027 0.0025 0.0021 0.0017 0.0016 0.0013 0.0018 0.0014 0.0019 0.0011 0.0015 0.0013 0.0013 0.0011 0.0010 0.0015 0.0017 0.0045 0.0032 0.0018 0.0026 0.0022 0.0030 0.0037 0.0043 0.0090 0.0068 0.0058 0.0057 0.0085 0.0084 0.0130 0.0076 0.0082 0.0079 0.0123 0.0106 0.0148 0.0128 0.0076 0.0065 0.0043 0.0033 0.0027 0.0026
0.4504 0.8113 0.9991 1.0000 0.9993 0.9183 0.8197 0.6332 0.0505 0.0281 0.0183 0.0163 0.0611 0.0856 0.1545 0.1312 0.0754 0.0546 0.1068 0.0650 0.0148 0.0304 0.0139 0.0055 0.0044 0.0027 0.0021 0.0010 0.0009 0.0008 0.0009 0.0012 0.0016 0.0008 0.0014 0.0131 0.0079 0.0066 0.0383 0.0356 0.0129 0.0191 0.0599 0.0158 0.0081 0.0149 0.0160 0.0084 0.0069 0.0082 0.0222 0.0135 0.0287 0.0139 0.0193 0.0517 0.0528 0.0285 0.0248 0.0829 0.0470 0.0175 0.0444 0.0688 0.0218 0.0188 0.0572 0.0401 0.0135 0.0121 0.0086 0.0113 0.0135 0.0081 0.0053 0.0034 0.0031 0.0022 0.0024 0.0022 0.0033 0.0041 0.0040 0.0048 0.0041 0.0047 0.0025 0.0036 0.0034 0.0051 0.0027 0.0032 0.0019 0.0016 0.0012 0.0013 0.0019 0.0037 0.0097 0.0091 0.0057 0.0057 0.0056 0.0067 0.0122 0.0094 0.0251 0.0136 0.0072 0.0066 0.0142 0.0145 0.0280 0.0173 0.0320 0.0203 0.0280 0.0302 0.0280 0.0225 0.0147 0.0094 0.0072 0.0042 0.0028 0.0023
0.3304 0.5100 0.9214 0.9993 1.0000 0.9994 0.9212 0.7962 0.5821 0.0668 0.0228 0.0191 0.0531 0.0739 0.0802 0.0995 0.0501 0.0312 0.0404 0.0128 0.0052 0.0092 0.0033 0.0021 0.0021 0.0016 0.0011 0.0007 0.0006 0.0005 0.0006 0.0008 0.0007 0.0005 0.0008 0.0047 0.0030 0.0027 0.0101 0.0127 0.0049 0.0051 0.0147 0.0036 0.0032 0.0054 0.0057 0.0039 0.0030 0.0052 0.0131 0.0088 0.0215 0.0088 0.0071 0.0292 0.0353 0.0078 0.0054 0.0509 0.0249 0.0054 0.0155 0.0421 0.0099 0.0076 0.0323 0.0285 0.0090 0.0101 0.0072 0.0078 0.0066 0.0050 0.0033 0.0026 0.0021 0.0017 0.0021 0.0021 0.0030 0.0033 0.0027 0.0026 0.0020 0.0020 0.0014 0.0018 0.0014 0.0020 0.0012 0.0015 0.0012 0.0014 0.0010 0.0011 0.0015 0.0021 0.0049 0.0042 0.0022 0.0029 0.0028 0.0036 0.0063 0.0058 0.0169 0.0096 0.0061 0.0063 0.0122 0.0126 0.0212 0.0101 0.0153 0.0105 0.0112 0.0136 0.0100 0.0074 0.0074 0.0061 0.0049 0.0032 0.0022 0.0019
0.1626 0.6065 0.7997 0.9183 0.9994 1.0000 0.9995 0.9187 0.7383 0.5760 0.0716 0.0377 0.1066 0.0895 0.0944 0.0658 0.0247 0.0148 0.0325 0.0077 0.0028 0.0058 0.0025 0.0014 0.0012 0.0011 0.0007 0.0005 0.0004 0.0004 0.0004 0.0005 0.0003 0.0003 0.0004 0.0016 0.0014 0.0015 0.0042 0.0062 0.0029 0.0032 0.0113 0.0030 0.0027 0.0055 0.0066 0.0040 0.0027 0.0042 0.0129 0.0077 0.0209 0.0081 0.0084 0.0510 0.0457 0.0088 0.0101 0.0769 0.0358 0.0063 0.0233 0.0551 0.0114 0.0084 0.0439 0.0319 0.0097 0.0102 0.0070 0.0079 0.0068 0.0047 0.0033 0.0025 0.0020 0.0015 0.0021 0.0022 0.0029 0.0031 0.0030 0.0027 0.0020 0.0022 0.0014 0.0016 0.0012 0.0020 0.0016 0.0019 0.0014 0.0014 0.0011 0.0010 0.0012 0.0018 0.0034 0.0031 0.0022 0.0028 0.0036 0.0041 0.0083 0.0061 0.0183 0.0098 0.0068 0.0075 0.0154 0.0158 0.0298 0.0128 0.0252 0.0175 0.0196 0.0217 0.0133 0.0078 0.0069 0.0050 0.0043 0.0028 0.0022 0.0019
0.0648 0.1519 0.5820 0.8197 0.9212 0.9995 1.0000 0.9994 0.9064 0.7584 0.4384 0.1488 0.3899 0.2841 0.2775 0.0894 0.0235 0.0141 0.0870 0.0362 0.0049 0.0138 0.0121 0.0023 0.0014 0.0010 0.0007 0.0004 0.0003 0.0002 0.0002 0.0004 0.0003 0.0003 0.0003 0.0013 0.0010 0.0013 0.0047 0.0148 0.0043 0.0044 0.0255 0.0071 0.0044 0.0084 0.0182 0.0086 0.0065 0.0063 0.0245 0.0108 0.0264 0.0094 0.0159 0.0917 0.0672 0.0191 0.0424 0.1557 0.0647 0.0206 0.1001 0.1220 0.0212 0.0285 0.1015 0.0482 0.0128 0.0121 0.0066 0.0106 0.0111 0.0060 0.0039 0.0028 0.0023 0.0014 0.0020 0.0021 0.0034 0.0035 0.0032 0.0035 0.0027 0.0033 0.0021 0.0025 0.0022 0.0039 0.0037 0.0035 0.0018 0.0018 0.0011 0.0010 0.0010 0.0017 0.0033 0.0049 0.0060 0.0076 0.0129 0.0121 0.0274 0.0135 0.0360 0.0170 0.0074 0.0083 0.0198 0.0234 0.0573 0.0357 0.0958 0.0586 0.0577 0.0662 0.0264 0.0139 0.0089 0.0041 0.0032 0.0021 0.0016 0.0015
0.0302 0.0434 0.0704 0.6332 0.7962 0.9187 0.9994 1.0000 0.9994 0.8225 0.5084 0.3760 0.3324 0.3296 0.1737 0.0812 0.0160 0.0057 0.0263 0.0133 0.0015 0.0018 0.0018 0.0008 0.0007 0.0005 0.0004 0.0003 0.0002 0.0002 0.0002 0.0002 0.0003 0.0003 0.0003 0.0005 0.0005 0.0006 0.0017 0.0041 0.0019 0.0016 0.0070 0.0022 0.0021 0.0037 0.0054 0.0041 0.0030 0.0038 0.0125 0.0044 0.0152 0.0057 0.0051 0.0370 0.0280 0.0035 0.0064 0.0752 0.0265 0.0041 0.0289 0.0885 0.0105 0.0077 0.0645 0.0431 0.0096 0.0115 0.0060 0.0064 0.0059 0.0037 0.0029 0.0022 0.0021 0.0012 0.0018 0.0019 0.0030 0.0029 0.0021 0.0020 0.0014 0.0016 0.0012 0.0014 0.0009 0.0013 0.0010 0.0014 0.0012 0.0018 0.0010 0.0008 0.0008 0.0010 0.0014 0.0019 0.0018 0.0030 0.0052 0.0060 0.0128 0.0086 0.0226 0.0118 0.0066 0.0084 0.0180 0.0237 0.0527 0.0201 0.0450 0.0255 0.0166 0.0218 0.0058 0.0033 0.0033 0.0022 0.0021 0.0016 0.0014 0.0013
0.0199 0.0320 0.0347 0.0505 0.5821 0.7383 0.9064 0.9994 1.0000 0.9993 0.7671 0.4478 0.3474 0.1372 0.0395 0.0136 0.0041 0.0014 0.0033 0.0016 0.0005 0.0005 0.0005 0.0003 0.0002 0.0002 0.0001 0.0002 0.0002 0.0001 0.0002 0.0001 0.0001 0.0001 0.0001 0.0001 0.0002 0.0003 0.0005 0.0008 0.0007 0.0009 0.0014 0.0008 0.0013 0.0024 0.0025 0.0030 0.0018 0.0031 0.0060 0.0028 0.0114 0.0039 0.0030 0.0270 0.0197 0.0021 0.0047 0.0652 0.0203 0.0022 0.0156 0.0831 0.0082 0.0045 0.0482 0.0474 0.0082 0.0110 0.0049 0.0046 0.0036 0.0025 0.0019 0.0016 0.0012 0.0010 0.0015 0.0016 0.0022 0.0020 0.0015 0.0014 0.0009 0.0011 0.0008 0.0010 0.0006 0.0009 0.0007 0.0011 0.0010 0.0012 0.0008 0.0007 0.0007 0.0008 0.0009 0.0013 0.0011 0.0021 0.0040 0.0044 0.0080 0.0054 0.0137 0.0096 0.0067 0.0094 0.0214 0.0313 0.0513 0.0249 0.0384 0.0198 0.0098 0.0101 0.0037 0.0021 0.0023 0.0021 0.0023 0.0015 0.0013 0.0012
0.0112 0.0244 0.0239 0.0281 0.0668 0.5760 0.7584 0.8225 0.9993 1.0000 0.9993 0.8160 0.5990 0.1551 0.0541 0.0097 0.0025 0.0012 0.0044 0.0029 0.0007 0.0010 0.0020 0.0005 0.0004 0.0002 0.0002 0.0002 0.0002 0.0002 0.0002 0.0002 0.0001 0.0001 0.0001 0.0001 0.0002 0.0003 0.0004 0.0009 0.0009 0.0011 0.0026 0.0019 0.0025 0.0046 0.0074 0.0083 0.0055 0.0075 0.0155 0.0060 0.0199 0.0059 0.0087 0.0963 0.0543 0.0093 0.0347 0.2550 0.0680 0.0103 0.1067 0.2419 0.0268 0.0230 0.1883 0.0893 0.0159 0.0169 0.0090 0.0089 0.0099 0.0043 0.0027 0.0018 0.0017 0.0014 0.0021 0.0020 0.0032 0.0034 0.0026 0.0032 0.0021 0.0039 0.0023 0.0032 0.0022 0.0033 0.0030 0.0029 0.0020 0.0016 0.0011 0.0011 0.0010 0.0016 0.0020 0.0034 0.0043 0.0080 0.0209 0.0233 0.0503 0.0221 0.0446 0.0291 0.0128 0.0180 0.0468 0.0828 0.1490 0.0872 0.1361 0.0671 0.0336 0.0320 0.0129 0.0060 0.0045 0.0035 0.0047 0.0027 0.0017 0.0014
0.0059 0.0077 0.0104 0.0183 0.0228 0.0716 0.4384 0.5084 0.7671 0.9993 1.0000 0.9997 0.7941 0.1350 0.0280 0.0042 0.0015 0.0006 0.0016 0.0012 0.0003 0.0005 0.0007 0.0003 0.0003 0.0002 0.0002 0.0002 0.0002 0.0001 0.0002 0.0001 0.0001 0.0001 0.0001 0.0001 0.0001 0.0003 0.0004 0.0006 0.0008 0.0010 0.0022 0.0015 0.0029 0.0084 0.0092 0.0128 0.0061 0.0090 0.0134 0.0043 0.0139 0.0041 0.0060 0.0744 0.0525 0.0055 0.0234 0.2158 0.0499 0.0063 0.0729 0.2470 0.0212 0.0199 0.2107 0.1355 0.0231 0.0234 0.0106 0.0094 0.0070 0.0033 0.0022 0.0015 0.0016 0.0014 0.0022 0.0023 0.0038 0.0044 0.0026 0.0029 0.0016 0.0026 0.0015 0.0019 0.0012 0.0014 0.0014 0.0018 0.0015 0.0017 0.0010 0.0010 0.0010 0.0012 0.0013 0.0021 0.0022 0.0036 0.0103 0.0148 0.0371 0.0291 0.0554 0.0414 0.0169 0.0307 0.0716 0.1608 0.2227 0.1116 0.1203 0.0626 0.0222 0.0147 0.0084 0.0054 0.0050 0.0041 0.0054 0.0032 0.0022 0.0017
0.0050 0.0069 0.0069 0.0163 0.0191 0.0377 0.1488 0.3760 0.4478 0.8160 0.9997 1.0000 0.9992 0.7581 0.0315 0.0083 0.0009 0.0004 0.0016 0.0010 0.0002 0.0003 0.0007 0.0001 0.0002 0.0002 0.0002 0.0002 0.0002 0.0002 0.0002 0.0001 0.0001 0.0001 0.0001 0.0001 0.0002 0.0002 0.0004 0.0005 0.0006 0.0009 0.0027 0.0014 0.0029 0.0104 0.0119 0.0163 0.0062 0.0096 0.0071 0.0023 0.0050 0.0014 0.0022 0.0414 0.0177 0.0020 0.0082 0.1314 0.0170 0.0035 0.0571 0.2154 0.0127 0.0115 0.1827 0.0957 0.0103 0.0121 0.0060 0.0056 0.0032 0.0016 0.0014 0.0010 0.0011 0.0010 0.0016 0.0018 0.0028 0.0033 0.0015 0.0016 0.0008 0.0013 0.0007 0.0009 0.0005 0.0006 0.0007 0.0010 0.0010 0.0014 0.0008 0.0008 0.0007 0.0008 0.0007 0.0010 0.0013 0.0019 0.0063 0.0077 0.0278 0.0237 0.0415 0.0439 0.0158 0.0322 0.0680 0.1911 0.2950 0.1427 0.1337 0.0426 0.0209 0.0097 0.0077 0.0045 0.0041 0.0035 0.0031 0.0019 0.0019 0.0016
0.0084 0.0143 0.0161 0.0611 0.0531 0.1066 0.3899 0.3324 0.3474 0.5990 0.7941 0.9992 1.0000 0.9994 0.8799 0.0278 0.0030 0.0010 0.0283 0.0166 0.0004 0.0023 0.0180 0.0009 0.0004 0.0002 0.0011 0.0003 0.0004 0.0002 0.0002 0.0002 0.0001 0.0001 0.0001 0.0002 0.0003 0.0003 0.0005 0.0015 0.0012 0.0014 0.0076 0.0067 0.0040 0.0191 0.0598 0.0331 0.0279 0.0126 0.0104 0.0029 0.0034 0.0015 0.0055 0.0912 0.0174 0.0042 0.0751 0.2907 0.0259 0.0152 0.3949 0.2933 0.0153 0.0534 0.3627 0.0540 0.0085 0.0073 0.0029 0.0043 0.0066 0.0014 0.0008 0.0007 0.0009 0.0007 0.0010 0.0011 0.0021 0.0025 0.0012 0.0024 0.0012 0.0037 0.0015 0.0012 0.0015 0.0010 0.0030 0.0016 0.0016 0.0013 0.0006 0.0007 0.0004 0.0012 0.0014 0.0016 0.0091 0.0047 0.0624 0.0294 0.1819 0.0377 0.0722 0.0325 0.0099 0.0135 0.0345 0.1017 0.3489 0.2878 0.5698 0.1858 0.1260 0.0874 0.0216 0.0117 0.0043 0.0023 0.0022 0.0014 0.0012 0.0011
0.0110 0.0199 0.0247 0.0856 0.0739 0.0895 0.2841 0.3296 0.1372 0.1551 0.1350 0.7581 0.9994 1.0000 0.9995 0.8084 0.0346 0.0058 0.0734 0.0180 0.0004 0.0014 0.0044 0.0004 0.0002 0.0002 0.0008 0.0004 0.0004 0.0002 0.0002 0.0002 0.0002 0.0001 0.0001 0.0002 0.0004 0.0003 0.0005 0.0012 0.0008 0.0010 0.0044 0.0027 0.0015 0.0062 0.0226 0.0152 0.0064 0.0027 0.0024 0.0010 0.0012 0.0005 0.0008 0.0110 0.0014 0.0007 0.0040 0.0364 0.0014 0.0015 0.0477 0.0356 0.0014 0.0049 0.0647 0.0089 0.0017 0.0025 0.0012 0.0013 0.0012 0.0008 0.0004 0.0004 0.0005 0.0005 0.0009 0.0012 0.0015 0.0017 0.0008 0.0012 0.0005 0.0010 0.0005 0.0005 0.0003 0.0003 0.0007 0.0007 0.0009 0.0011 0.0008 0.0005 0.0005 0.0006 0.0004 0.0004 0.0012 0.0007 0.0072 0.0071 0.0239 0.0261 0.0213 0.0327 0.0072 0.0147 0.0380 0.1394 0.2643 0.2667 0.3813 0.1544 0.0802 0.0361 0.0116 0.0062 0.0030 0.0019 0.0019 0.0014 0.0014 0.0013
0.0150 0.0298 0.0319 0.1545 0.0802 0.0944 0.2775 0.1737 0.0395 0.0541 0.0280 0.0315 0.8799 0.9995 1.0000 0.9994 0.5494 0.0923 0.9489 0.8261 0.0191 0.1203 0.4122 0.0166 0.0042 0.0044 0.0148 0.0012 0.0009 0.0004 0.0002 0.0004 0.0007 0.0003 0.0002 0.0015 0.0022 0.0005 0.0014 0.0122 0.0035 0.0013 0.0175 0.0386 0.0018 0.0079 0.1111 0.0302 0.0226 0.0024 0.0016 0.0005 0.0008 0.0005 0.0012 0.0119 0.0018 0.0016 0.0415 0.0803 0.0027 0.0060 0.2514 0.0345 0.0018 0.0160 0.0803 0.0035 0.0010 0.0012 0.0007 0.0009 0.0022 0.0005 0.0003 0.0003 0.0003 0.0003 0.0006 0.0007 0.0011 0.0014 0.0006 0.0011 0.0005 0.0018 0.0009 0.0005 0.0011 0.0005 0.0022 0.0008 0.0010 0.0008 0.0005 0.0005 0.0003 0.0007 0.0008 0.0008 0.0127 0.0025 0.0753 0.0126 0.0800 0.0086 0.0175 0.0071 0.0026 0.0035 0.0099 0.0294 0.0987 0.1664 0.5689 0.2819 0.3451 0.3144 0.0467 0.0193 0.0030 0.0013 0.0015 0.0012 0.0011 0.0011
0.0189 0.0369 0.0512 0.1312 0.0995 0.0658 0.0894 0.0812 0.0136 0.0097 0.0042 0.0083 0.0278 0.8084 0.9994 1.0000 0.9993 0.9922 0.9887 0.6978 0.0389 0.0487 0.0132 0.0033 0.0018 0.0053 0.0086 0.0022 0.0019 0.0010 0.0004 0.0008 0.0013 0.0003 0.0002 0.0011 0.0011 0.0002 0.0006 0.0027 0.0007 0.0004 0.0027 0.0028 0.0004 0.0009 0.0094 0.0044 0.0020 0.0007 0.0005 0.0003 0.0004 0.0003 0.0003 0.0015 0.0004 0.0003 0.0012 0.0027 0.0003 0.0005 0.0056 0.0014 0.0003 0.0011 0.0069 0.0011 0.0004 0.0006 0.0004 0.0004 0.0004 0.0003 0.0002 0.0003 0.0003 0.0003 0.0005 0.0005 0.0008 0.0008 0.0005 0.0007 0.0003 0.0005 0.0004 0.0002 0.0003 0.0001 0.0004 0.0004 0.0007 0.0008 0.0008 0.0004 0.0004 0.0004 0.0003 0.0003 0.0008 0.0005 0.0049 0.0046 0.0078 0.0097 0.0052 0.0078 0.0033 0.0077 0.0134 0.0448 0.0666 0.1012 0.1736 0.1302 0.1705 0.0888 0.0164 0.0055 0.0026 0.0015 0.0015 0.0013 0.0014 0.0014
0.0199 0.0340 0.0351 0.0754 0.0501 0.0247 0.0235 0.0160 0.0041 0.0025 0.0015 0.0009 0.0030 0.0346 0.5494 0.9993 1.0000 0.9998 0.9384 0.7584 0.5712 0.0212 0.0038 0.0059 0.0074 0.0501 0.0567 0.0148 0.0088 0.0058 0.0008 0.0019 0.0095 0.0011 0.0004 0.0027 0.0036 0.0004 0.0008 0.0034 0.0012 0.0003 0.0008 0.0015 0.0003 0.0005 0.0025 0.0010 0.0015 0.0006 0.0009 0.0005 0.0008 0.0003 0.0006 0.0037 0.0008 0.0004 0.0022 0.0043 0.0004 0.0009 0.0085 0.0019 0.0003 0.0011 0.0057 0.0011 0.0003 0.0005 0.0003 0.0003 0.0003 0.0003 0.0003 0.0003 0.0003 0.0003 0.0005 0.0005 0.0009 0.0007 0.0005 0.0005 0.0003 0.0004 0.0002 0.0002 0.0002 0.0002 0.0002 0.0003 0.0006 0.0008 0.0008 0.0005 0.0004 0.0003 0.0004 0.0003 0.0009 0.0004 0.0025 0.0012 0.0030 0.0018 0.0025 0.0029 0.0023 0.0037 0.0070 0.0167 0.0189 0.0125 0.0193 0.0236 0.0311 0.0112 0.0033 0.0026 0.0017 0.0014 0.0015 0.0014 0.0015 0.0015
0.0158 0.0281 0.0273 0.0546 0.0312 0.0148 0.0141 0.0057 0.0014 0.0012 0.0006 0.0004 0.0010 0.0058 0.0923 0.9922 0.9998 1.0000 0.9995 0.9549 0.9211 0.6669 0.0145 0.0057 0.0083 0.0913 0.1236 0.0318 0.0228 0.0156 0.0013 0.0062 0.0302 0.0017 0.0006 0.0117 0.0051 0.0003 0.0020 0.0056 0.0005 0.0001 0.0016 0.0011 0.0001 0.0003 0.0021 0.0006 0.0006 0.0003 0.0004 0.0003 0.0005 0.0002 0.0002 0.0007 0.0002 0.0002 0.0004 0.0004 0.0001 0.0001 0.0008 0.0002 0.0001 0.0003 0.0005 0.0002 0.0001 0.0002 0.0002 0.0002 0.0003 0.0002 0.0002 0.0001 0.0002 0.0003 0.0003 0.0004 0.0005 0.0004 0.0003 0.0003 0.0002 0.0002 0.0001 0.0001 0.0001 0.0000 0.0003 0.0003 0.0006 0.0008 0.0007 0.0004 0.0003 0.0003 0.0003 0.0002 0.0005 0.0003 0.0016 0.0006 0.0015 0.0010 0.0013 0.0015 0.0013 0.0019 0.0033 0.0063 0.0069 0.0044 0.0156 0.0237 0.0593 0.0391 0.0112 0.0071 0.0024 0.0019 0.0018 0.0015 0.0015 0.0017
0.0188 0.0362 0.0340 0.1068 0.0404 0.0325 0.0870 0.0263 0.0033 0.0044 0.0016 0.0016 0.0283 0.0734 0.9489 0.9887 0.9384 0.9995 1.0000 0.9996 0.9753 0.9647 0.8293 0.0498 0.0091 0.0146 0.0444 0.0033 0.0025 0.0017 0.0002 0.0014 0.0105 0.0004 0.0002 0.0278 0.0160 0.0003 0.0030 0.0726 0.0030 0.0004 0.0261 0.0323 0.0004 0.0013 0.0421 0.0056 0.0085 0.0004 0.0006 0.0004 0.0004 0.0002 0.0005 0.0034 0.0003 0.0008 0.0075 0.0027 0.0002 0.0014 0.0199 0.0005 0.0001 0.0016 0.0022 0.0001 0.0001 0.0002 0.0001 0.0002 0.0004 0.0002 0.0001 0.0001 0.0002 0.0001 0.0003 0.0003 0.0004 0.0004 0.0003 0.0004 0.0003 0.0006 0.0003 0.0002 0.0008 0.0002 0.0022 0.0004 0.0010 0.0008 0.0005 0.0005 0.0003 0.0004 0.0005 0.0005 0.0058 0.0012 0.0237 0.0063 0.0144 0.0034 0.0027 0.0021 0.0010 0.0014 0.0027 0.0072 0.0176 0.0195 0.2159 0.1329 0.3787 0.3695 0.1036 0.0477 0.0052 0.0025 0.0029 0.0018 0.0016 0.0016
0.0096 0.0152 0.0124 0.0650 0.0128 0.0077 0.0362 0.0133 0.0016 0.0029 0.0012 0.0010 0.0166 0.0180 0.8261 0.6978 0.7584 0.9549 0.9996 1.0000 0.9997 0.9827 0.9756 0.9237 0.1361 0.2298 0.2219 0.0077 0.0030 0.0030 0.0002 0.0015 0.0290 0.0019 0.0003 0.0191 0.0624 0.0012 0.0023 0.1504 0.0261 0.0008 0.0113 0.1101 0.0012 0.0006 0.0333 0.0033 0.0426 0.0012 0.0054 0.0012 0.0015 0.0006 0.0074 0.0403 0.0012 0.0033 0.1512 0.0384 0.0006 0.0087 0.1293 0.0026 0.0003 0.0038 0.0061 0.0002 0.0001 0.0001 0.0001 0.0002 0.0006 0.0002 0.0001 0.0001 0.0003 0.0001 0.0003 0.0002 0.0005 0.0004 0.0002 0.0005 0.0003 0.0008 0.0005 0.0003 0.0015 0.0004 0.0055 0.0005 0.0011 0.0007 0.0004 0.0004 0.0002 0.0004 0.0010 0.0008 0.0199 0.0017 0.0501 0.0046 0.0408 0.0027 0.0057 0.0025 0.0008 0.0009 0.0019 0.0033 0.0140 0.0076 0.0896 0.0227 0.1074 0.1690 0.0356 0.0320 0.0040 0.0022 0.0020 0.0014 0.0011 0.0011
0.0067 0.0099 0.0058 0.0148 0.0052 0.0028 0.0049 0.0015 0.0005 0.0007 0.0003 0.0002 0.0004 0.0004 0.0191 0.0389 0.5712 0.9211 0.9753 0.9997 1.0000 0.9997 0.9555 0.9329 0.8845 0.8336 0.8029 0.1273 0.0505 0.0386 0.0011 0.0107 0.2229 0.0114 0.0014 0.0861 0.1555 0.0021 0.0018 0.0459 0.0060 0.0001 0.0005 0.0026 0.0001 0.0000 0.0004 0.0001 0.0022 0.0003 0.0025 0.0011 0.0029 0.0005 0.0019 0.0091 0.0003 0.0003 0.0040 0.0014 0.0001 0.0003 0.0012 0.0001 0.0000 0.0001 0.0001 0.0000 0.0000 0.0000 0.0000 0.0000 0.0001 0.0001 0.0001 0.0001 0.0001 0.0001 0.0003 0.0003 0.0005 0.0005 0.0002 0.0003 0.0001 0.0002 0.0001 0.0001 0.0002 0.0001 0.0005 0.0003 0.0007 0.0008 0.0004 0.0004 0.0001 0.0002 0.0002 0.0001 0.0015 0.0002 0.0027 0.0004 0.0023 0.0006 0.0014 0.0012 0.0004 0.0005 0.0010 0.0015 0.0049 0.0026 0.0115 0.0034 0.0230 0.0229 0.0176 0.0118 0.0027 0.0019 0.0020 0.0016 0.0014 0.0012
0.0103 0.0166 0.0087 0.0304 0.0092 0.0058 0.0138 0.0018 0.0005 0.0010 0.0005 0.0003 0.0023 0.0014 0.1203 0.0487 0.0212 0.6669 0.9647 0.9827 0.9997 1.0000 0.9998 0.9282 0.8965 0.5006 0.7415 0.1003 0.0398 0.0215 0.0011 0.0148 0.3177 0.0243 0.0050 0.3199 0.4897 0.0097 0.0272 0.3813 0.0452 0.0008 0.0164 0.0382 0.0002 0.0001 0.0017 0.0002 0.0054 0.0004 0.0028 0.0018 0.0008 0.0004 0.0030 0.0213 0.0004 0.0010 0.0099 0.0017 0.0001 0.0009 0.0018 0.0001 0.0000 0.0001 0.0002 0.0000 0.0000 0.0000 0.0000 0.0000 0.0001 0.0001 0.0001 0.0001 0.0003 0.0001 0.0003 0.0003 0.0005 0.0004 0.0003 0.0004 0.0002 0.0005 0.0003 0.0003 0.0009 0.0004 0.0043 0.0009 0.0036 0.0040 0.0009 0.0020 0.0003 0.0009 0.0012 0.0008 0.0049 0.0007 0.0088 0.0016 0.0080 0.0008 0.0015 0.0008 0.0004 0.0004 0.0009 0.0019 0.0055 0.0099 0.0999 0.0342 0.2296 0.2910 0.1524 0.1531 0.0132 0.0052 0.0074 0.0031 0.0021 0.0019
0.0039 0.0051 0.0030 0.0139 0.0033 0.0025 0.0121 0.0018 0.0005 0.0020 0.0007 0.0007 0.0180 0.0044 0.4122 0.0132 0.0038 0.0145 0.8293 0.9756 0.9555 0.9998 1.0000 0.9997 0.8440 0.1089 0.0950 0.0024 0.0015 0.0008 0.0001 0.0013 0.0279 0.0027 0.0010 0.0757 0.4200 0.0190 0.0274 0.7674 0.3155 0.0066 0.0993 0.4936 0.0030 0.0007 0.0361 0.0041 0.1854 0.0057 0.0221 0.0058 0.0014 0.0011 0.0450 0.0736 0.0018 0.0135 0.4155 0.0288 0.0008 0.0213 0.0731 0.0004 0.0001 0.0015 0.0007 0.0000 0.0000 0.0001 0.0000 0.0001 0.0004 0.0002 0.0001 0.0001 0.0003 0.0001 0.0003 0.0002 0.0004 0.0005 0.0003 0.0008 0.0003 0.0027 0.0021 0.0016 0.0108 0.0011 0.0263 0.0010 0.0025 0.0014 0.0005 0.0005 0.0003 0.0009 0.0024 0.0012 0.0671 0.0023 0.0905 0.0050 0.0384 0.0011 0.0020 0.0008 0.0003 0.0003 0.0009 0.0017 0.0069 0.0130 0.2192 0.0520 0.2282 0.5461 0.1440 0.2432 0.0078 0.0026 0.0036 0.0018 0.0012 0.0012
0.0035 0.0038 0.0020 0.0055 0.0021 0.0014 0.0023 0.0008 0.0003 0.0005 0.0003 0.0001 0.0009 0.0004 0.0166 0.0033 0.0059 0.0057 0.0498 0.9237 0.9329 0.9282 0.9997 1.0000 0.9998 0.6024 0.2531 0.0157 0.0110 0.0069 0.0009 0.0103 0.2297 0.0270 0.0067 0.2952 0.7152 0.0680 0.0786 0.7736 0.5446 0.0173 0.0522 0.4007 0.0121 0.0003 0.0029 0.0019 0.1535 0.0146 0.0802 0.0303 0.0081 0.0043 0.1350 0.1742 0.0041 0.0223 0.3178 0.0170 0.0006 0.0069 0.0146 0.0003 0.0001 0.0008 0.0005 0.0000 0.0001 0.0001 0.0000 0.0002 0.0005 0.0002 0.0002 0.0002 0.0004 0.0002 0.0003 0.0003 0.0007 0.0009 0.0005 0.0011 0.0004 0.0012 0.0008 0.0004 0.0016 0.0004 0.0063 0.0014 0.0060 0.0028 0.0009 0.0012 0.0005 0.0010 0.0032 0.0008 0.0160 0.0019 0.0470 0.0045 0.0402 0.0027 0.0058 0.0019 0.0005 0.0005 0.0011 0.0018 0.0069 0.0145 0.0780 0.0323 0.0758 0.0860 0.0458 0.0429 0.0052 0.0023 0.0028 0.0019 0.0016 0.0014
0.0033 0.0038 0.0022 0.0044 0.0021 0.0012 0.0014 0.0007 0.0002 0.0004 0.0003 0.0002 0.0004 0.0002 0.0042 0.0018 0.0074 0.0083 0.0091 0.1361 0.8845 0.8965 0.8440 0.9998 1.0000 0.9997 0.9478 0.1255 0.0799 0.0488 0.0043 0.0248 0.3793 0.1207 0.0124 0.2836 0.8681 0.0975 0.0213 0.4329 0.3074 0.0043 0.0032 0.0228 0.0018 0.0001 0.0002 0.0002 0.0048 0.0026 0.0281 0.0111 0.0066 0.0022 0.0174 0.0223 0.0010 0.0019 0.0072 0.0010 0.0001 0.0005 0.0008 0.0002 0.0001 0.0003 0.0003 0.0001 0.0001 0.0000 0.0000 0.0001 0.0002 0.0002 0.0002 0.0002 0.0003 0.0003 0.0004 0.0004 0.0008 0.0009 0.0005 0.0007 0.0003 0.0004 0.0003 0.0002 0.0004 0.0002 0.0008 0.0004 0.0018 0.0018 0.0008 0.0009 0.0004 0.0005 0.0006 0.0004 0.0016 0.0007 0.0080 0.0012 0.0064 0.0011 0.0026 0.0019 0.0010 0.0010 0.0016 0.0021 0.0037 0.0089 0.0252 0.0170 0.0370 0.0184 0.0200 0.0289 0.0041 0.0030 0.0041 0.0029 0.0023 0.0019
0.0027 0.0027 0.0017 0.0027 0.0016 0.0011 0.0010 0.0005 0.0002 0.0002 0.0002 0.0002 0.0002 0.0002 0.0044 0.0053 0.0501 0.0913 0.0146 0.2298 0.8336 0.5006 0.1089 0.6024 0.9997 1.0000 0.9993 0.7581 0.1050 0.0545 0.0023 0.0114 0.2995 0.0891 0.0028 0.0376 0.5240 0.0125 0.0018 0.0289 0.0273 0.0003 0.0003 0.0006 0.0001 0.0000 0.0000 0.0000 0.0007 0.0006 0.0065 0.0028 0.0019 0.0014 0.0046 0.0032 0.0004 0.0005 0.0008 0.0001 0.0001 0.0001 0.0002 0.0001 0.0000 0.0001 0.0002 0.0001 0.0000 0.0000 0.0000 0.0000 0.0001 0.0002 0.0003 0.0003 0.0003 0.0003 0.0004 0.0004 0.0008 0.0008 0.0005 0.0005 0.0003 0.0003 0.0003 0.0001 0.0002 0.0001 0.0002 0.0002 0.0008 0.0010 0.0008 0.0006 0.0004 0.0004 0.0003 0.0003 0.0004 0.0005 0.0021 0.0012 0.0019 0.0007 0.0014 0.0015 0.0010 0.0013 0.0015 0.0017 0.0021 0.0038 0.0082 0.0041 0.0073 0.0038 0.0040 0.0086 0.0022 0.0022 0.0026 0.0024 0.0021 0.0018
0.0024 0.0019 0.0012 0.0021 0.0011 0.0007 0.0007 0.0004 0.0001 0.0002 0.0002 0.0002 0.0011 0.0008 0.0148 0.0086 0.0567 0.1236 0.0444 0.2219 0.8029 0.7415 0.0950 0.2531 0.9478 0.9993 1.0000 0.9992 0.8341 0.3119 0.0427 0.0839 0.9324 0.7426 0.0417 0.3673 0.9552 0.1588 0.0111 0.1396 0.0830 0.0012 0.0007 0.0019 0.0001 0.0000 0.0000 0.0000 0.0004 0.0002 0.0009 0.0006 0.0005 0.0004 0.0012 0.0005 0.0001 0.0002 0.0006 0.0001 0.0001 0.0002 0.0003 0.0000 0.0000 0.0002 0.0002 0.0000 0.0000 0.0000 0.0000 0.0001 0.0001 0.0002 0.0002 0.0002 0.0003 0.0003 0.0005 0.0004 0.0009 0.0008 0.0005 0.0008 0.0004 0.0004 0.0003 0.0001 0.0003 0.0002 0.0003 0.0002 0.0005 0.0006 0.0004 0.0004 0.0003 0.0003 0.0002 0.0001 0.0004 0.0002 0.0021 0.0014 0.0143 0.0022 0.0099 0.0050 0.0021 0.0017 0.0030 0.0036 0.0063 0.0110 0.0256 0.0111 0.0161 0.0074 0.0178 0.0181 0.0022 0.0027 0.0046 0.0030 0.0025 0.0020
0.0019 0.0014 0.0010 0.0010 0.0007 0.0005 0.0004 0.0003 0.0002 0.0002 0.0002 0.0002 0.0003 0.0004 0.0012 0.0022 0.0148 0.0318 0.0033 0.0077 0.1273 0.1003 0.0024 0.0157 0.1255 0.7581 0.9992 1.0000 0.9994 0.6849 0.0499 0.0363 0.5818 0.4559 0.0054 0.0109 0.1949 0.0099 0.0004 0.0007 0.0012 0.0000 0.0000 0.0000 0.0000 0.0000 0.0000 0.0000 0.0000 0.0001 0.0003 0.0003 0.0004 0.0002 0.0002 0.0001 0.0001 0.0000 0.0001 0.0000 0.0000 0.0000 0.0000 0.0000 0.0000 0.0001 0.0001 0.0000 0.0000 0.0000 0.0000 0.0001 0.0001 0.0001 0.0002 0.0003 0.0003 0.0004 0.0007 0.0007 0.0010 0.0008 0.0004 0.0003 0.0002 0.0002 0.0001 0.0001 0.0001 0.0000 0.0000 0.0001 0.0003 0.0005 0.0005 0.0002 0.0002 0.0001 0.0001 0.0001 0.0001 0.0002 0.0003 0.0005 0.0010 0.0008 0.0019 0.0028 0.0025 0.0022 0.0025 0.0026 0.0022 0.0023 0.0021 0.0015 0.0014 0.0005 0.0020 0.0026 0.0010 0.0015 0.0018 0.0022 0.0023 0.0022
0.0018 0.0014 0.0010 0.0009 0.0006 0.0004 0.0003 0.0002 0.0002 0.0002 0.0002 0.0002 0.0004 0.0004 0.0009 0.0019 0.0088 0.0228 0.0025 0.0030 0.0505 0.0398 0.0015 0.0110 0.0799 0.1050 0.8341 0.9994 1.0000 0.9993 0.4631 0.0877 0.8140 0.8016 0.0139 0.0181 0.2220 0.0100 0.0003 0.0005 0.0005 0.0001 0.0000 0.0000 0.0000 0.0000 0.0000 0.0000 0.0000 0.0000 0.0001 0.0002 0.0002 0.0001 0.0001 0.0001 0.0001 0.0000 0.0000 0.0000 0.0000 0.0000 0.0000 0.0000 0.0000 0.0000 0.0001 0.0000 0.0000 0.0000 0.0000 0.0001 0.0001 0.0002 0.0002 0.0003 0.0004 0.0005 0.0009 0.0010 0.0012 0.0009 0.0004 0.0004 0.0002 0.0002 0.0001 0.0001 0.0000 0.0001 0.0000 0.0001 0.0002 0.0003 0.0003 0.0002 0.0001 0.0001 0.0000 0.0000 0.0000 0.0001 0.0002 0.0004 0.0011 0.0015 0.0022 0.0022 0.0022 0.0022 0.0029 0.0030 0.0027 0.0029 0.0021 0.0014 0.0015 0.0004 0.0011 0.0011 0.0009 0.0012 0.0016 0.0019 0.0024 0.0022
0.0016 0.0012 0.0009 0.0008 0.0005 0.0004 0.0002 0.0002 0.0001 0.0002 0.0001 0.0002 0.0002 0.0002 0.0004 0.0010 0.0058 0.0156 0.0017 0.0030 0.0386 0.0215 0.0008 0.0069 0.0488 0.0545 0.3119 0.6849 0.9993 1.0000 0.9987 0.9906 0.9900 0.9210 0.0455 0.0338 0.0185 0.0031 0.0001 0.0000 0.0000 0.0000 0.0000 0.0000 0.0000 0.0000 0.0000 0.0000 0.0000 0.0000 0.0001 0.0001 0.0001 0.0000 0.0000 0.0000 0.0000 0.0000 0.0000 0.0000 0.0000 0.0000 0.0000 0.0000 0.0000 0.0000 0.0001 0.0000 0.0000 0.0000 0.0001 0.0001 0.0001 0.0002 0.0002 0.0003 0.0004 0.0007 0.0011 0.0012 0.0014 0.0008 0.0004 0.0004 0.0003 0.0002 0.0001 0.0001 0.0000 0.0001 0.0000 0.0001 0.0001 0.0002 0.0001 0.0001 0.0001 0.0001 0.0000 0.0000 0.0000 0.0000 0.0001 0.0004 0.0007 0.0014 0.0012 0.0017 0.0014 0.0024 0.0030 0.0027 0.0021 0.0022 0.0017 0.0017 0.0029 0.0007 0.0053 0.0014 0.0008 0.0012 0.0018 0.0024 0.0035 0.0030
0.0019 0.0015 0.0011 0.0009 0.0006 0.0004 0.0002 0.0002 0.0002 0.0002 0.0002 0.0002 0.0002 0.0002 0.0002 0.0004 0.0008 0.0013 0.0002 0.0002 0.0011 0.0011 0.0001 0.0009 0.0043 0.0023 0.0427 0.0499 0.4631 0.9987 1.0000 0.9995 0.9561 0.9686 0.8868 0.0105 0.0018 0.0016 0.0003 0.0000 0.0000 0.0000 0.0000 0.0000 0.0000 0.0000 0.0000 0.0000 0.0000 0.0000 0.0001 0.0001 0.0001 0.0001 0.0000 0.0001 0.0000 0.0000 0.0000 0.0000 0.0000 0.0000 0.0000 0.0000 0.0000 0.0000 0.0001 0.0001 0.0001 0.0001 0.0001 0.0002 0.0002 0.0002 0.0002 0.0004 0.0005 0.0006 0.0010 0.0012 0.0014 0.0008 0.0004 0.0003 0.0003 0.0003 0.0002 0.0001 0.0001 0.0001 0.0001 0.0001 0.0001 0.0002 0.0001 0.0001 0.0001 0.0001 0.0000 0.0000 0.0000 0.0000 0.0001 0.0002 0.0003 0.0008 0.0006 0.0012 0.0010 0.0012 0.0016 0.0015 0.0013 0.0011 0.0008 0.0007 0.0010 0.0003 0.0009 0.0006 0.0008 0.0011 0.0015 0.0025 0.0031 0.0029
0.0022 0.0017 0.0012 0.0012 0.0008 0.0005 0.0004 0.0002 0.0001 0.0002 0.0001 0.0001 0.0002 0.0002 0.0004 0.0008 0.0019 0.0062 0.0014 0.0015 0.0107 0.0148 0.0013 0.0103 0.0248 0.0114 0.0839 0.0363 0.0877 0.9906 0.9995 1.0000 0.9995 0.9783 0.9599 0.9459 0.0081 0.0010 0.0007 0.0003 0.0000 0.0000 0.0000 0.0000 0.0000 0.0000 0.0000 0.0000 0.0000 0.0000 0.0001 0.0001 0.0001 0.0000 0.0000 0.0001 0.0000 0.0000 0.0000 0.0000 0.0000 0.0000 0.0000 0.0000 0.0000 0.0001 0.0002 0.0001 0.0001 0.0001 0.0001 0.0002 0.0002 0.0003 0.0003 0.0004 0.0006 0.0007 0.0012 0.0015 0.0022 0.0014 0.0007 0.0007 0.0003 0.0003 0.0003 0.0002 0.0001 0.0001 0.0001 0.0001 0.0002 0.0003 0.0003 0.0002 0.0001 0.0001 0.0001 0.0001 0.0001 0.0002 0.0004 0.0013 0.0020 0.0021 0.0017 0.0027 0.0017 0.0033 0.0049 0.0037 0.0023 0.0028 0.0039 0.0054 0.0272 0.0033 0.0205 0.0037 0.0025 0.0036 0.0062 0.0098 0.0108 0.0076
0.0022 0.0017 0.0011 0.0016 0.0007 0.0003 0.0003 0.0003 0.0001 0.0001 0.0001 0.0001 0.0001 0.0002 0.0007 0.0013 0.0095 0.0302 0.0105 0.0290 0.2229 0.3177 0.0279 0.2297 0.3793 0.2995 0.9324 0.5818 0.8140 0.9900 0.9561 0.9995 1.0000 0.9988 0.9848 0.9922 0.9837 0.0063 0.0010 0.0012 0.0003 0.0000 0.0000 0.0000 0.0000 0.0000 0.0000 0.0000 0.0000 0.0000 0.0001 0.0001 0.0001 0.0000 0.0001 0.0001 0.0000 0.0000 0.0001 0.0000 0.0000 0.0000 0.0000 0.0000 0.0000 0.0000 0.0001 0.0000 0.0000 0.0000 0.0000 0.0001 0.0001 0.0001 0.0001 0.0003 0.0003 0.0003 0.0006 0.0006 0.0009 0.0007 0.0004 0.0005 0.0003 0.0003 0.0003 0.0001 0.0001 0.0001 0.0001 0.0001 0.0002 0.0003 0.0002 0.0002 0.0001 0.0001 0.0001 0.0001 0.0001 0.0001 0.0004 0.0007 0.0023 0.0011 0.0017 0.0017 0.0010 0.0022 0.0052 0.0041 0.0022 0.0034 0.0046 0.0049 0.0293 0.0038 0.0214 0.0065 0.0026 0.0044 0.0079 0.0097 0.0088 0.0059
0.0022 0.0016 0.0010 0.0008 0.0005 0.0003 0.0003 0.0003 0.0001 0.0001 0.0001 0.0001 0.0001 0.0001 0.0003 0.0003 0.0011 0.0017 0.0004 0.0019 0.0114 0.0243 0.0027 0.0270 0.1207 0.0891 0.7426 0.4559 0.8016 0.9210 0.9686 0.9783 0.9988 1.0000 0.9996 0.9912 0.9916 0.9803 0.0028 0.0004 0.0007 0.0001 0.0000 0.0000 0.0000 0.0000 0.0000 0.0000 0.0000 0.0001 0.0001 0.0001 0.0001 0.0000 0.0000 0.0001 0.0000 0.0000 0.0000 0.0000 0.0000 0.0000 0.0000 0.0000 0.0000 0.0000 0.0001 0.0000 0.0000 0.0000 0.0000 0.0000 0.0001 0.0002 0.0001 0.0002 0.0003 0.0003 0.0005 0.0005 0.0005 0.0003 0.0003 0.0003 0.0002 0.0001 0.0001 0.0001 0.0001 0.0001 0.0000 0.0001 0.0001 0.0002 0.0001 0.0001 0.0001 0.0001 0.0001 0.0001 0.0001 0.0000 0.0001 0.0001 0.0001 0.0002 0.0003 0.0004 0.0003 0.0004 0.0005 0.0005 0.0004 0.0003 0.0005 0.0003 0.0014 0.0003 0.0014 0.0009 0.0008 0.0011 0.0019 0.0022 0.0024 0.0025
0.0028 0.0023 0.0014 0.0014 0.0008 0.0004 0.0003 0.0003 0.0001 0.0001 0.0001 0.0001 0.0001 0.0001 0.0002 0.0002 0.0004 0.0006 0.0002 0.0003 0.0014 0.0050 0.0010 0.0067 0.0124 0.0028 0.0417 0.0054 0.0139 0.0455 0.8868 0.9599 0.9848 0.9996 1.0000 0.9997 0.9914 0.9906 0.9754 0.0019 0.0003 0.0003 0.0001 0.0000 0.0000 0.0000 0.0000 0.0000 0.0000 0.0000 0.0001 0.0001 0.0001 0.0000 0.0000 0.0000 0.0000 0.0000 0.0000 0.0000 0.0000 0.0000 0.0000 0.0000 0.0000 0.0000 0.0000 0.0000 0.0000 0.0000 0.0000 0.0000 0.0001 0.0001 0.0001 0.0001 0.0002 0.0003 0.0004 0.0004 0.0005 0.0003 0.0002 0.0002 0.0001 0.0001 0.0001 0.0001 0.0001 0.0000 0.0000 0.0001 0.0001 0.0002 0.0003 0.0001 0.0001 0.0001 0.0001 0.0001 0.0000 0.0000 0.0001 0.0001 0.0002 0.0002 0.0003 0.0004 0.0003 0.0004 0.0006 0.0005 0.0003 0.0003 0.0005 0.0005 0.0027 0.0004 0.0032 0.0016 0.0016 0.0032 0.0049 0.0065 0.0062 0.0050
0.0055 0.0062 0.0046 0.0131 0.0047 0.0016 0.0013 0.0005 0.0001 0.0001 0.0001 0.0001 0.0002 0.0002 0.0015 0.0011 0.0027 0.0117 0.0278 0.0191 0.0861 0.3199 0.0757 0.2952 0.2836 0.0376 0.3673 0.0109 0.0181 0.0338 0.0105 0.9459 0.9922 0.9912 0.9997 1.0000 0.9997 0.9923 0.9922 0.9754 0.0027 0.0004 0.0004 0.0001 0.0000 0.0000 0.0000 0.0000 0.0000 0.0000 0.0001 0.0001 0.0000 0.0000 0.0001 0.0001 0.0000 0.0000 0.0001 0.0000 0.0000 0.0000 0.0001 0.0000 0.0000 0.0000 0.0001 0.0000 0.0000 0.0000 0.0001 0.0001 0.0001 0.0001 0.0001 0.0001 0.0003 0.0003 0.0004 0.0004 0.0005 0.0005 0.0004 0.0005 0.0003 0.0003 0.0003 0.0001 0.0002 0.0001 0.0002 0.0002 0.0003 0.0004 0.0004 0.0003 0.0002 0.0002 0.0002 0.0002 0.0004 0.0003 0.0019 0.0011 0.0036 0.0016 0.0023 0.0014 0.0007 0.0017 0.0054 0.0048 0.0036 0.0047 0.0109 0.0094 0.0815 0.0225 0.0807 0.0345 0.0196 0.0367 0.0388 0.0268 0.0181 0.0113
0.0047 0.0049 0.0034 0.0079 0.0030 0.0014 0.0010 0.0005 0.0002 0.0002 0.0001 0.0002 0.0003 0.0004 0.0022 0.0011 0.0036 0.0051 0.0160 0.0624 0.1555 0.4897 0.4200 0.7152 0.8681 0.5240 0.9552 0.1949 0.2220 0.0185 0.0018 0.0081 0.9837 0.9916 0.9914 0.9997 1.0000 0.9996 0.9928 0.9935 0.9765 0.0023 0.0003 0.0004 0.0001 0.0000 0.0000 0.0000 0.0003 0.0003 0.0025 0.0005 0.0002 0.0001 0.0009 0.0005 0.0000 0.0000 0.0004 0.0002 0.0000 0.0001 0.0003 0.0000 0.0000 0.0001 0.0001 0.0000 0.0000 0.0000 0.0000 0.0001 0.0001 0.0001 0.0001 0.0001 0.0003 0.0001 0.0003 0.0003 0.0005 0.0005 0.0003 0.0003 0.0003 0.0003 0.0003 0.0001 0.0003 0.0001 0.0002 0.0001 0.0002 0.0002 0.0002 0.0002 0.0001 0.0001 0.0001 0.0001 0.0005 0.0003 0.0023 0.0008 0.0019 0.0007 0.0008 0.0005 0.0002 0.0004 0.0019 0.0018 0.0016 0.0033 0.0077 0.0059 0.0331 0.0144 0.0380 0.0267 0.0084 0.0084 0.0083 0.0055 0.0036 0.0029
0.0056 0.0056 0.0038 0.0066 0.0027 0.0015 0.0013 0.0006 0.0003 0.0003 0.0003 0.0002 0.0003 0.0003 0.0005 0.0002 0.0004 0.0003 0.0003 0.0012 0.0021 0.0097 0.0190 0.0680 0.0975 0.0125 0.1588 0.0099 0.0100 0.0031 0.0016 0.0010 0.0063 0.9803 0.9906 0.9923 0.9996 1.0000 0.9997 0.9920 0.9933 0.9783 0.0017 0.0003 0.0003 0.0002 0.0000 0.0000 0.0001 0.0004 0.0029 0.0004 0.0002 0.0001 0.0002 0.0001 0.0000 0.0000 0.0001 0.0001 0.0000 0.0000 0.0001 0.0000 0.0000 0.0001 0.0002 0.0000 0.0000 0.0001 0.0000 0.0001 0.0001 0.0001 0.0001 0.0001 0.0002 0.0001 0.0003 0.0003 0.0003 0.0003 0.0001 0.0001 0.0001 0.0001 0.0002 0.0000 0.0001 0.0000 0.0001 0.0001 0.0002 0.0004 0.0003 0.0003 0.0002 0.0001 0.0001 0.0001 0.0003 0.0001 0.0003 0.0002 0.0002 0.0001 0.0002 0.0003 0.0002 0.0002 0.0004 0.0005 0.0004 0.0003 0.0005 0.0005 0.0024 0.0009 0.0040 0.0031 0.0025 0.0049 0.0047 0.0036 0.0029 0.0026
0.0134 0.0184 0.0170 0.0383 0.0101 0.0042 0.0047 0.0017 0.0005 0.0004 0.0004 0.0004 0.0005 0.0005 0.0014 0.0006 0.0008 0.0020 0.0030 0.0023 0.0018 0.0272 0.0274 0.0786 0.0213 0.0018 0.0111 0.0004 0.0003 0.0001 0.0003 0.0007 0.0010 0.0028 0.9754 0.9922 0.9928 0.9997 1.0000 0.9997 0.9937 0.9942 0.9806 0.0020 0.0003 0.0004 0.0002 0.0000 0.0001 0.0001 0.0003 0.0001 0.0000 0.0000 0.0000 0.0000 0.0000 0.0000 0.0001 0.0000 0.0000 0.0000 0.0001 0.0000 0.0000 0.0000 0.0001 0.0000 0.0000 0.0000 0.0000 0.0000 0.0001 0.0001 0.0001 0.0001 0.0002 0.0002 0.0003 0.0003 0.0003 0.0003 0.0001 0.0002 0.0001 0.0002 0.0003 0.0001 0.0005 0.0001 0.0005 0.0002 0.0009 0.0018 0.0012 0.0011 0.0006 0.0011 0.0006 0.0003 0.0009 0.0002 0.0009 0.0003 0.0005 0.0003 0.0003 0.0003 0.0002 0.0004 0.0009 0.0011 0.0012 0.0007 0.0016 0.0014 0.0133 0.0048 0.0466 0.0309 0.0287 0.0582 0.0353 0.0206 0.0131 0.0098
0.0103 0.0122 0.0099 0.0356 0.0127 0.0062 0.0148 0.0041 0.0008 0.0009 0.0006 0.0005 0.0015 0.0012 0.0122 0.0027 0.0034 0.0056 0.0726 0.1504 0.0459 0.3813 0.7674 0.7736 0.4329 0.0289 0.1396 0.0007 0.0005 0.0000 0.0000 0.0003 0.0012 0.0004 0.0019 0.9754 0.9935 0.9920 0.9997 1.0000 0.9996 0.9945 0.9963 0.9880 0.0026 0.0003 0.0009 0.0004 0.0224 0.0019 0.0038 0.0004 0.0001 0.0001 0.0012 0.0016 0.0000 0.0001 0.0044 0.0003 0.0000 0.0002 0.0013 0.0001 0.0000 0.0001 0.0002 0.0000 0.0000 0.0001 0.0001 0.0001 0.0001 0.0001 0.0001 0.0001 0.0002 0.0001 0.0002 0.0002 0.0003 0.0003 0.0002 0.0003 0.0003 0.0003 0.0007 0.0004 0.0047 0.0005 0.0059 0.0005 0.0019 0.0016 0.0009 0.0011 0.0006 0.0022 0.0019 0.0006 0.0221 0.0015 0.0186 0.0021 0.0039 0.0005 0.0004 0.0004 0.0002 0.0003 0.0015 0.0019 0.0029 0.0026 0.0152 0.0085 0.0511 0.0579 0.1341 0.1599 0.0470 0.0576 0.0356 0.0160 0.0076 0.0049
0.0079 0.0070 0.0044 0.0129 0.0049 0.0029 0.0043 0.0019 0.0007 0.0009 0.0008 0.0006 0.0012 0.0008 0.0035 0.0007 0.0012 0.0005 0.0030 0.0261 0.0060 0.0452 0.3155 0.5446 0.3074 0.0273 0.0830 0.0012 0.0005 0.0000 0.0000 0.0000 0.0003 0.0007 0.0003 0.0027 0.9765 0.9933 0.9937 0.9996 1.0000 0.9998 0.9936 0.9961 0.9859 0.0033 0.0005 0.0009 0.1208 0.1784 0.2101 0.0135 0.0018 0.0005 0.0211 0.0122 0.0001 0.0003 0.0052 0.0009 0.0000 0.0002 0.0012 0.0002 0.0000 0.0002 0.0003 0.0000 0.0000 0.0000 0.0000 0.0000 0.0001 0.0001 0.0001 0.0001 0.0001 0.0001 0.0002 0.0002 0.0003 0.0002 0.0001 0.0001 0.0001 0.0001 0.0001 0.0001 0.0004 0.0001 0.0013 0.0003 0.0018 0.0014 0.0016 0.0010 0.0005 0.0005 0.0005 0.0001 0.0014 0.0002 0.0009 0.0003 0.0003 0.0001 0.0001 0.0001 0.0001 0.0001 0.0001 0.0002 0.0003 0.0003 0.0012 0.0007 0.0027 0.0034 0.0079 0.0069 0.0025 0.0030 0.0030 0.0027 0.0021 0.0019
0.0125 0.0118 0.0090 0.0191 0.0051 0.0032 0.0044 0.0016 0.0009 0.0011 0.0010 0.0009 0.0014 0.0010 0.0013 0.0004 0.0003 0.0001 0.0004 0.0008 0.0001 0.0008 0.0066 0.0173 0.0043 0.0003 0.0012 0.0000 0.0001 0.0000 0.0000 0.0000 0.0000 0.0001 0.0003 0.0004 0.0023 0.9783 0.9942 0.9945 0.9998 1.0000 0.9998 0.9923 0.9943 0.9737 0.0058 0.0009 0.0093 0.0177 0.0115 0.0005 0.0001 0.0000 0.0003 0.0003 0.0000 0.0000 0.0002 0.0000 0.0000 0.0000 0.0001 0.0000 0.0000 0.0000 0.0000 0.0000 0.0000 0.0000 0.0000 0.0000 0.0000 0.0001 0.0001 0.0001 0.0001 0.0001 0.0002 0.0002 0.0003 0.0001 0.0001 0.0001 0.0001 0.0000 0.0001 0.0000 0.0001 0.0000 0.0008 0.0003 0.0030 0.0054 0.0051 0.0041 0.0010 0.0017 0.0008 0.0000 0.0005 0.0000 0.0003 0.0001 0.0001 0.0001 0.0001 0.0001 0.0001 0.0001 0.0002 0.0002 0.0003 0.0001 0.0003 0.0002 0.0007 0.0007 0.0038 0.0044 0.0034 0.0103 0.0060 0.0060 0.0046 0.0044
0.0156 0.0219 0.0209 0.0599 0.0147 0.0113 0.0255 0.0070 0.0014 0.0026 0.0022 0.0027 0.0076 0.0044 0.0175 0.0027 0.0008 0.0016 0.0261 0.0113 0.0005 0.0164 0.0993 0.0522 0.0032 0.0003 0.0007 0.0000 0.0000 0.0000 0.0000 0.0000 0.0000 0.0000 0.0001 0.0004 0.0003 0.0017 0.9806 0.9963 0.9936 0.9998 1.0000 0.9997 0.9933 0.9942 0.9180 0.0162 0.1289 0.0033 0.0009 0.0001 0.0000 0.0000 0.0005 0.0004 0.0000 0.0001 0.0017 0.0001 0.0000 0.0001 0.0003 0.0000 0.0000 0.0000 0.0000 0.0000 0.0000 0.0000 0.0000 0.0000 0.0001 0.0001 0.0001 0.0001 0.0001 0.0001 0.0002 0.0001 0.0002 0.0001 0.0001 0.0002 0.0001 0.0001 0.0004 0.0003 0.0037 0.0024 0.0685 0.0071 0.0655 0.0550 0.0326 0.0531 0.0131 0.0688 0.0358 0.0039 0.0370 0.0016 0.0039 0.0005 0.0005 0.0001 0.0001 0.0001 0.0001 0.0001 0.0002 0.0004 0.0006 0.0003 0.0016 0.0011 0.0132 0.0127 0.0747 0.1136 0.0432 0.1083 0.0604 0.0327 0.0164 0.0112
0.0062 0.0058 0.0035 0.0158 0.0036 0.0030 0.0071 0.0022 0.0008 0.0019 0.0015 0.0014 0.0067 0.0027 0.0386 0.0028 0.0015 0.0011 0.0323 0.1101 0.0026 0.0382 0.4936 0.4007 0.0228 0.0006 0.0019 0.0000 0.0000 0.0000 0.0000 0.0000 0.0000 0.0000 0.0000 0.0001 0.0004 0.0003 0.0020 0.9880 0.9961 0.9923 0.9997 1.0000 0.9997 0.9892 0.9913 0.8209 0.9961 0.5574 0.1445 0.0118 0.0010 0.0011 0.1810 0.0543 0.0003 0.0166 0.2546 0.0021 0.0001 0.0019 0.0039 0.0000 0.0000 0.0003 0.0001 0.0000 0.0000 0.0001 0.0000 0.0000 0.0001 0.0001 0.0001 0.0001 0.0001 0.0001 0.0001 0.0001 0.0001 0.0001 0.0001 0.0001 0.0000 0.0002 0.0001 0.0003 0.0082 0.0027 0.2449 0.0080 0.1296 0.0497 0.0301 0.0304 0.0146 0.0377 0.1186 0.0031 0.0829 0.0011 0.0039 0.0004 0.0004 0.0001 0.0001 0.0001 0.0001 0.0000 0.0001 0.0001 0.0003 0.0003 0.0044 0.0012 0.0170 0.0323 0.0411 0.0833 0.0095 0.0093 0.0112 0.0070 0.0031 0.0026
0.0064 0.0062 0.0041 0.0081 0.0032 0.0027 0.0044 0.0021 0.0013 0.0025 0.0029 0.0029 0.0040 0.0015 0.0018 0.0004 0.0003 0.0001 0.0004 0.0012 0.0001 0.0002 0.0030 0.0121 0.0018 0.0001 0.0001 0.0000 0.0000 0.0000 0.0000 0.0000 0.0000 0.0000 0.0000 0.0000 0.0001 0.0003 0.0003 0.0026 0.9859 0.9943 0.9933 0.9997 1.0000 0.9998 0.9369 0.9353 0.8700 0.8425 0.4301 0.0264 0.0014 0.0007 0.0368 0.0059 0.0001 0.0005 0.0014 0.0004 0.0000 0.0000 0.0001 0.0000 0.0000 0.0000 0.0000 0.0000 0.0000 0.0001 0.0000 0.0000 0.0000 0.0001 0.0001 0.0000 0.0001 0.0001 0.0002 0.0001 0.0002 0.0001 0.0001 0.0001 0.0000 0.0000 0.0000 0.0000 0.0001 0.0000 0.0036 0.0012 0.0333 0.0633 0.0672 0.0266 0.0059 0.0027 0.0025 0.0001 0.0009 0.0000 0.0001 0.0000 0.0000 0.0000 0.0000 0.0001 0.0001 0.0001 0.0000 0.0000 0.0001 0.0000 0.0001 0.0001 0.0004 0.0004 0.0009 0.0025 0.0014 0.0027 0.0029 0.0034 0.0027 0.0026
