1.0000 0.9981 0.7932 0.1937 0.0808 0.0251 0.0103 0.0074 0.0044 0.0029 0.0032 0.0023 0.0014 0.0016 0.0020 0.0012 0.0010 0.0010 0.0010 0.0015 0.0018 0.0046 0.0036 0.0040 0.0037 0.0044 0.0061 0.0083 0.0064 0.0063 0.0025 0.0018 0.0012 0.0010 0.0007 0.0007 0.0007 0.0006 0.0005 0.0007 0.0007 0.0009 0.0015 0.0019 0.0027 0.0073 0.0110 0.0456 0.0321 0.0181 0.0230 0.0105 0.0044 0.0034 0.0020 0.0016 0.0010 0.0009 0.0008 0.0007 0.0005 0.0007 0.0008 0.0010 0.0015 0.0017 0.0022 0.0034 0.0059 0.0146 0.0366 0.0209 0.0578 0.0590 0.0168 0.0307 0.0238 0.0155 0.0176 0.0105 0.0075 0.0065 0.0069 0.0071 0.0057 0.0043 0.0054 0.0043 0.0122 0.0089 0.0166 0.0116 0.0066 0.0051 0.0048 0.0045 0.0031 0.0026 0.0018 0.0016 0.0011 0.0012 0.0014 0.0017 0.0025 0.0020 0.0013 0.0014 0.0014 0.0014 0.0019 0.0021 0.0022 0.0033 0.0033 0.0029
0.9981 1.0000 0.9994 0.7615 0.1539 0.0821 0.0181 0.0104 0.0061 0.0033 0.0044 0.0030 0.0016 0.0017 0.0027 0.0012 0.0008 0.0008 0.0008 0.0016 0.0021 0.0086 0.0044 0.0067 0.0061 0.0058 0.0057 0.0109 0.0080 0.0110 0.0036 0.0027 0.0012 0.0010 0.0005 0.0005 0.0004 0.0005 0.0004 0.0005 0.0005 0.0008 0.0017 0.0022 0.0041 0.0155 0.0174 0.0783 0.0538 0.0329 0.0622 0.0288 0.0099 0.0072 0.0022 0.0025 0.0009 0.0009 0.0006 0.0004 0.0003 0.0003 0.0005 0.0009 0.0014 0.0020 0.0038 0.0076 0.0194 0.0330 0.0702 0.0718 0.1538 0.1816 0.0529 0.0762 0.0483 0.0323 0.0341 0.0188 0.0121 0.0096 0.0110 0.0128 0.0117 0.0102 0.0154 0.0100 0.0450 0.0257 0.0362 0.0218 0.0079 0.0050 0.0066 0.0071 0.0044 0.0047 0.0026 0.0025 0.0018 0.0016 0.0024 0.0022 0.0033 0.0029 0.0015 0.0019 0.0023 0.0019 0.0027 0.0032 0.0026 0.0050 0.0047 0.0026
0.7932 0.9994 1.0000 0.9992 0.7677 0.2226 0.0759 0.0269 0.0132 0.0068 0.0112 0.0099 0.0026 0.0027 0.0056 0.0016 0.0008 0.0009 0.0008 0.0018 0.0018 0.0038 0.0039 0.0036 0.0041 0.0029 0.0042 0.0075 0.0058 0.0103 0.0034 0.0036 0.0012 0.0009 0.0004 0.0005 0.0003 0.0003 0.0003 0.0004 0.0005 0.0010 0.0019 0.0039 0.0074 0.0535 0.0372 0.1583 0.0742 0.0448 0.0874 0.0407 0.0186 0.0067 0.0033 0.0019 0.0012 0.0006 0.0005 0.0003 0.0003 0.0003 0.0004 0.0009 0.0012 0.0016 0.0029 0.0041 0.0140 0.0139 0.0476 0.1216 0.2010 0.3418 0.1575 0.2049 0.1207 0.0571 0.0567 0.0249 0.0134 0.0117 0.0170 0.0212 0.0225 0.0268 0.0284 0.0230 0.0432 0.0400 0.0208 0.0169 0.0063 0.0033 0.0044 0.0041 0.0040 0.0025 0.0024 0.0016 0.0017 0.0013 0.0026 0.0022 0.0036 0.0030 0.0021 0.0016 0.0019 0.0014 0.0021 0.0022 0.0018 0.0026 0.0028 0.0018
0.1937 0.7615 0.9992 1.0000 0.9994 0.7733 0.1114 0.0679 0.0138 0.0047 0.0114 0.0046 0.0012 0.0018 0.0022 0.0006 0.0004 0.0004 0.0006 0.0011 0.0012 0.0021 0.0020 0.0019 0.0026 0.0021 0.0023 0.0049 0.0027 0.0036 0.0012 0.0011 0.0007 0.0006 0.0003 0.0003 0.0003 0.0001 0.0001 0.0003 0.0003 0.0005 0.0010 0.0018 0.0033 0.0305 0.0150 0.0709 0.0274 0.0241 0.0495 0.0138 0.0094 0.0044 0.0018 0.0012 0.0005 0.0004 0.0003 0.0002 0.0001 0.0002 0.0003 0.0004 0.0006 0.0010 0.0014 0.0027 0.0117 0.0152 0.0340 0.1011 0.2135 0.4452 0.1933 0.2882 0.1095 0.0532 0.0602 0.0150 0.0104 0.0070 0.0101 0.0162 0.0125 0.0172 0.0329 0.0182 0.0628 0.0267 0.0217 0.0197 0.0058 0.0028 0.0037 0.0025 0.0032 0.0016 0.0012 0.0009 0.0010 0.0009 0.0020 0.0017 0.0023 0.0022 0.0015 0.0012 0.0015 0.0013 0.0016 0.0022 0.0012 0.0015 0.0016 0.0012
0.0808 0.1539 0.7677 0.9994 1.0000 0.9992 0.6141 0.1199 0.0316 0.0082 0.0243 0.0084 0.0009 0.0015 0.0025 0.0004 0.0003 0.0003 0.0004 0.0012 0.0012 0.0026 0.0022 0.0018 0.0025 0.0021 0.0026 0.0076 0.0025 0.0045 0.0009 0.0009 0.0005 0.0004 0.0003 0.0003 0.0003 0.0001 0.0001 0.0002 0.0003 0.0004 0.0008 0.0027 0.0055 0.0652 0.0232 0.0767 0.0258 0.0218 0.0346 0.0105 0.0083 0.0025 0.0015 0.0009 0.0005 0.0003 0.0003 0.0001 0.0001 0.0001 0.0002 0.0003 0.0005 0.0007 0.0010 0.0022 0.0045 0.0106 0.0195 0.0419 0.1077 0.5021 0.3248 0.4873 0.2396 0.0791 0.0758 0.0117 0.0063 0.0056 0.0089 0.0255 0.0185 0.0295 0.0274 0.0167 0.0225 0.0210 0.0086 0.0074 0.0023 0.0014 0.0019 0.0016 0.0021 0.0011 0.0011 0.0007 0.0009 0.0007 0.0016 0.0014 0.0029 0.0019 0.0011 0.0011 0.0010 0.0010 0.0010 0.0011 0.0008 0.0010 0.0011 0.0011
0.0251 0.0821 0.2226 0.7733 0.9992 1.0000 0.9994 0.7618 0.1141 0.0372 0.0988 0.0614 0.0022 0.0048 0.0059 0.0010 0.0003 0.0005 0.0007 0.0034 0.0015 0.0074 0.0037 0.0040 0.0027 0.0020 0.0034 0.0217 0.0088 0.0251 0.0012 0.0025 0.0004 0.0010 0.0003 0.0004 0.0002 0.0001 0.0001 0.0003 0.0003 0.0007 0.0010 0.0096 0.0111 0.1406 0.0287 0.0850 0.0238 0.0241 0.0532 0.0175 0.0251 0.0036 0.0026 0.0011 0.0007 0.0004 0.0003 0.0001 0.0001 0.0001 0.0002 0.0003 0.0005 0.0007 0.0015 0.0042 0.0140 0.0309 0.0234 0.0724 0.0438 0.3033 0.4099 0.4437 0.4718 0.0829 0.0873 0.0106 0.0041 0.0044 0.0082 0.0511 0.0325 0.0782 0.0446 0.0330 0.0291 0.0366 0.0071 0.0064 0.0014 0.0009 0.0015 0.0012 0.0016 0.0008 0.0013 0.0005 0.0012 0.0009 0.0036 0.0023 0.0065 0.0035 0.0015 0.0009 0.0012 0.0009 0.0012 0.0011 0.0008 0.0010 0.0010 0.0008
0.0103 0.0181 0.0759 0.1114 0.6141 0.9994 1.0000 0.9993 0.6000 0.1299 0.8433 0.7993 0.0236 0.0447 0.2093 0.0137 0.0009 0.0014 0.0018 0.0181 0.0014 0.0071 0.0041 0.0019 0.0018 0.0011 0.0018 0.0090 0.0052 0.0484 0.0014 0.0055 0.0004 0.0014 0.0004 0.0005 0.0003 0.0002 0.0002 0.0004 0.0003 0.0012 0.0014 0.0340 0.0171 0.2052 0.0216 0.0482 0.0136 0.0169 0.0382 0.0147 0.0573 0.0041 0.0059 0.0011 0.0008 0.0004 0.0003 0.0001 0.0001 0.0001 0.0002 0.0003 0.0005 0.0006 0.0026 0.0030 0.0288 0.0130 0.0113 0.0731 0.0259 0.1712 0.4937 0.4337 0.7322 0.0934 0.0625 0.0080 0.0029 0.0032 0.0065 0.0785 0.0397 0.2292 0.0468 0.0938 0.0240 0.0263 0.0033 0.0024 0.0007 0.0004 0.0007 0.0009 0.0012 0.0008 0.0027 0.0007 0.0027 0.0012 0.0093 0.0055 0.0228 0.0077 0.0042 0.0012 0.0016 0.0005 0.0010 0.0007 0.0004 0.0007 0.0007 0.0007
0.0074 0.0104 0.0269 0.0679 0.1199 0.7618 0.9993 1.0000 0.9991 0.9894 0.9663 0.7461 0.0380 0.0364 0.0129 0.0030 0.0005 0.0011 0.0013 0.0080 0.0012 0.0028 0.0033 0.0012 0.0023 0.0008 0.0010 0.0027 0.0011 0.0094 0.0003 0.0018 0.0003 0.0018 0.0005 0.0010 0.0005 0.0004 0.0004 0.0004 0.0002 0.0009 0.0005 0.0038 0.0015 0.0184 0.0029 0.0108 0.0052 0.0083 0.0141 0.0028 0.0066 0.0008 0.0009 0.0003 0.0003 0.0002 0.0001 0.0000 0.0000 0.0001 0.0001 0.0001 0.0002 0.0003 0.0005 0.0004 0.0022 0.0010 0.0010 0.0034 0.0053 0.0386 0.0777 0.0928 0.2736 0.0224 0.0288 0.0040 0.0018 0.0016 0.0026 0.0158 0.0052 0.0209 0.0058 0.0077 0.0045 0.0040 0.0015 0.0010 0.0005 0.0003 0.0004 0.0004 0.0005 0.0003 0.0004 0.0002 0.0004 0.0005 0.0016 0.0036 0.0171 0.0048 0.0018 0.0007 0.0005 0.0003 0.0003 0.0003 0.0003 0.0004 0.0005 0.0007
0.0044 0.0061 0.0132 0.0138 0.0316 0.1141 0.6000 0.9991 1.0000 0.9998 0.9386 0.8908 0.6532 0.0290 0.0110 0.0056 0.0025 0.0095 0.0332 0.2066 0.0340 0.0513 0.0651 0.0067 0.0109 0.0018 0.0025 0.0146 0.0148 0.2121 0.0055 0.0498 0.0015 0.0108 0.0016 0.0016 0.0007 0.0007 0.0007 0.0016 0.0006 0.0049 0.0016 0.0369 0.0092 0.1322 0.0104 0.0280 0.0069 0.0146 0.0525 0.0167 0.0716 0.0039 0.0054 0.0006 0.0005 0.0003 0.0002 0.0000 0.0000 0.0000 0.0001 0.0002 0.0004 0.0004 0.0010 0.0006 0.0037 0.0012 0.0008 0.0053 0.0041 0.0317 0.1037 0.0921 0.1686 0.0144 0.0123 0.0023 0.0010 0.0011 0.0019 0.0070 0.0046 0.0378 0.0071 0.0245 0.0080 0.0078 0.0016 0.0010 0.0004 0.0003 0.0005 0.0008 0.0010 0.0007 0.0014 0.0004 0.0012 0.0005 0.0018 0.0021 0.0069 0.0018 0.0022 0.0006 0.0005 0.0003 0.0004 0.0004 0.0003 0.0004 0.0005 0.0006
0.0029 0.0033 0.0068 0.0047 0.0082 0.0372 0.1299 0.9894 0.9998 1.0000 0.9997 0.9627 0.8858 0.8169 0.0645 0.0073 0.0045 0.0182 0.0293 0.1789 0.0129 0.0198 0.0155 0.0013 0.0023 0.0008 0.0009 0.0040 0.0036 0.0508 0.0011 0.0225 0.0011 0.0223 0.0016 0.0019 0.0005 0.0009 0.0007 0.0022 0.0004 0.0037 0.0005 0.0179 0.0033 0.0432 0.0032 0.0060 0.0029 0.0066 0.0252 0.0036 0.0241 0.0008 0.0020 0.0003 0.0005 0.0002 0.0002 0.0000 0.0000 0.0000 0.0000 0.0003 0.0003 0.0003 0.0005 0.0003 0.0009 0.0003 0.0003 0.0016 0.0014 0.0087 0.0302 0.0219 0.0740 0.0071 0.0071 0.0021 0.0010 0.0011 0.0021 0.0074 0.0022 0.0164 0.0026 0.0125 0.0037 0.0047 0.0011 0.0007 0.0003 0.0001 0.0004 0.0005 0.0005 0.0004 0.0007 0.0003 0.0009 0.0004 0.0022 0.0022 0.0066 0.0013 0.0011 0.0004 0.0004 0.0002 0.0003 0.0003 0.0002 0.0004 0.0004 0.0005
0.0032 0.0044 0.0112 0.0114 0.0243 0.0988 0.8433 0.9663 0.9386 0.9997 1.0000 0.9994 0.9728 0.9620 0.8340 0.0378 0.0053 0.0055 0.0039 0.0175 0.0007 0.0007 0.0012 0.0003 0.0003 0.0001 0.0002 0.0003 0.0003 0.0035 0.0002 0.0036 0.0001 0.0011 0.0002 0.0003 0.0002 0.0002 0.0002 0.0004 0.0001 0.0010 0.0001 0.0057 0.0009 0.0080 0.0009 0.0016 0.0012 0.0027 0.0071 0.0018 0.0075 0.0005 0.0015 0.0003 0.0004 0.0001 0.0001 0.0000 0.0000 0.0000 0.0000 0.0001 0.0003 0.0002 0.0006 0.0002 0.0022 0.0004 0.0004 0.0029 0.0012 0.0116 0.0614 0.0198 0.3469 0.0137 0.0485 0.0047 0.0014 0.0016 0.0063 0.0661 0.0111 0.0633 0.0034 0.0074 0.0014 0.0015 0.0004 0.0002 0.0001 0.0001 0.0001 0.0001 0.0002 0.0002 0.0004 0.0001 0.0009 0.0006 0.0074 0.0195 0.0546 0.0101 0.0055 0.0007 0.0006 0.0002 0.0003 0.0002 0.0002 0.0003 0.0003 0.0004
0.0023 0.0030 0.0099 0.0046 0.0084 0.0614 0.7993 0.7461 0.8908 0.9627 0.9994 1.0000 0.9997 0.9756 0.9760 0.9227 0.0517 0.1009 0.0422 0.2219 0.0112 0.0041 0.0069 0.0008 0.0002 0.0001 0.0002 0.0006 0.0014 0.1144 0.0054 0.3133 0.0027 0.0184 0.0005 0.0003 0.0001 0.0002 0.0002 0.0008 0.0003 0.0323 0.0026 0.2871 0.0105 0.1110 0.0026 0.0022 0.0008 0.0027 0.0105 0.0064 0.1505 0.0036 0.0430 0.0009 0.0017 0.0001 0.0001 0.0000 0.0000 0.0000 0.0000 0.0003 0.0005 0.0003 0.0060 0.0007 0.0137 0.0005 0.0009 0.0217 0.0018 0.0115 0.3791 0.0428 0.6427 0.0082 0.0161 0.0030 0.0007 0.0008 0.0039 0.0345 0.0254 0.4241 0.0193 0.0928 0.0034 0.0054 0.0002 0.0002 0.0000 0.0000 0.0000 0.0001 0.0003 0.0003 0.0038 0.0004 0.0173 0.0022 0.0684 0.0493 0.0930 0.0113 0.0323 0.0009 0.0043 0.0003 0.0003 0.0002 0.0001 0.0003 0.0003 0.0003
0.0014 0.0016 0.0026 0.0012 0.0009 0.0022 0.0236 0.0380 0.6532 0.8858 0.9728 0.9997 1.0000 0.9997 0.9570 0.9489 0.5781 0.5590 0.4904 0.7563 0.0816 0.0333 0.0094 0.0005 0.0003 0.0001 0.0003 0.0011 0.0026 0.2406 0.0199 0.6335 0.0230 0.1232 0.0035 0.0012 0.0005 0.0008 0.0009 0.0028 0.0010 0.0637 0.0027 0.1418 0.0038 0.0246 0.0005 0.0006 0.0002 0.0008 0.0026 0.0014 0.0439 0.0007 0.0127 0.0003 0.0004 0.0001 0.0001 0.0000 0.0000 0.0000 0.0001 0.0003 0.0003 0.0001 0.0005 0.0001 0.0006 0.0001 0.0001 0.0019 0.0003 0.0008 0.0105 0.0012 0.0520 0.0018 0.0021 0.0008 0.0004 0.0005 0.0012 0.0071 0.0026 0.0701 0.0012 0.0124 0.0004 0.0006 0.0001 0.0000 0.0000 0.0000 0.0000 0.0001 0.0001 0.0001 0.0016 0.0004 0.0179 0.0010 0.0281 0.0114 0.0194 0.0015 0.0047 0.0003 0.0009 0.0001 0.0002 0.0001 0.0001 0.0003 0.0003 0.0003
0.0016 0.0017 0.0027 0.0018 0.0015 0.0048 0.0447 0.0364 0.0290 0.8169 0.9620 0.9756 0.9997 1.0000 0.9997 0.8872 0.7415 0.2137 0.0405 0.0878 0.0022 0.0008 0.0003 0.0001 0.0001 0.0000 0.0001 0.0001 0.0001 0.0027 0.0004 0.0279 0.0010 0.0231 0.0032 0.0012 0.0019 0.0011 0.0005 0.0004 0.0002 0.0030 0.0001 0.0027 0.0001 0.0008 0.0002 0.0002 0.0001 0.0005 0.0011 0.0005 0.0027 0.0001 0.0005 0.0001 0.0001 0.0001 0.0001 0.0000 0.0000 0.0000 0.0001 0.0001 0.0003 0.0001 0.0003 0.0000 0.0003 0.0001 0.0003 0.0007 0.0004 0.0007 0.0028 0.0005 0.0400 0.0019 0.0160 0.0040 0.0014 0.0027 0.0063 0.1031 0.0051 0.0235 0.0004 0.0008 0.0002 0.0002 0.0000 0.0000 0.0000 0.0000 0.0000 0.0001 0.0001 0.0001 0.0001 0.0001 0.0014 0.0008 0.0181 0.0261 0.0417 0.0036 0.0044 0.0003 0.0003 0.0001 0.0001 0.0001 0.0001 0.0002 0.0003 0.0004
0.0020 0.0027 0.0056 0.0022 0.0025 0.0059 0.2093 0.0129 0.0110 0.0645 0.8340 0.9760 0.9570 0.9997 1.0000 0.9995 0.7722 0.1025 0.0132 0.0215 0.0005 0.0001 0.0001 0.0000 0.0000 0.0000 0.0000 0.0000 0.0000 0.0012 0.0003 0.0499 0.0011 0.0291 0.0029 0.0050 0.0047 0.0007 0.0004 0.0009 0.0005 0.0296 0.0017 0.0615 0.0011 0.0052 0.0004 0.0005 0.0003 0.0009 0.0036 0.0027 0.0357 0.0010 0.0137 0.0005 0.0017 0.0003 0.0003 0.0001 0.0001 0.0001 0.0002 0.0005 0.0012 0.0004 0.0028 0.0005 0.0075 0.0005 0.0017 0.0154 0.0016 0.0030 0.1075 0.0093 0.4190 0.0228 0.1046 0.0195 0.0037 0.0054 0.0254 0.2484 0.0586 0.3419 0.0069 0.0151 0.0005 0.0007 0.0001 0.0002 0.0000 0.0000 0.0000 0.0001 0.0001 0.0001 0.0009 0.0005 0.0330 0.0156 0.3058 0.3169 0.3040 0.0661 0.1414 0.0036 0.0070 0.0004 0.0004 0.0002 0.0002 0.0003 0.0003 0.0004
0.0012 0.0012 0.0016 0.0006 0.0004 0.0010 0.0137 0.0030 0.0056 0.0073 0.0378 0.9227 0.9489 0.8872 0.9995 1.0000 0.9993 0.9597 0.3076 0.3174 0.0183 0.0018 0.0007 0.0001 0.0000 0.0000 0.0001 0.0001 0.0003 0.0541 0.0136 0.8513 0.0991 0.5652 0.0555 0.0120 0.0049 0.0020 0.0016 0.0065 0.0060 0.2945 0.0186 0.4327 0.0052 0.0122 0.0005 0.0005 0.0004 0.0008 0.0022 0.0022 0.0304 0.0014 0.0327 0.0011 0.0056 0.0004 0.0005 0.0001 0.0001 0.0001 0.0003 0.0007 0.0014 0.0006 0.0079 0.0007 0.0052 0.0003 0.0007 0.0076 0.0004 0.0007 0.0246 0.0018 0.1434 0.0036 0.0111 0.0044 0.0010 0.0015 0.0049 0.0416 0.0119 0.1749 0.0022 0.0081 0.0004 0.0005 0.0001 0.0001 0.0001 0.0001 0.0001 0.0001 0.0001 0.0001 0.0010 0.0007 0.0744 0.0303 0.4787 0.4150 0.3525 0.0548 0.2134 0.0037 0.0130 0.0004 0.0004 0.0002 0.0002 0.0003 0.0003 0.0003
0.0010 0.0008 0.0008 0.0004 0.0003 0.0003 0.0009 0.0005 0.0025 0.0045 0.0053 0.0517 0.5781 0.7415 0.7722 0.9993 1.0000 0.9996 0.5288 0.0714 0.0069 0.0006 0.0003 0.0001 0.0001 0.0001 0.0001 0.0000 0.0000 0.0032 0.0027 0.3298 0.1529 0.5310 0.2262 0.0450 0.0239 0.0057 0.0033 0.0038 0.0146 0.0194 0.0027 0.0081 0.0004 0.0004 0.0001 0.0002 0.0003 0.0004 0.0008 0.0005 0.0011 0.0001 0.0007 0.0002 0.0004 0.0002 0.0003 0.0001 0.0001 0.0001 0.0002 0.0004 0.0007 0.0003 0.0012 0.0002 0.0004 0.0002 0.0002 0.0004 0.0002 0.0001 0.0005 0.0001 0.0096 0.0012 0.0149 0.0055 0.0022 0.0025 0.0044 0.0199 0.0017 0.0047 0.0001 0.0003 0.0001 0.0001 0.0001 0.0001 0.0000 0.0001 0.0000 0.0000 0.0001 0.0001 0.0001 0.0001 0.0019 0.0073 0.1299 0.3162 0.1772 0.0212 0.0373 0.0025 0.0015 0.0004 0.0003 0.0001 0.0001 0.0002 0.0003 0.0003
0.0010 0.0008 0.0009 0.0004 0.0003 0.0005 0.0014 0.0011 0.0095 0.0182 0.0055 0.1009 0.5590 0.2137 0.1025 0.9597 0.9996 1.0000 0.9994 0.6439 0.0808 0.0037 0.0012 0.0002 0.0003 0.0001 0.0002 0.0002 0.0009 0.0488 0.0690 0.8271 0.7407 0.7086 0.2909 0.0239 0.0077 0.0025 0.0041 0.0089 0.0366 0.1047 0.0186 0.0746 0.0014 0.0021 0.0002 0.0002 0.0003 0.0005 0.0008 0.0005 0.0013 0.0002 0.0010 0.0003 0.0009 0.0004 0.0005 0.0002 0.0001 0.0001 0.0003 0.0007 0.0011 0.0003 0.0012 0.0001 0.0003 0.0001 0.0001 0.0003 0.0001 0.0002 0.0005 0.0003 0.0036 0.0005 0.0029 0.0029 0.0014 0.0015 0.0033 0.0147 0.0022 0.0041 0.0003 0.0003 0.0001 0.0002 0.0001 0.0001 0.0001 0.0001 0.0001 0.0001 0.0001 0.0001 0.0001 0.0001 0.0017 0.0033 0.0464 0.0613 0.0367 0.0044 0.0068 0.0008 0.0007 0.0003 0.0003 0.0002 0.0001 0.0003 0.0003 0.0003
0.0010 0.0008 0.0008 0.0006 0.0004 0.0007 0.0018 0.0013 0.0332 0.0293 0.0039 0.0422 0.4904 0.0405 0.0132 0.3076 0.5288 0.9994 1.0000 0.9994 0.8941 0.0275 0.0060 0.0005 0.0003 0.0001 0.0005 0.0003 0.0022 0.0714 0.1208 0.8783 0.7481 0.2438 0.0655 0.0022 0.0008 0.0004 0.0010 0.0009 0.0159 0.0059 0.0120 0.0091 0.0014 0.0010 0.0001 0.0002 0.0002 0.0003 0.0003 0.0002 0.0004 0.0001 0.0003 0.0001 0.0004 0.0003 0.0003 0.0001 0.0001 0.0001 0.0002 0.0004 0.0004 0.0003 0.0003 0.0001 0.0003 0.0001 0.0001 0.0001 0.0000 0.0001 0.0001 0.0001 0.0012 0.0002 0.0010 0.0015 0.0009 0.0008 0.0008 0.0012 0.0003 0.0011 0.0001 0.0002 0.0001 0.0001 0.0001 0.0001 0.0000 0.0000 0.0001 0.0001 0.0001 0.0001 0.0001 0.0001 0.0004 0.0005 0.0051 0.0078 0.0081 0.0010 0.0011 0.0003 0.0003 0.0001 0.0002 0.0002 0.0002 0.0003 0.0003 0.0003
0.0015 0.0016 0.0018 0.0011 0.0012 0.0034 0.0181 0.0080 0.2066 0.1789 0.0175 0.2219 0.7563 0.0878 0.0215 0.3174 0.0714 0.6439 0.9994 1.0000 0.9993 0.8132 0.2261 0.0098 0.0022 0.0008 0.0144 0.0121 0.0575 0.8822 0.8897 0.8906 0.4302 0.0103 0.0010 0.0001 0.0000 0.0000 0.0000 0.0001 0.0014 0.0029 0.0120 0.0658 0.0206 0.0359 0.0017 0.0022 0.0007 0.0008 0.0008 0.0010 0.0056 0.0005 0.0025 0.0005 0.0010 0.0003 0.0003 0.0001 0.0001 0.0002 0.0002 0.0005 0.0007 0.0003 0.0005 0.0002 0.0003 0.0001 0.0001 0.0002 0.0001 0.0001 0.0004 0.0002 0.0030 0.0004 0.0009 0.0007 0.0005 0.0005 0.0007 0.0010 0.0005 0.0030 0.0002 0.0004 0.0001 0.0003 0.0001 0.0001 0.0000 0.0000 0.0001 0.0001 0.0001 0.0001 0.0003 0.0001 0.0011 0.0005 0.0055 0.0052 0.0120 0.0016 0.0019 0.0003 0.0004 0.0002 0.0003 0.0003 0.0003 0.0004 0.0005 0.0005
0.0018 0.0021 0.0018 0.0012 0.0012 0.0015 0.0014 0.0012 0.0340 0.0129 0.0007 0.0112 0.0816 0.0022 0.0005 0.0183 0.0069 0.0808 0.8941 0.9993 1.0000 0.9994 0.7011 0.0260 0.0060 0.0010 0.0286 0.0126 0.0848 0.7072 0.9879 0.8184 0.7876 0.0172 0.0047 0.0003 0.0001 0.0001 0.0001 0.0003 0.0311 0.0036 0.1635 0.0255 0.0320 0.0111 0.0013 0.0016 0.0007 0.0007 0.0005 0.0005 0.0012 0.0009 0.0007 0.0009 0.0006 0.0005 0.0005 0.0002 0.0001 0.0002 0.0003 0.0008 0.0007 0.0003 0.0003 0.0003 0.0003 0.0002 0.0001 0.0002 0.0001 0.0002 0.0003 0.0003 0.0007 0.0007 0.0005 0.0006 0.0005 0.0005 0.0005 0.0005 0.0003 0.0005 0.0002 0.0003 0.0002 0.0002 0.0002 0.0002 0.0001 0.0001 0.0001 0.0001 0.0001 0.0001 0.0002 0.0001 0.0002 0.0002 0.0006 0.0008 0.0022 0.0005 0.0005 0.0001 0.0001 0.0001 0.0002 0.0002 0.0004 0.0005 0.0007 0.0006
0.0046 0.0086 0.0038 0.0021 0.0026 0.0074 0.0071 0.0028 0.0513 0.0198 0.0007 0.0041 0.0333 0.0008 0.0001 0.0018 0.0006 0.0037 0.0275 0.8132 0.9994 1.0000 0.9993 0.8730 0.1450 0.0432 0.2807 0.1504 0.5992 0.8825 0.8348 0.1479 0.0295 0.0003 0.0001 0.0000 0.0000 0.0000 0.0000 0.0000 0.0005 0.0002 0.0209 0.0043 0.0267 0.0167 0.0066 0.0089 0.0019 0.0011 0.0009 0.0010 0.0009 0.0005 0.0003 0.0005 0.0001 0.0003 0.0002 0.0001 0.0001 0.0002 0.0002 0.0003 0.0003 0.0003 0.0003 0.0003 0.0003 0.0002 0.0002 0.0002 0.0002 0.0001 0.0001 0.0001 0.0003 0.0003 0.0003 0.0003 0.0003 0.0003 0.0003 0.0003 0.0003 0.0001 0.0002 0.0002 0.0002 0.0002 0.0002 0.0002 0.0001 0.0001 0.0001 0.0001 0.0002 0.0001 0.0001 0.0001 0.0002 0.0001 0.0003 0.0004 0.0012 0.0004 0.0002 0.0001 0.0001 0.0001 0.0002 0.0002 0.0003 0.0005 0.0007 0.0006
0.0036 0.0044 0.0039 0.0020 0.0022 0.0037 0.0041 0.0033 0.0651 0.0155 0.0012 0.0069 0.0094 0.0003 0.0001 0.0007 0.0003 0.0012 0.0060 0.2261 0.7011 0.9993 1.0000 0.9992 0.5036 0.0518 0.4658 0.3697 0.8000 0.8360 0.5979 0.0221 0.0013 0.0000 0.0000 0.0000 0.0000 0.0000 0.0000 0.0000 0.0006 0.0002 0.0145 0.0030 0.0508 0.0271 0.0193 0.0577 0.0099 0.0026 0.0023 0.0023 0.0023 0.0014 0.0005 0.0008 0.0003 0.0003 0.0003 0.0001 0.0001 0.0002 0.0002 0.0004 0.0004 0.0004 0.0004 0.0003 0.0004 0.0004 0.0003 0.0003 0.0002 0.0003 0.0002 0.0003 0.0003 0.0004 0.0003 0.0004 0.0003 0.0003 0.0003 0.0003 0.0003 0.0003 0.0002 0.0002 0.0002 0.0003 0.0002 0.0003 0.0001 0.0001 0.0001 0.0003 0.0002 0.0001 0.0001 0.0002 0.0002 0.0001 0.0003 0.0004 0.0014 0.0005 0.0002 0.0001 0.0001 0.0001 0.0002 0.0002 0.0004 0.0005 0.0007 0.0007
0.0040 0.0067 0.0036 0.0019 0.0018 0.0040 0.0019 0.0012 0.0067 0.0013 0.0003 0.0008 0.0005 0.0001 0.0000 0.0001 0.0001 0.0002 0.0005 0.0098 0.0260 0.8730 0.9992 1.0000 0.9987 0.9614 0.9662 0.7730 0.7342 0.4592 0.1705 0.0012 0.0003 0.0000 0.0000 0.0000 0.0000 0.0000 0.0000 0.0000 0.0001 0.0000 0.0021 0.0005 0.0402 0.0180 0.0340 0.0560 0.0150 0.0024 0.0020 0.0015 0.0007 0.0015 0.0001 0.0007 0.0001 0.0003 0.0001 0.0000 0.0000 0.0001 0.0001 0.0002 0.0002 0.0003 0.0001 0.0002 0.0002 0.0002 0.0002 0.0001 0.0001 0.0002 0.0001 0.0001 0.0002 0.0001 0.0003 0.0003 0.0004 0.0003 0.0002 0.0001 0.0001 0.0001 0.0001 0.0000 0.0001 0.0001 0.0001 0.0002 0.0002 0.0001 0.0001 0.0001 0.0001 0.0001 0.0001 0.0001 0.0001 0.0000 0.0001 0.0002 0.0004 0.0002 0.0001 0.0001 0.0000 0.0000 0.0001 0.0002 0.0002 0.0004 0.0004 0.0007
0.0037 0.0061 0.0041 0.0026 0.0025 0.0027 0.0018 0.0023 0.0109 0.0023 0.0003 0.0002 0.0003 0.0001 0.0000 0.0000 0.0001 0.0003 0.0003 0.0022 0.0060 0.1450 0.5036 0.9987 1.0000 0.9997 0.8022 0.5960 0.1914 0.0377 0.0119 0.0003 0.0003 0.0000 0.0000 0.0000 0.0000 0.0000 0.0000 0.0000 0.0001 0.0000 0.0005 0.0001 0.0033 0.0012 0.0095 0.0265 0.0170 0.0028 0.0018 0.0012 0.0002 0.0007 0.0001 0.0005 0.0001 0.0002 0.0001 0.0001 0.0001 0.0001 0.0001 0.0002 0.0003 0.0003 0.0003 0.0003 0.0003 0.0004 0.0003 0.0002 0.0003 0.0003 0.0002 0.0002 0.0002 0.0003 0.0003 0.0005 0.0005 0.0005 0.0003 0.0003 0.0002 0.0001 0.0001 0.0001 0.0002 0.0002 0.0003 0.0003 0.0003 0.0003 0.0003 0.0003 0.0003 0.0001 0.0001 0.0001 0.0001 0.0001 0.0001 0.0004 0.0007 0.0004 0.0001 0.0001 0.0001 0.0001 0.0002 0.0002 0.0003 0.0005 0.0007 0.0009
0.0044 0.0058 0.0029 0.0021 0.0021 0.0020 0.0011 0.0008 0.0018 0.0008 0.0001 0.0001 0.0001 0.0000 0.0000 0.0000 0.0001 0.0001 0.0001 0.0008 0.0010 0.0432 0.0518 0.9614 0.9997 1.0000 0.9995 0.8023 0.1321 0.0069 0.0044 0.0001 0.0001 0.0000 0.0000 0.0000 0.0000 0.0000 0.0000 0.0000 0.0001 0.0000 0.0003 0.0001 0.0030 0.0014 0.0189 0.0831 0.0610 0.0058 0.0026 0.0014 0.0001 0.0007 0.0001 0.0005 0.0001 0.0001 0.0001 0.0001 0.0001 0.0001 0.0001 0.0002 0.0002 0.0003 0.0002 0.0003 0.0003 0.0003 0.0003 0.0003 0.0003 0.0003 0.0001 0.0002 0.0003 0.0002 0.0003 0.0003 0.0005 0.0003 0.0003 0.0002 0.0001 0.0001 0.0001 0.0001 0.0001 0.0001 0.0002 0.0003 0.0003 0.0003 0.0003 0.0002 0.0001 0.0001 0.0001 0.0001 0.0001 0.0001 0.0001 0.0004 0.0004 0.0002 0.0001 0.0001 0.0001 0.0001 0.0001 0.0002 0.0003 0.0004 0.0006 0.0008
0.0061 0.0057 0.0042 0.0023 0.0026 0.0034 0.0018 0.0010 0.0025 0.0009 0.0002 0.0002 0.0003 0.0001 0.0000 0.0001 0.0001 0.0002 0.0005 0.0144 0.0286 0.2807 0.4658 0.9662 0.8022 0.9995 1.0000 0.9995 0.9446 0.1422 0.0582 0.0008 0.0004 0.0000 0.0000 0.0000 0.0000 0.0000 0.0000 0.0000 0.0001 0.0000 0.0009 0.0004 0.0452 0.0349 0.3262 0.4865 0.2695 0.0301 0.0119 0.0066 0.0009 0.0041 0.0001 0.0014 0.0001 0.0003 0.0001 0.0001 0.0001 0.0001 0.0001 0.0003 0.0003 0.0004 0.0003 0.0003 0.0004 0.0005 0.0004 0.0004 0.0003 0.0004 0.0004 0.0003 0.0004 0.0003 0.0003 0.0003 0.0003 0.0003 0.0003 0.0003 0.0001 0.0001 0.0001 0.0001 0.0001 0.0003 0.0003 0.0003 0.0003 0.0003 0.0003 0.0003 0.0003 0.0001 0.0002 0.0001 0.0001 0.0001 0.0002 0.0005 0.0008 0.0006 0.0002 0.0002 0.0001 0.0002 0.0003 0.0003 0.0004 0.0005 0.0008 0.0009
0.0083 0.0109 0.0075 0.0049 0.0076 0.0217 0.0090 0.0027 0.0146 0.0040 0.0003 0.0006 0.0011 0.0001 0.0000 0.0001 0.0000 0.0002 0.0003 0.0121 0.0126 0.1504 0.3697 0.7730 0.5960 0.8023 0.9995 1.0000 0.9994 0.5529 0.0189 0.0005 0.0000 0.0000 0.0000 0.0000 0.0000 0.0000 0.0000 0.0000 0.0000 0.0000 0.0005 0.0005 0.0772 0.2422 0.7880 0.8795 0.5487 0.1214 0.0370 0.0121 0.0043 0.0146 0.0004 0.0030 0.0000 0.0001 0.0001 0.0001 0.0000 0.0000 0.0002 0.0003 0.0003 0.0005 0.0004 0.0006 0.0010 0.0005 0.0004 0.0012 0.0004 0.0008 0.0019 0.0005 0.0026 0.0003 0.0003 0.0004 0.0003 0.0003 0.0003 0.0003 0.0002 0.0002 0.0003 0.0003 0.0003 0.0004 0.0003 0.0004 0.0003 0.0003 0.0003 0.0003 0.0003 0.0002 0.0004 0.0001 0.0002 0.0002 0.0004 0.0007 0.0019 0.0008 0.0005 0.0002 0.0002 0.0001 0.0003 0.0003 0.0004 0.0007 0.0011 0.0010
0.0064 0.0080 0.0058 0.0027 0.0025 0.0088 0.0052 0.0011 0.0148 0.0036 0.0003 0.0014 0.0026 0.0001 0.0000 0.0003 0.0000 0.0009 0.0022 0.0575 0.0848 0.5992 0.8000 0.7342 0.1914 0.1321 0.9446 0.9994 1.0000 0.9994 0.8898 0.0056 0.0003 0.0000 0.0000 0.0000 0.0000 0.0000 0.0000 0.0000 0.0000 0.0000 0.0089 0.0166 0.9119 0.9385 0.9453 0.6872 0.1125 0.0788 0.0294 0.0446 0.0197 0.1223 0.0008 0.0086 0.0000 0.0001 0.0000 0.0000 0.0001 0.0001 0.0002 0.0003 0.0004 0.0006 0.0007 0.0010 0.0025 0.0007 0.0005 0.0016 0.0003 0.0004 0.0010 0.0003 0.0015 0.0003 0.0002 0.0004 0.0003 0.0003 0.0004 0.0003 0.0003 0.0003 0.0003 0.0004 0.0002 0.0004 0.0003 0.0004 0.0003 0.0002 0.0004 0.0003 0.0004 0.0003 0.0005 0.0002 0.0005 0.0002 0.0012 0.0007 0.0030 0.0005 0.0005 0.0001 0.0003 0.0003 0.0005 0.0004 0.0006 0.0008 0.0012 0.0010
0.0063 0.0110 0.0103 0.0036 0.0045 0.0251 0.0484 0.0094 0.2121 0.0508 0.0035 0.1144 0.2406 0.0027 0.0012 0.0541 0.0032 0.0488 0.0714 0.8822 0.7072 0.8825 0.8360 0.4592 0.0377 0.0069 0.1422 0.5529 0.9994 1.0000 0.9995 0.9052 0.0025 0.0003 0.0000 0.0000 0.0000 0.0000 0.0000 0.0000 0.0000 0.0001 0.0067 0.2046 0.9524 0.9801 0.5312 0.2526 0.0077 0.0196 0.0092 0.0033 0.0285 0.0025 0.0007 0.0003 0.0000 0.0000 0.0000 0.0000 0.0000 0.0000 0.0000 0.0001 0.0003 0.0002 0.0004 0.0002 0.0012 0.0002 0.0002 0.0011 0.0002 0.0003 0.0013 0.0002 0.0022 0.0003 0.0002 0.0003 0.0003 0.0003 0.0003 0.0004 0.0004 0.0008 0.0002 0.0008 0.0002 0.0005 0.0002 0.0004 0.0002 0.0002 0.0002 0.0003 0.0004 0.0002 0.0008 0.0001 0.0010 0.0002 0.0054 0.0014 0.0110 0.0011 0.0045 0.0001 0.0006 0.0001 0.0007 0.0004 0.0004 0.0007 0.0008 0.0006
0.0025 0.0036 0.0034 0.0012 0.0009 0.0012 0.0014 0.0003 0.0055 0.0011 0.0002 0.0054 0.0199 0.0004 0.0003 0.0136 0.0027 0.0690 0.1208 0.8897 0.9879 0.8348 0.5979 0.1705 0.0119 0.0044 0.0582 0.0189 0.8898 0.9995 1.0000 0.9997 0.9395 0.0040 0.0003 0.0000 0.0000 0.0000 0.0000 0.0000 0.0064 0.0079 0.9477 0.9669 0.9936 0.6062 0.0265 0.0016 0.0002 0.0004 0.0002 0.0004 0.0060 0.0238 0.0034 0.0579 0.0001 0.0009 0.0000 0.0000 0.0001 0.0001 0.0003 0.0005 0.0005 0.0004 0.0005 0.0001 0.0004 0.0000 0.0000 0.0002 0.0000 0.0001 0.0004 0.0002 0.0005 0.0002 0.0002 0.0003 0.0003 0.0003 0.0004 0.0003 0.0003 0.0005 0.0000 0.0004 0.0001 0.0004 0.0002 0.0004 0.0002 0.0001 0.0002 0.0002 0.0002 0.0002 0.0004 0.0001 0.0008 0.0001 0.0016 0.0004 0.0016 0.0003 0.0007 0.0000 0.0004 0.0002 0.0005 0.0005 0.0004 0.0005 0.0007 0.0005
0.0018 0.0027 0.0036 0.0011 0.0009 0.0025 0.0055 0.0018 0.0498 0.0225 0.0036 0.3133 0.6335 0.0279 0.0499 0.8513 0.3298 0.8271 0.8783 0.8906 0.8184 0.1479 0.0221 0.0012 0.0003 0.0001 0.0008 0.0005 0.0056 0.9052 0.9997 1.0000 0.9996 0.9214 0.0033 0.0005 0.0000 0.0000 0.0000 0.0001 0.0040 0.2539 0.9655 0.9948 0.6288 0.2603 0.0003 0.0003 0.0000 0.0001 0.0001 0.0003 0.0238 0.0012 0.0147 0.0012 0.0001 0.0001 0.0000 0.0000 0.0000 0.0000 0.0001 0.0004 0.0005 0.0001 0.0011 0.0001 0.0010 0.0001 0.0000 0.0004 0.0000 0.0001 0.0009 0.0001 0.0011 0.0003 0.0002 0.0003 0.0002 0.0003 0.0004 0.0010 0.0007 0.0147 0.0002 0.0018 0.0001 0.0007 0.0001 0.0002 0.0001 0.0000 0.0001 0.0002 0.0003 0.0002 0.0022 0.0004 0.0206 0.0007 0.0356 0.0046 0.0198 0.0028 0.0188 0.0003 0.0035 0.0004 0.0006 0.0003 0.0003 0.0004 0.0005 0.0004
0.0012 0.0012 0.0012 0.0007 0.0005 0.0004 0.0004 0.0003 0.0015 0.0011 0.0001 0.0027 0.0230 0.0010 0.0011 0.0991 0.1529 0.7407 0.7481 0.4302 0.7876 0.0295 0.0013 0.0003 0.0003 0.0001 0.0004 0.0000 0.0003 0.0025 0.9395 0.9996 1.0000 0.9995 0.9133 0.0090 0.0011 0.0009 0.0014 0.0041 0.9033 0.9618 0.9944 0.6262 0.0316 0.0002 0.0000 0.0000 0.0000 0.0000 0.0000 0.0000 0.0000 0.0001 0.0015 0.0146 0.0015 0.0649 0.0010 0.0005 0.0004 0.0003 0.0003 0.0011 0.0005 0.0001 0.0002 0.0000 0.0000 0.0000 0.0000 0.0000 0.0000 0.0000 0.0001 0.0001 0.0002 0.0003 0.0002 0.0004 0.0003 0.0004 0.0005 0.0008 0.0003 0.0004 0.0000 0.0001 0.0000 0.0001 0.0001 0.0002 0.0001 0.0001 0.0001 0.0001 0.0001 0.0001 0.0002 0.0000 0.0021 0.0004 0.0063 0.0037 0.0066 0.0030 0.0068 0.0001 0.0004 0.0002 0.0002 0.0002 0.0002 0.0003 0.0003 0.0003
0.0010 0.0010 0.0009 0.0006 0.0004 0.0010 0.0014 0.0018 0.0108 0.0223 0.0011 0.0184 0.1232 0.0231 0.0291 0.5652 0.5310 0.7086 0.2438 0.0103 0.0172 0.0003 0.0000 0.0000 0.0000 0.0000 0.0000 0.0000 0.0000 0.0003 0.0040 0.9214 0.9995 1.0000 0.9993 0.8002 0.0235 0.0107 0.0162 0.1208 0.9488 0.9911 0.6757 0.3748 0.0005 0.0001 0.0000 0.0000 0.0000 0.0000 0.0000 0.0000 0.0003 0.0001 0.0218 0.0027 0.0121 0.0042 0.0014 0.0004 0.0002 0.0003 0.0005 0.0059 0.0082 0.0004 0.0017 0.0001 0.0003 0.0000 0.0000 0.0001 0.0000 0.0001 0.0004 0.0002 0.0014 0.0004 0.0005 0.0007 0.0004 0.0008 0.0016 0.0052 0.0021 0.0132 0.0004 0.0010 0.0001 0.0004 0.0001 0.0002 0.0001 0.0001 0.0001 0.0001 0.0002 0.0003 0.0033 0.0033 0.0628 0.0278 0.4134 0.1490 0.1909 0.2102 0.5402 0.0118 0.0155 0.0007 0.0004 0.0003 0.0003 0.0003 0.0003 0.0003
0.0007 0.0005 0.0004 0.0003 0.0003 0.0003 0.0004 0.0005 0.0016 0.0016 0.0002 0.0005 0.0035 0.0032 0.0029 0.0555 0.2262 0.2909 0.0655 0.0010 0.0047 0.0001 0.0000 0.0000 0.0000 0.0000 0.0000 0.0000 0.0000 0.0000 0.0003 0.0033 0.9133 0.9993 1.0000 0.9992 0.6257 0.2161 0.6828 0.8597 0.9863 0.6545 0.0494 0.0005 0.0000 0.0000 0.0000 0.0000 0.0000 0.0000 0.0000 0.0000 0.0000 0.0000 0.0001 0.0004 0.0027 0.0248 0.0170 0.0199 0.0022 0.0008 0.0004 0.0022 0.0009 0.0001 0.0001 0.0000 0.0000 0.0000 0.0000 0.0000 0.0000 0.0000 0.0001 0.0001 0.0003 0.0003 0.0003 0.0007 0.0005 0.0010 0.0011 0.0015 0.0004 0.0007 0.0001 0.0001 0.0001 0.0001 0.0001 0.0002 0.0001 0.0001 0.0001 0.0001 0.0001 0.0001 0.0001 0.0002 0.0023 0.0043 0.0195 0.0215 0.0808 0.0761 0.0730 0.0015 0.0005 0.0002 0.0001 0.0002 0.0001 0.0002 0.0003 0.0003
0.0007 0.0005 0.0005 0.0003 0.0003 0.0004 0.0005 0.0010 0.0016 0.0019 0.0003 0.0003 0.0012 0.0012 0.0050 0.0120 0.0450 0.0239 0.0022 0.0001 0.0003 0.0000 0.0000 0.0000 0.0000 0.0000 0.0000 0.0000 0.0000 0.0000 0.0000 0.0005 0.0090 0.8002 0.9992 1.0000 0.9995 0.9333 0.8733 0.9349 0.7387 0.6461 0.0052 0.0005 0.0000 0.0000 0.0000 0.0000 0.0000 0.0000 0.0000 0.0000 0.0000 0.0000 0.0007 0.0012 0.0485 0.0263 0.0871 0.0223 0.0037 0.0021 0.0012 0.0150 0.0044 0.0005 0.0005 0.0001 0.0001 0.0000 0.0000 0.0001 0.0000 0.0001 0.0001 0.0002 0.0006 0.0005 0.0009 0.0022 0.0016 0.0041 0.0073 0.0152 0.0032 0.0036 0.0007 0.0004 0.0003 0.0003 0.0002 0.0002 0.0001 0.0001 0.0002 0.0002 0.0004 0.0004 0.0007 0.0015 0.0103 0.0258 0.2382 0.2382 0.4834 0.6204 0.4603 0.0536 0.0071 0.0012 0.0005 0.0003 0.0002 0.0003 0.0003 0.0004
0.0007 0.0004 0.0003 0.0003 0.0003 0.0002 0.0003 0.0005 0.0007 0.0005 0.0002 0.0001 0.0005 0.0019 0.0047 0.0049 0.0239 0.0077 0.0008 0.0000 0.0001 0.0000 0.0000 0.0000 0.0000 0.0000 0.0000 0.0000 0.0000 0.0000 0.0000 0.0000 0.0011 0.0235 0.6257 0.9995 1.0000 0.9998 0.8271 0.3303 0.0285 0.0093 0.0002 0.0000 0.0000 0.0000 0.0000 0.0000 0.0000 0.0000 0.0000 0.0000 0.0000 0.0000 0.0000 0.0001 0.0007 0.0010 0.0084 0.0212 0.0027 0.0007 0.0003 0.0009 0.0005 0.0002 0.0002 0.0000 0.0001 0.0000 0.0000 0.0000 0.0001 0.0001 0.0001 0.0001 0.0003 0.0004 0.0008 0.0016 0.0023 0.0048 0.0032 0.0039 0.0009 0.0007 0.0005 0.0003 0.0004 0.0002 0.0002 0.0002 0.0002 0.0002 0.0002 0.0002 0.0002 0.0003 0.0002 0.0006 0.0014 0.0063 0.0347 0.0794 0.2899 0.3405 0.0938 0.0207 0.0021 0.0009 0.0004 0.0003 0.0002 0.0003 0.0003 0.0005
0.0006 0.0005 0.0003 0.0001 0.0001 0.0001 0.0002 0.0004 0.0007 0.0009 0.0002 0.0002 0.0008 0.0011 0.0007 0.0020 0.0057 0.0025 0.0004 0.0000 0.0001 0.0000 0.0000 0.0000 0.0000 0.0000 0.0000 0.0000 0.0000 0.0000 0.0000 0.0000 0.0009 0.0107 0.2161 0.9333 0.9998 1.0000 0.9999 0.9232 0.0474 0.0106 0.0002 0.0000 0.0000 0.0000 0.0000 0.0000 0.0000 0.0000 0.0000 0.0000 0.0000 0.0000 0.0000 0.0001 0.0028 0.0076 0.1815 0.3195 0.0394 0.0054 0.0010 0.0040 0.0010 0.0002 0.0001 0.0000 0.0000 0.0000 0.0000 0.0000 0.0000 0.0001 0.0000 0.0001 0.0002 0.0003 0.0007 0.0016 0.0024 0.0048 0.0037 0.0033 0.0009 0.0007 0.0005 0.0003 0.0002 0.0003 0.0002 0.0002 0.0002 0.0001 0.0002 0.0002 0.0002 0.0002 0.0004 0.0006 0.0010 0.0020 0.0143 0.0244 0.1485 0.1601 0.0346 0.0108 0.0014 0.0008 0.0003 0.0003 0.0002 0.0002 0.0003 0.0004
0.0005 0.0004 0.0003 0.0001 0.0001 0.0001 0.0002 0.0004 0.0007 0.0007 0.0002 0.0002 0.0009 0.0005 0.0004 0.0016 0.0033 0.0041 0.0010 0.0000 0.0001 0.0000 0.0000 0.0000 0.0000 0.0000 0.0000 0.0000 0.0000 0.0000 0.0000 0.0000 0.0014 0.0162 0.6828 0.8733 0.8271 0.9999 1.0000 0.9996 0.7242 0.0142 0.0003 0.0000 0.0000 0.0000 0.0000 0.0000 0.0000 0.0000 0.0000 0.0000 0.0000 0.0000 0.0000 0.0003 0.0088 0.1717 0.8200 0.8298 0.1599 0.0184 0.0025 0.0061 0.0021 0.0001 0.0000 0.0000 0.0000 0.0000 0.0000 0.0000 0.0000 0.0000 0.0000 0.0000 0.0001 0.0002 0.0003 0.0009 0.0010 0.0022 0.0022 0.0023 0.0007 0.0008 0.0003 0.0002 0.0002 0.0002 0.0001 0.0002 0.0001 0.0001 0.0001 0.0001 0.0001 0.0002 0.0003 0.0004 0.0011 0.0011 0.0104 0.0087 0.0613 0.0443 0.0234 0.0037 0.0008 0.0005 0.0003 0.0002 0.0002 0.0002 0.0003 0.0004
0.0007 0.0005 0.0004 0.0003 0.0002 0.0003 0.0004 0.0004 0.0016 0.0022 0.0004 0.0008 0.0028 0.0004 0.0009 0.0065 0.0038 0.0089 0.0009 0.0001 0.0003 0.0000 0.0000 0.0000 0.0000 0.0000 0.0000 0.0000 0.0000 0.0000 0.0000 0.0001 0.0041 0.1208 0.8597 0.9349 0.3303 0.9232 0.9996 1.0000 0.9994 0.9166 0.0028 0.0001 0.0000 0.0000 0.0000 0.0000 0.0000 0.0000 0.0000 0.0000 0.0000 0.0000 0.0007 0.0030 0.7940 0.9499 0.9882 0.5651 0.0823 0.0252 0.0109 0.2034 0.0380 0.0007 0.0005 0.0000 0.0000 0.0000 0.0000 0.0000 0.0000 0.0000 0.0000 0.0000 0.0004 0.0003 0.0004 0.0013 0.0009 0.0022 0.0065 0.0084 0.0022 0.0077 0.0004 0.0009 0.0001 0.0005 0.0001 0.0002 0.0001 0.0001 0.0001 0.0001 0.0002 0.0002 0.0008 0.0004 0.0114 0.0049 0.1227 0.0325 0.1478 0.1498 0.2246 0.0058 0.0050 0.0004 0.0003 0.0002 0.0001 0.0003 0.0003 0.0003
0.0007 0.0005 0.0005 0.0003 0.0003 0.0003 0.0003 0.0002 0.0006 0.0004 0.0001 0.0003 0.0010 0.0002 0.0005 0.0060 0.0146 0.0366 0.0159 0.0014 0.0311 0.0005 0.0006 0.0001 0.0001 0.0001 0.0001 0.0000 0.0000 0.0000 0.0064 0.0040 0.9033 0.9488 0.9863 0.7387 0.0285 0.0474 0.7242 0.9994 1.0000 0.9997 0.9582 0.0014 0.0001 0.0000 0.0000 0.0000 0.0000 0.0000 0.0000 0.0000 0.0000 0.0002 0.0015 0.3548 0.9579 0.9937 0.5978 0.1547 0.1627 0.0117 0.0223 0.0182 0.0027 0.0003 0.0001 0.0000 0.0000 0.0000 0.0000 0.0000 0.0000 0.0000 0.0000 0.0000 0.0001 0.0001 0.0001 0.0003 0.0001 0.0003 0.0005 0.0008 0.0003 0.0018 0.0001 0.0003 0.0000 0.0001 0.0000 0.0001 0.0000 0.0000 0.0000 0.0001 0.0001 0.0001 0.0002 0.0000 0.0014 0.0003 0.0066 0.0016 0.0049 0.0065 0.0221 0.0010 0.0011 0.0011 0.0001 0.0003 0.0001 0.0003 0.0003 0.0003
0.0009 0.0008 0.0010 0.0005 0.0004 0.0007 0.0012 0.0009 0.0049 0.0037 0.0010 0.0323 0.0637 0.0030 0.0296 0.2945 0.0194 0.1047 0.0059 0.0029 0.0036 0.0002 0.0002 0.0000 0.0000 0.0000 0.0000 0.0000 0.0000 0.0001 0.0079 0.2539 0.9618 0.9911 0.6545 0.6461 0.0093 0.0106 0.0142 0.9166 0.9997 1.0000 0.9997 0.9525 0.0017 0.0000 0.0000 0.0000 0.0000 0.0000 0.0000 0.0000 0.0008 0.0014 0.8330 0.9613 0.9963 0.6809 0.0443 0.0003 0.0008 0.0003 0.0033 0.0101 0.0215 0.0093 0.0366 0.0001 0.0007 0.0000 0.0000 0.0002 0.0000 0.0000 0.0008 0.0000 0.0022 0.0003 0.0002 0.0005 0.0001 0.0002 0.0016 0.0100 0.0060 0.2060 0.0022 0.0277 0.0003 0.0016 0.0001 0.0001 0.0000 0.0000 0.0001 0.0001 0.0002 0.0004 0.0175 0.0013 0.2948 0.0094 0.4018 0.0275 0.0344 0.0500 0.6543 0.0066 0.0916 0.0008 0.0008 0.0003 0.0001 0.0003 0.0003 0.0002
0.0015 0.0017 0.0019 0.0010 0.0008 0.0010 0.0014 0.0005 0.0016 0.0005 0.0001 0.0026 0.0027 0.0001 0.0017 0.0186 0.0027 0.0186 0.0120 0.0120 0.1635 0.0209 0.0145 0.0021 0.0005 0.0003 0.0009 0.0005 0.0089 0.0067 0.9477 0.9655 0.9944 0.6757 0.0494 0.0052 0.0002 0.0002 0.0003 0.0028 0.9582 0.9997 1.0000 0.9997 0.9557 0.0011 0.0002 0.0000 0.0000 0.0000 0.0000 0.0001 0.0014 0.3116 0.9651 0.9966 0.6329 0.3728 0.0003 0.0001 0.0015 0.0010 0.0885 0.0074 0.0049 0.0286 0.0033 0.0003 0.0004 0.0000 0.0000 0.0002 0.0000 0.0000 0.0003 0.0000 0.0001 0.0000 0.0000 0.0001 0.0000 0.0001 0.0001 0.0002 0.0003 0.0038 0.0001 0.0011 0.0000 0.0001 0.0000 0.0001 0.0000 0.0000 0.0000 0.0001 0.0001 0.0000 0.0006 0.0001 0.0025 0.0001 0.0022 0.0003 0.0003 0.0003 0.0038 0.0001 0.0014 0.0003 0.0004 0.0005 0.0002 0.0005 0.0004 0.0004
0.0019 0.0022 0.0039 0.0018 0.0027 0.0096 0.0340 0.0038 0.0369 0.0179 0.0057 0.2871 0.1418 0.0027 0.0615 0.4327 0.0081 0.0746 0.0091 0.0658 0.0255 0.0043 0.0030 0.0005 0.0001 0.0001 0.0004 0.0005 0.0166 0.2046 0.9669 0.9948 0.6262 0.3748 0.0005 0.0005 0.0000 0.0000 0.0000 0.0001 0.0014 0.9525 0.9997 1.0000 0.9994 0.8184 0.0027 0.0004 0.0000 0.0004 0.0003 0.0028 0.8774 0.9535 0.9963 0.5970 0.0250 0.0000 0.0000 0.0000 0.0000 0.0000 0.0001 0.0000 0.0002 0.0036 0.0148 0.0030 0.0906 0.0004 0.0003 0.0128 0.0001 0.0003 0.0296 0.0003 0.0022 0.0002 0.0001 0.0001 0.0000 0.0000 0.0003 0.0008 0.0019 0.2395 0.0022 0.1389 0.0008 0.0067 0.0001 0.0003 0.0001 0.0000 0.0001 0.0002 0.0018 0.0010 0.1600 0.0023 0.3417 0.0011 0.0269 0.0010 0.0007 0.0004 0.0385 0.0007 0.0944 0.0010 0.0092 0.0010 0.0007 0.0012 0.0005 0.0004
0.0027 0.0041 0.0074 0.0033 0.0055 0.0111 0.0171 0.0015 0.0092 0.0033 0.0009 0.0105 0.0038 0.0001 0.0011 0.0052 0.0004 0.0014 0.0014 0.0206 0.0320 0.0267 0.0508 0.0402 0.0033 0.0030 0.0452 0.0772 0.9119 0.9524 0.9936 0.6288 0.0316 0.0005 0.0000 0.0000 0.0000 0.0000 0.0000 0.0000 0.0001 0.0017 0.9557 0.9994 1.0000 0.9994 0.8484 0.0151 0.0016 0.0078 0.0036 0.2299 0.9633 0.9959 0.6819 0.3814 0.0001 0.0001 0.0000 0.0000 0.0000 0.0000 0.0008 0.0001 0.0004 0.0265 0.0035 0.0228 0.0208 0.0010 0.0005 0.0066 0.0000 0.0000 0.0012 0.0000 0.0001 0.0000 0.0000 0.0000 0.0000 0.0000 0.0000 0.0000 0.0001 0.0012 0.0001 0.0021 0.0001 0.0009 0.0001 0.0003 0.0001 0.0001 0.0002 0.0002 0.0004 0.0001 0.0030 0.0001 0.0014 0.0000 0.0003 0.0001 0.0001 0.0001 0.0003 0.0000 0.0008 0.0001 0.0011 0.0007 0.0007 0.0019 0.0011 0.0007
0.0073 0.0155 0.0535 0.0305 0.0652 0.1406 0.2052 0.0184 0.1322 0.0432 0.0080 0.1110 0.0246 0.0008 0.0052 0.0122 0.0004 0.0021 0.0010 0.0359 0.0111 0.0167 0.0271 0.0180 0.0012 0.0014 0.0349 0.2422 0.9385 0.9801 0.6062 0.2603 0.0002 0.0001 0.0000 0.0000 0.0000 0.0000 0.0000 0.0000 0.0000 0.0000 0.0011 0.8184 0.9994 1.0000 0.9994 0.8558 0.0285 0.2254 0.3370 0.8955 0.9940 0.6283 0.0239 0.0001 0.0000 0.0000 0.0000 0.0000 0.0000 0.0000 0.0000 0.0000 0.0000 0.0002 0.0002 0.0045 0.0288 0.0071 0.0114 0.1784 0.0011 0.0014 0.0548 0.0003 0.0003 0.0001 0.0000 0.0000 0.0000 0.0000 0.0001 0.0002 0.0003 0.0040 0.0004 0.0455 0.0014 0.0521 0.0012 0.0028 0.0004 0.0002 0.0008 0.0014 0.0252 0.0017 0.1100 0.0007 0.0107 0.0001 0.0004 0.0001 0.0001 0.0000 0.0004 0.0000 0.0022 0.0002 0.0079 0.0016 0.0024 0.0090 0.0033 0.0015
0.0110 0.0174 0.0372 0.0150 0.0232 0.0287 0.0216 0.0029 0.0104 0.0032 0.0009 0.0026 0.0005 0.0002 0.0004 0.0005 0.0001 0.0002 0.0001 0.0017 0.0013 0.0066 0.0193 0.0340 0.0095 0.0189 0.3262 0.7880 0.9453 0.5312 0.0265 0.0003 0.0000 0.0000 0.0000 0.0000 0.0000 0.0000 0.0000 0.0000 0.0000 0.0000 0.0002 0.0027 0.8484 0.9994 1.0000 0.9990 0.8738 0.9633 0.8866 0.9833 0.7351 0.5149 0.0007 0.0003 0.0000 0.0000 0.0000 0.0000 0.0000 0.0000 0.0000 0.0000 0.0000 0.0018 0.0007 0.0953 0.0434 0.0875 0.0398 0.0428 0.0010 0.0006 0.0017 0.0001 0.0000 0.0000 0.0000 0.0000 0.0000 0.0000 0.0001 0.0001 0.0001 0.0002 0.0000 0.0009 0.0003 0.0032 0.0014 0.0016 0.0006 0.0004 0.0005 0.0005 0.0013 0.0002 0.0015 0.0001 0.0002 0.0001 0.0001 0.0001 0.0001 0.0000 0.0001 0.0000 0.0001 0.0001 0.0009 0.0010 0.0016 0.0073 0.0062 0.0026
0.0456 0.0783 0.1583 0.0709 0.0767 0.0850 0.0482 0.0108 0.0280 0.0060 0.0016 0.0022 0.0006 0.0002 0.0005 0.0005 0.0002 0.0002 0.0002 0.0022 0.0016 0.0089 0.0577 0.0560 0.0265 0.0831 0.4865 0.8795 0.6872 0.2526 0.0016 0.0003 0.0000 0.0000 0.0000 0.0000 0.0000 0.0000 0.0000 0.0000 0.0000 0.0000 0.0000 0.0004 0.0151 0.8558 0.9990 1.0000 0.9999 0.8357 0.7560 0.2546 0.0343 0.0036 0.0002 0.0000 0.0000 0.0000 0.0000 0.0000 0.0000 0.0000 0.0000 0.0000 0.0000 0.0002 0.0001 0.0019 0.0012 0.0082 0.0196 0.0521 0.0064 0.0065 0.0100 0.0003 0.0003 0.0001 0.0000 0.0001 0.0000 0.0001 0.0001 0.0002 0.0001 0.0002 0.0001 0.0010 0.0006 0.0134 0.0033 0.0149 0.0021 0.0014 0.0038 0.0026 0.0083 0.0005 0.0033 0.0003 0.0003 0.0001 0.0001 0.0001 0.0001 0.0001 0.0001 0.0000 0.0001 0.0001 0.0010 0.0010 0.0024 0.0102 0.0093 0.0047
0.0321 0.0538 0.0742 0.0274 0.0258 0.0238 0.0136 0.0052 0.0069 0.0029 0.0012 0.0008 0.0002 0.0001 0.0003 0.0004 0.0003 0.0003 0.0002 0.0007 0.0007 0.0019 0.0099 0.0150 0.0170 0.0610 0.2695 0.5487 0.1125 0.0077 0.0002 0.0000 0.0000 0.0000 0.0000 0.0000 0.0000 0.0000 0.0000 0.0000 0.0000 0.0000 0.0000 0.0000 0.0016 0.0285 0.8738 0.9999 1.0000 0.9998 0.8115 0.1143 0.0026 0.0015 0.0000 0.0000 0.0000 0.0000 0.0000 0.0000 0.0000 0.0000 0.0000 0.0000 0.0000 0.0001 0.0001 0.0019 0.0008 0.0170 0.0246 0.0146 0.0049 0.0017 0.0010 0.0002 0.0001 0.0001 0.0000 0.0000 0.0001 0.0001 0.0001 0.0001 0.0001 0.0002 0.0001 0.0003 0.0003 0.0022 0.0020 0.0061 0.0024 0.0015 0.0019 0.0011 0.0012 0.0003 0.0005 0.0001 0.0001 0.0001 0.0001 0.0001 0.0001 0.0000 0.0000 0.0000 0.0001 0.0001 0.0005 0.0007 0.0018 0.0066 0.0094 0.0069
