1.0000 0.9980 0.6725 0.2252 0.2113 0.0261 0.0203 0.0020 0.0010 0.0010 0.0007 0.0005 0.0004 0.0006 0.0007 0.0009 0.0012 0.0015 0.0034 0.0055 0.0185 0.0473 0.0514 0.0139 0.0965 0.0818 0.0065 0.0104 0.0862 0.0197 0.0044 0.0092 0.0068 0.0025 0.0016 0.0012 0.0010 0.0007 0.0006 0.0005 0.0007 0.0007 0.0008 0.0009 0.0010 0.0008 0.0008 0.0007 0.0006 0.0007 0.0006 0.0005 0.0005 0.0005 0.0005 0.0005 0.0006 0.0014 0.0013 0.0012 0.0028 0.0090 0.0043 0.0069 0.0190 0.0153 0.0213 0.0034 0.0233 0.0056 0.0030 0.0017 0.0014 0.0015 0.0009 0.0008 0.0007 0.0005 0.0004 0.0003 0.0003 0.0003 0.0003 0.0003 0.0003 0.0003 0.0003 0.0003 0.0003 0.0004 0.0005 0.0007 0.0063 0.0099 0.0784 0.1405 0.1732
0.9980 1.0000 0.9992 0.8765 0.4042 0.0272 0.0112 0.0008 0.0004 0.0005 0.0004 0.0004 0.0004 0.0004 0.0006 0.0007 0.0016 0.0014 0.0040 0.0038 0.0190 0.0637 0.0909 0.0135 0.1211 0.1602 0.0066 0.0091 0.1078 0.0286 0.0046 0.0110 0.0113 0.0028 0.0014 0.0010 0.0010 0.0005 0.0003 0.0003 0.0003 0.0004 0.0005 0.0006 0.0007 0.0006 0.0007 0.0007 0.0005 0.0007 0.0006 0.0006 0.0005 0.0003 0.0005 0.0004 0.0005 0.0021 0.0013 0.0012 0.0039 0.0145 0.0050 0.0110 0.0292 0.0259 0.0399 0.0038 0.0242 0.0068 0.0037 0.0021 0.0019 0.0020 0.0011 0.0009 0.0007 0.0004 0.0003 0.0001 0.0001 0.0001 0.0001 0.0001 0.0001 0.0001 0.0001 0.0001 0.0002 0.0002 0.0004 0.0006 0.0062 0.0097 0.1217 0.2334 0.1927
0.6725 0.9992 1.0000 0.9994 0.7426 0.0350 0.0056 0.0007 0.0003 0.0004 0.0003 0.0003 0.0003 0.0005 0.0007 0.0009 0.0014 0.0026 0.0061 0.0103 0.0428 0.1041 0.1910 0.0297 0.1717 0.3744 0.0187 0.0156 0.1417 0.0716 0.0062 0.0074 0.0061 0.0020 0.0015 0.0008 0.0007 0.0004 0.0003 0.0002 0.0003 0.0003 0.0005 0.0005 0.0007 0.0008 0.0010 0.0009 0.0012 0.0011 0.0016 0.0012 0.0019 0.0013 0.0007 0.0006 0.0014 0.0061 0.0016 0.0014 0.0110 0.0266 0.0039 0.0108 0.0355 0.0578 0.0906 0.0119 0.0510 0.0170 0.0086 0.0030 0.0036 0.0056 0.0015 0.0010 0.0006 0.0004 0.0003 0.0001 0.0001 0.0001 0.0001 0.0000 0.0001 0.0001 0.0001 0.0001 0.0003 0.0004 0.0004 0.0014 0.0154 0.0406 0.4058 0.6221 0.3815
0.2252 0.8765 0.9994 1.0000 0.9992 0.6894 0.0181 0.0014 0.0003 0.0016 0.0010 0.0009 0.0007 0.0013 0.0022 0.0009 0.0039 0.0106 0.0191 0.0531 0.1071 0.2694 0.4165 0.0727 0.2400 0.7968 0.1125 0.0303 0.2789 0.2393 0.0178 0.0111 0.0069 0.0036 0.0047 0.0010 0.0008 0.0003 0.0002 0.0001 0.0001 0.0003 0.0004 0.0005 0.0007 0.0008 0.0010 0.0009 0.0022 0.0018 0.0026 0.0011 0.0033 0.0033 0.0009 0.0006 0.0042 0.0177 0.0021 0.0020 0.0344 0.0264 0.0023 0.0123 0.0326 0.1093 0.0789 0.0333 0.0611 0.0246 0.0169 0.0055 0.0086 0.0086 0.0020 0.0013 0.0006 0.0004 0.0001 0.0001 0.0001 0.0001 0.0001 0.0000 0.0001 0.0002 0.0001 0.0002 0.0006 0.0007 0.0006 0.0043 0.0536 0.2235 0.7079 0.7876 0.3414
0.2113 0.4042 0.7426 0.9992 1.0000 0.9993 0.8928 0.0186 0.0022 0.0084 0.0039 0.0015 0.0007 0.0026 0.0092 0.0031 0.0218 0.0350 0.0692 0.1112 0.1115 0.1617 0.2315 0.0343 0.0270 0.4015 0.0965 0.0049 0.0459 0.1451 0.0074 0.0016 0.0009 0.0007 0.0008 0.0002 0.0002 0.0001 0.0001 0.0001 0.0001 0.0001 0.0003 0.0003 0.0005 0.0008 0.0008 0.0009 0.0017 0.0016 0.0023 0.0010 0.0041 0.0019 0.0004 0.0003 0.0038 0.0185 0.0012 0.0012 0.0214 0.0190 0.0009 0.0029 0.0069 0.0777 0.0898 0.0526 0.4116 0.0733 0.0317 0.0168 0.0146 0.0231 0.0039 0.0025 0.0008 0.0005 0.0003 0.0001 0.0001 0.0001 0.0001 0.0001 0.0002 0.0004 0.0002 0.0004 0.0018 0.0023 0.0053 0.0324 0.6605 0.7714 0.7848 0.5499 0.0903
0.0261 0.0272 0.0350 0.6894 0.9993 1.0000 0.9993 0.8994 0.0375 0.1541 0.0460 0.0126 0.0024 0.0251 0.0605 0.0089 0.0425 0.3116 0.1449 0.4421 0.2052 0.2524 0.4694 0.1911 0.0304 0.7003 0.7566 0.0344 0.1037 0.6223 0.1352 0.0050 0.0022 0.0049 0.0145 0.0005 0.0003 0.0001 0.0001 0.0000 0.0000 0.0000 0.0003 0.0002 0.0005 0.0007 0.0016 0.0008 0.0049 0.0014 0.0066 0.0012 0.0106 0.0391 0.0015 0.0014 0.0613 0.1221 0.0010 0.0058 0.2664 0.0046 0.0003 0.0033 0.0014 0.2366 0.0167 0.0904 0.0869 0.0571 0.0531 0.0166 0.0300 0.0243 0.0041 0.0025 0.0007 0.0003 0.0003 0.0001 0.0001 0.0001 0.0001 0.0000 0.0003 0.0012 0.0004 0.0007 0.0091 0.0118 0.0158 0.2451 0.7906 0.8698 0.4809 0.2627 0.0054
0.0203 0.0112 0.0056 0.0181 0.8928 0.9993 1.0000 0.9990 0.9548 0.4389 0.0613 0.0198 0.0051 0.0289 0.1495 0.0556 0.1106 0.3105 0.1825 0.2142 0.1076 0.0686 0.0752 0.0150 0.0011 0.0166 0.0654 0.0008 0.0011 0.0494 0.0077 0.0007 0.0004 0.0007 0.0005 0.0001 0.0001 0.0001 0.0001 0.0000 0.0000 0.0001 0.0003 0.0003 0.0004 0.0005 0.0011 0.0004 0.0017 0.0004 0.0010 0.0004 0.0018 0.0066 0.0008 0.0006 0.0201 0.0182 0.0004 0.0007 0.0050 0.0005 0.0001 0.0005 0.0003 0.0043 0.0053 0.0342 0.0883 0.1022 0.1978 0.1025 0.0859 0.0736 0.0189 0.0123 0.0044 0.0013 0.0008 0.0004 0.0003 0.0006 0.0007 0.0004 0.0016 0.0102 0.0055 0.0103 0.0607 0.1174 0.5298 0.7012 0.7849 0.5217 0.0956 0.0050 0.0019
0.0020 0.0008 0.0007 0.0014 0.0186 0.8994 0.9990 1.0000 0.9995 0.6359 0.0628 0.0249 0.0064 0.0538 0.2268 0.0587 0.1632 0.5118 0.1625 0.3396 0.0939 0.0386 0.0599 0.0334 0.0012 0.0268 0.1934 0.0017 0.0023 0.1639 0.0785 0.0024 0.0014 0.0052 0.0044 0.0003 0.0003 0.0001 0.0001 0.0001 0.0000 0.0001 0.0003 0.0003 0.0008 0.0016 0.0069 0.0030 0.0372 0.0028 0.0245 0.0022 0.0584 0.3476 0.0164 0.0131 0.3806 0.2789 0.0024 0.0120 0.1018 0.0011 0.0001 0.0016 0.0004 0.0191 0.0029 0.1151 0.0436 0.0879 0.1450 0.0652 0.0912 0.0590 0.0265 0.0171 0.0063 0.0018 0.0015 0.0004 0.0004 0.0011 0.0009 0.0006 0.0038 0.0338 0.0108 0.0202 0.1264 0.3077 0.6285 0.8000 0.6157 0.4538 0.0070 0.0014 0.0004
0.0010 0.0004 0.0003 0.0003 0.0022 0.0375 0.9548 0.9995 1.0000 0.9990 0.7673 0.1097 0.0522 0.1198 0.2044 0.0949 0.1147 0.1829 0.0561 0.0388 0.0142 0.0041 0.0043 0.0023 0.0003 0.0007 0.0049 0.0002 0.0002 0.0051 0.0044 0.0009 0.0007 0.0018 0.0012 0.0003 0.0003 0.0001 0.0002 0.0001 0.0001 0.0001 0.0003 0.0004 0.0008 0.0022 0.0050 0.0029 0.0135 0.0028 0.0148 0.0023 0.0373 0.0639 0.0021 0.0025 0.0695 0.0077 0.0003 0.0012 0.0019 0.0001 0.0000 0.0008 0.0002 0.0019 0.0010 0.0054 0.0118 0.0352 0.1387 0.1443 0.2136 0.1333 0.0672 0.0358 0.0240 0.0066 0.0062 0.0014 0.0016 0.0077 0.0109 0.0116 0.0369 0.1595 0.1292 0.1542 0.4374 0.6680 0.6791 0.4887 0.1199 0.0080 0.0020 0.0003 0.0003
0.0010 0.0005 0.0004 0.0016 0.0084 0.1541 0.4389 0.6359 0.9990 1.0000 0.9991 0.8641 0.2484 0.6564 0.7901 0.2702 0.2235 0.3870 0.1044 0.0435 0.0110 0.0038 0.0029 0.0017 0.0003 0.0011 0.0043 0.0002 0.0003 0.0047 0.0065 0.0005 0.0005 0.0012 0.0018 0.0003 0.0002 0.0001 0.0001 0.0001 0.0001 0.0001 0.0004 0.0005 0.0010 0.0028 0.0114 0.0100 0.0567 0.0161 0.1142 0.0087 0.0983 0.2403 0.0111 0.0146 0.1411 0.0132 0.0007 0.0103 0.0106 0.0004 0.0002 0.0030 0.0004 0.0079 0.0011 0.0084 0.0076 0.0505 0.0979 0.1320 0.1804 0.1245 0.0495 0.0230 0.0117 0.0039 0.0047 0.0014 0.0016 0.0098 0.0120 0.0058 0.0430 0.1819 0.0764 0.1382 0.4949 0.6255 0.4720 0.4103 0.0680 0.0103 0.0027 0.0003 0.0003
0.0007 0.0004 0.0003 0.0010 0.0039 0.0460 0.0613 0.0628 0.7673 0.9991 1.0000 0.9995 0.7229 0.6504 0.5116 0.1163 0.0631 0.0382 0.0206 0.0059 0.0026 0.0009 0.0005 0.0006 0.0002 0.0003 0.0005 0.0002 0.0002 0.0006 0.0005 0.0002 0.0003 0.0004 0.0004 0.0003 0.0002 0.0001 0.0002 0.0001 0.0001 0.0001 0.0003 0.0006 0.0010 0.0034 0.0070 0.0056 0.0161 0.0084 0.0310 0.0044 0.0194 0.0159 0.0011 0.0018 0.0122 0.0012 0.0004 0.0054 0.0063 0.0002 0.0003 0.0050 0.0004 0.0047 0.0007 0.0027 0.0039 0.0085 0.0342 0.0746 0.1256 0.1304 0.1029 0.0557 0.0349 0.0116 0.0178 0.0075 0.0099 0.0463 0.0834 0.0386 0.1102 0.3996 0.2903 0.2558 0.4930 0.4477 0.1509 0.0440 0.0296 0.0019 0.0012 0.0003 0.0002
0.0005 0.0004 0.0003 0.0009 0.0015 0.0126 0.0198 0.0249 0.1097 0.8641 0.9995 1.0000 0.9998 0.8880 0.6583 0.3423 0.0640 0.0282 0.0126 0.0046 0.0017 0.0008 0.0003 0.0007 0.0002 0.0002 0.0003 0.0002 0.0002 0.0004 0.0004 0.0002 0.0003 0.0003 0.0003 0.0002 0.0002 0.0002 0.0002 0.0002 0.0001 0.0002 0.0006 0.0010 0.0017 0.0071 0.0103 0.0088 0.0197 0.0369 0.0644 0.0212 0.0686 0.0278 0.0020 0.0049 0.0118 0.0010 0.0005 0.0054 0.0030 0.0002 0.0004 0.0051 0.0007 0.0041 0.0007 0.0017 0.0025 0.0073 0.0267 0.0687 0.0983 0.0998 0.0803 0.0364 0.0307 0.0099 0.0113 0.0056 0.0128 0.0474 0.0715 0.0266 0.0849 0.2359 0.1662 0.1535 0.2515 0.2237 0.0435 0.0215 0.0089 0.0009 0.0005 0.0003 0.0002
0.0004 0.0004 0.0003 0.0007 0.0007 0.0024 0.0051 0.0064 0.0522 0.2484 0.7229 0.9998 1.0000 0.9995 0.8153 0.3919 0.2535 0.0127 0.0044 0.0022 0.0014 0.0007 0.0002 0.0003 0.0001 0.0001 0.0002 0.0001 0.0000 0.0002 0.0002 0.0001 0.0001 0.0002 0.0002 0.0002 0.0001 0.0001 0.0001 0.0001 0.0002 0.0001 0.0005 0.0010 0.0016 0.0071 0.0131 0.0130 0.0226 0.0608 0.0615 0.0253 0.0374 0.0157 0.0012 0.0029 0.0055 0.0007 0.0004 0.0049 0.0016 0.0002 0.0005 0.0072 0.0005 0.0022 0.0004 0.0008 0.0010 0.0043 0.0116 0.0418 0.0541 0.0715 0.0487 0.0248 0.0218 0.0092 0.0138 0.0074 0.0059 0.0257 0.0562 0.0173 0.0425 0.1300 0.0694 0.0617 0.0750 0.0593 0.0080 0.0044 0.0021 0.0003 0.0003 0.0002 0.0002
0.0006 0.0004 0.0005 0.0013 0.0026 0.0251 0.0289 0.0538 0.1198 0.6564 0.6504 0.8880 0.9995 1.0000 0.9995 0.7933 0.3935 0.2975 0.0250 0.0074 0.0041 0.0029 0.0010 0.0014 0.0002 0.0004 0.0014 0.0002 0.0001 0.0009 0.0010 0.0003 0.0002 0.0003 0.0003 0.0002 0.0001 0.0001 0.0002 0.0001 0.0001 0.0003 0.0007 0.0011 0.0018 0.0080 0.0179 0.0706 0.0967 0.0690 0.0692 0.0104 0.0565 0.0556 0.0028 0.0082 0.0398 0.0057 0.0014 0.0369 0.0157 0.0007 0.0023 0.0277 0.0017 0.0143 0.0008 0.0034 0.0027 0.0162 0.0751 0.1463 0.1222 0.1033 0.0570 0.0180 0.0136 0.0053 0.0093 0.0030 0.0045 0.0234 0.0433 0.0140 0.0791 0.2543 0.1080 0.1046 0.2310 0.2094 0.0630 0.0593 0.0151 0.0018 0.0007 0.0002 0.0003
0.0007 0.0006 0.0007 0.0022 0.0092 0.0605 0.1495 0.2268 0.2044 0.7901 0.5116 0.6583 0.8153 0.9995 1.0000 0.9994 0.8985 0.5844 0.3378 0.0353 0.0072 0.0084 0.0049 0.0108 0.0005 0.0015 0.0099 0.0013 0.0003 0.0033 0.0044 0.0005 0.0003 0.0005 0.0008 0.0003 0.0002 0.0002 0.0005 0.0004 0.0003 0.0005 0.0027 0.0038 0.0045 0.0176 0.0406 0.0765 0.1244 0.0623 0.1588 0.0190 0.2272 0.2219 0.0114 0.0660 0.2966 0.0261 0.0039 0.0664 0.0340 0.0005 0.0012 0.0164 0.0009 0.0131 0.0007 0.0164 0.0057 0.0243 0.0947 0.0641 0.0715 0.0349 0.0147 0.0042 0.0030 0.0014 0.0017 0.0008 0.0008 0.0033 0.0046 0.0017 0.0122 0.0762 0.0181 0.0289 0.1529 0.1686 0.0617 0.1426 0.0476 0.0085 0.0018 0.0005 0.0004
0.0009 0.0007 0.0009 0.0009 0.0031 0.0089 0.0556 0.0587 0.0949 0.2702 0.1163 0.3423 0.3919 0.7933 0.9994 1.0000 0.9994 0.8025 0.3788 0.1329 0.0135 0.0111 0.0068 0.0121 0.0006 0.0007 0.0032 0.0005 0.0002 0.0008 0.0016 0.0005 0.0004 0.0005 0.0005 0.0004 0.0003 0.0003 0.0004 0.0004 0.0004 0.0008 0.0026 0.0063 0.0098 0.0689 0.0893 0.0986 0.0961 0.0302 0.0792 0.0330 0.2072 0.0791 0.0063 0.0960 0.1846 0.0087 0.0095 0.1351 0.0558 0.0014 0.0075 0.0421 0.0009 0.0117 0.0006 0.0030 0.0015 0.0059 0.0137 0.0133 0.0164 0.0104 0.0061 0.0026 0.0025 0.0012 0.0014 0.0007 0.0007 0.0015 0.0026 0.0016 0.0037 0.0182 0.0082 0.0074 0.0269 0.0355 0.0213 0.0159 0.0057 0.0019 0.0011 0.0005 0.0006
0.0012 0.0016 0.0014 0.0039 0.0218 0.0425 0.1106 0.1632 0.1147 0.2235 0.0631 0.0640 0.2535 0.3935 0.8985 0.9994 1.0000 0.9992 0.8280 0.2111 0.1393 0.0446 0.0404 0.0258 0.0026 0.0045 0.0115 0.0008 0.0005 0.0029 0.0037 0.0005 0.0004 0.0008 0.0012 0.0004 0.0004 0.0003 0.0010 0.0011 0.0007 0.0017 0.0078 0.0144 0.0188 0.0991 0.1341 0.1188 0.1971 0.0401 0.0854 0.0176 0.1339 0.0972 0.0067 0.0344 0.1795 0.0083 0.0025 0.0431 0.0135 0.0002 0.0003 0.0021 0.0001 0.0021 0.0002 0.0047 0.0033 0.0178 0.0402 0.0335 0.0187 0.0093 0.0041 0.0018 0.0014 0.0007 0.0009 0.0005 0.0004 0.0021 0.0036 0.0009 0.0035 0.0219 0.0043 0.0059 0.0318 0.0346 0.0281 0.0364 0.0113 0.0052 0.0018 0.0008 0.0008
0.0015 0.0014 0.0026 0.0106 0.0350 0.3116 0.3105 0.5118 0.1829 0.3870 0.0382 0.0282 0.0127 0.2975 0.5844 0.8025 0.9992 1.0000 0.9992 0.8558 0.2389 0.2569 0.1637 0.1515 0.0116 0.0758 0.2102 0.0062 0.0022 0.0414 0.0434 0.0012 0.0005 0.0026 0.0151 0.0009 0.0007 0.0003 0.0020 0.0009 0.0004 0.0005 0.0057 0.0072 0.0221 0.1129 0.1590 0.0927 0.2710 0.0469 0.1418 0.0166 0.2497 0.4716 0.0332 0.1058 0.5229 0.1377 0.0081 0.1322 0.1611 0.0019 0.0009 0.0046 0.0005 0.0221 0.0009 0.0759 0.0208 0.0623 0.0941 0.0235 0.0140 0.0042 0.0015 0.0007 0.0005 0.0003 0.0002 0.0001 0.0001 0.0003 0.0005 0.0003 0.0011 0.0062 0.0024 0.0055 0.0486 0.0585 0.0567 0.2119 0.0450 0.0969 0.0060 0.0032 0.0010
0.0034 0.0040 0.0061 0.0191 0.0692 0.1449 0.1825 0.1625 0.0561 0.1044 0.0206 0.0126 0.0044 0.0250 0.3378 0.3788 0.8280 0.9992 1.0000 0.9991 0.8605 0.4290 0.2588 0.1787 0.0131 0.0377 0.1382 0.0059 0.0019 0.0113 0.0091 0.0004 0.0003 0.0008 0.0019 0.0005 0.0004 0.0003 0.0027 0.0010 0.0007 0.0015 0.0194 0.0664 0.0999 0.1569 0.1379 0.0675 0.1513 0.0309 0.0453 0.0133 0.1851 0.1919 0.0183 0.0454 0.2649 0.0545 0.0074 0.0298 0.0415 0.0014 0.0004 0.0023 0.0003 0.0027 0.0003 0.0141 0.0094 0.0301 0.0250 0.0041 0.0068 0.0018 0.0009 0.0005 0.0003 0.0002 0.0002 0.0001 0.0001 0.0003 0.0005 0.0001 0.0004 0.0015 0.0010 0.0013 0.0077 0.0123 0.0409 0.0516 0.0190 0.0223 0.0049 0.0027 0.0018
0.0055 0.0038 0.0103 0.0531 0.1112 0.4421 0.2142 0.3396 0.0388 0.0435 0.0059 0.0046 0.0022 0.0074 0.0353 0.1329 0.2111 0.8558 0.9991 1.0000 0.9990 0.8425 0.3941 0.5740 0.0783 0.1847 0.5315 0.0548 0.0060 0.0682 0.0481 0.0014 0.0009 0.0059 0.0882 0.0066 0.0020 0.0014 0.0224 0.0025 0.0010 0.0031 0.0444 0.0782 0.0945 0.0978 0.1664 0.0596 0.3161 0.0659 0.0527 0.0211 0.2765 0.3982 0.0371 0.0826 0.4658 0.1779 0.0178 0.0540 0.1233 0.0104 0.0020 0.0077 0.0012 0.0193 0.0010 0.0407 0.0341 0.0314 0.0203 0.0030 0.0023 0.0012 0.0004 0.0003 0.0002 0.0000 0.0001 0.0000 0.0000 0.0001 0.0001 0.0000 0.0002 0.0007 0.0003 0.0008 0.0058 0.0099 0.0193 0.0789 0.0347 0.1359 0.0078 0.0252 0.0024
0.0185 0.0190 0.0428 0.1071 0.1115 0.2052 0.1076 0.0939 0.0142 0.0110 0.0026 0.0017 0.0014 0.0041 0.0072 0.0135 0.1393 0.2389 0.8605 0.9990 1.0000 0.9997 0.6452 0.4496 0.2087 0.1322 0.1424 0.0054 0.0032 0.0131 0.0055 0.0005 0.0002 0.0012 0.0042 0.0012 0.0016 0.0011 0.0100 0.0059 0.0059 0.0180 0.0810 0.1087 0.0742 0.0671 0.0894 0.0728 0.2153 0.1072 0.0411 0.0306 0.2982 0.2358 0.0408 0.0631 0.3493 0.1112 0.0095 0.0580 0.0852 0.0087 0.0025 0.0067 0.0017 0.0212 0.0054 0.0194 0.0343 0.0203 0.0155 0.0036 0.0019 0.0008 0.0004 0.0002 0.0001 0.0001 0.0001 0.0000 0.0000 0.0001 0.0001 0.0001 0.0002 0.0006 0.0004 0.0010 0.0036 0.0058 0.0132 0.0293 0.0243 0.0425 0.0078 0.0106 0.0030
0.0473 0.0637 0.1041 0.2694 0.1617 0.2524 0.0686 0.0386 0.0041 0.0038 0.0009 0.0008 0.0007 0.0029 0.0084 0.0111 0.0446 0.2569 0.4290 0.8425 0.9997 1.0000 0.9996 0.8821 0.4330 0.6701 0.3995 0.0184 0.0082 0.0224 0.0089 0.0007 0.0004 0.0017 0.0093 0.0023 0.0044 0.0021 0.0184 0.0122 0.0260 0.0472 0.1019 0.0890 0.0534 0.0399 0.0781 0.0498 0.1209 0.0367 0.0114 0.0060 0.0865 0.0860 0.0116 0.0177 0.1495 0.0457 0.0065 0.0375 0.0357 0.0071 0.0014 0.0063 0.0014 0.0134 0.0032 0.0078 0.0123 0.0051 0.0036 0.0014 0.0008 0.0004 0.0002 0.0002 0.0001 0.0000 0.0001 0.0000 0.0000 0.0000 0.0000 0.0000 0.0001 0.0002 0.0002 0.0004 0.0009 0.0014 0.0045 0.0147 0.0201 0.0531 0.0074 0.0163 0.0044
0.0514 0.0909 0.1910 0.4165 0.2315 0.4694 0.0752 0.0599 0.0043 0.0029 0.0005 0.0003 0.0002 0.0010 0.0049 0.0068 0.0404 0.1637 0.2588 0.3941 0.6452 0.9996 1.0000 0.9994 0.9641 0.9520 0.8971 0.0512 0.0104 0.0069 0.0065 0.0008 0.0004 0.0017 0.0219 0.0049 0.0126 0.0046 0.0313 0.0143 0.0232 0.0259 0.0894 0.0510 0.0360 0.0454 0.0967 0.0277 0.0989 0.0461 0.0083 0.0071 0.0833 0.0693 0.0081 0.0072 0.0870 0.0888 0.0270 0.0245 0.0441 0.0190 0.0014 0.0090 0.0023 0.0252 0.0011 0.0092 0.0151 0.0065 0.0052 0.0012 0.0005 0.0003 0.0001 0.0001 0.0001 0.0000 0.0000 0.0000 0.0000 0.0000 0.0000 0.0000 0.0000 0.0002 0.0001 0.0003 0.0010 0.0012 0.0033 0.0206 0.0333 0.1081 0.0280 0.0591 0.0099
0.0139 0.0135 0.0297 0.0727 0.0343 0.1911 0.0150 0.0334 0.0023 0.0017 0.0006 0.0007 0.0003 0.0014 0.0108 0.0121 0.0258 0.1515 0.1787 0.5740 0.4496 0.8821 0.9994 1.0000 0.9997 0.9556 0.9820 0.9694 0.0109 0.0022 0.0213 0.0092 0.0045 0.0277 0.2810 0.0692 0.0508 0.0191 0.0906 0.0194 0.0074 0.0073 0.0463 0.0226 0.0457 0.0671 0.2706 0.0606 0.2201 0.0811 0.0643 0.0065 0.0619 0.1319 0.0345 0.0032 0.0406 0.0602 0.0030 0.0012 0.0049 0.0007 0.0001 0.0005 0.0001 0.0007 0.0001 0.0011 0.0011 0.0010 0.0013 0.0005 0.0003 0.0002 0.0001 0.0001 0.0000 0.0000 0.0000 0.0000 0.0000 0.0000 0.0000 0.0000 0.0000 0.0002 0.0001 0.0002 0.0007 0.0007 0.0009 0.0028 0.0142 0.0151 0.0019 0.0042 0.0014
0.0965 0.1211 0.1717 0.2400 0.0270 0.0304 0.0011 0.0012 0.0003 0.0003 0.0002 0.0002 0.0001 0.0002 0.0005 0.0006 0.0026 0.0116 0.0131 0.0783 0.2087 0.4330 0.9641 0.9997 1.0000 0.9998 0.9865 0.9899 0.9513 0.0096 0.0041 0.0048 0.0044 0.0112 0.0777 0.0074 0.0077 0.0024 0.0098 0.0025 0.0019 0.0020 0.0130 0.0107 0.0134 0.0093 0.0326 0.0044 0.0138 0.0060 0.0025 0.0004 0.0017 0.0025 0.0005 0.0002 0.0015 0.0015 0.0001 0.0009 0.0014 0.0003 0.0002 0.0026 0.0004 0.0014 0.0001 0.0004 0.0005 0.0009 0.0006 0.0004 0.0002 0.0001 0.0000 0.0000 0.0000 0.0000 0.0000 0.0000 0.0000 0.0000 0.0000 0.0000 0.0000 0.0001 0.0000 0.0001 0.0002 0.0002 0.0002 0.0004 0.0009 0.0015 0.0008 0.0022 0.0014
0.0818 0.1602 0.3744 0.7968 0.4015 0.7003 0.0166 0.0268 0.0007 0.0011 0.0003 0.0002 0.0001 0.0004 0.0015 0.0007 0.0045 0.0758 0.0377 0.1847 0.1322 0.6701 0.9520 0.9556 0.9998 1.0000 0.9998 0.9888 0.9912 0.9450 0.0406 0.0027 0.0018 0.0032 0.0142 0.0008 0.0005 0.0004 0.0014 0.0004 0.0004 0.0004 0.0061 0.0030 0.0221 0.0030 0.0109 0.0021 0.0151 0.0040 0.0012 0.0005 0.0123 0.0136 0.0008 0.0016 0.0582 0.0325 0.0018 0.0417 0.1889 0.0144 0.0030 0.0976 0.0087 0.2261 0.0016 0.0336 0.0127 0.0051 0.0026 0.0005 0.0002 0.0001 0.0000 0.0000 0.0000 0.0000 0.0000 0.0000 0.0000 0.0000 0.0000 0.0000 0.0000 0.0002 0.0000 0.0002 0.0005 0.0005 0.0014 0.0153 0.0242 0.1041 0.0139 0.0529 0.0052
0.0065 0.0066 0.0187 0.1125 0.0965 0.7566 0.0654 0.1934 0.0049 0.0043 0.0005 0.0003 0.0002 0.0014 0.0099 0.0032 0.0115 0.2102 0.1382 0.5315 0.1424 0.3995 0.8971 0.9820 0.9865 0.9998 1.0000 0.9999 0.9884 0.9882 0.9685 0.1292 0.0296 0.1116 0.5050 0.0214 0.0079 0.0039 0.0150 0.0012 0.0007 0.0008 0.0132 0.0043 0.0283 0.0413 0.1203 0.0256 0.2280 0.0608 0.0351 0.0027 0.0579 0.2105 0.0205 0.0061 0.2156 0.0891 0.0029 0.0152 0.0705 0.0017 0.0002 0.0042 0.0007 0.0110 0.0004 0.0149 0.0083 0.0048 0.0040 0.0004 0.0002 0.0001 0.0000 0.0000 0.0000 0.0000 0.0000 0.0000 0.0000 0.0000 0.0000 0.0000 0.0000 0.0002 0.0000 0.0001 0.0007 0.0010 0.0015 0.0191 0.0157 0.1923 0.0088 0.0298 0.0019
0.0104 0.0091 0.0156 0.0303 0.0049 0.0344 0.0008 0.0017 0.0002 0.0002 0.0002 0.0002 0.0001 0.0002 0.0013 0.0005 0.0008 0.0062 0.0059 0.0548 0.0054 0.0184 0.0512 0.9694 0.9899 0.9888 0.9999 1.0000 0.9999 0.9632 0.9582 0.8929 0.2638 0.3202 0.7290 0.1326 0.0666 0.0096 0.0218 0.0056 0.0017 0.0025 0.0308 0.0084 0.0206 0.0469 0.1027 0.0257 0.0980 0.0139 0.0164 0.0005 0.0017 0.0083 0.0023 0.0004 0.0054 0.0020 0.0001 0.0011 0.0011 0.0000 0.0000 0.0009 0.0000 0.0007 0.0000 0.0003 0.0003 0.0004 0.0003 0.0002 0.0001 0.0000 0.0000 0.0000 0.0000 0.0000 0.0000 0.0000 0.0000 0.0000 0.0000 0.0000 0.0000 0.0000 0.0000 0.0001 0.0002 0.0003 0.0001 0.0002 0.0003 0.0018 0.0004 0.0022 0.0008
0.0862 0.1078 0.1417 0.2789 0.0459 0.1037 0.0011 0.0023 0.0002 0.0003 0.0002 0.0002 0.0000 0.0001 0.0003 0.0002 0.0005 0.0022 0.0019 0.0060 0.0032 0.0082 0.0104 0.0109 0.9513 0.9912 0.9884 0.9999 1.0000 0.9998 0.8920 0.7771 0.2214 0.0297 0.0553 0.0034 0.0046 0.0012 0.0018 0.0005 0.0004 0.0003 0.0019 0.0009 0.0027 0.0026 0.0055 0.0011 0.0038 0.0007 0.0004 0.0002 0.0007 0.0008 0.0001 0.0003 0.0081 0.0008 0.0002 0.0314 0.0206 0.0003 0.0014 0.1011 0.0077 0.0434 0.0009 0.0023 0.0019 0.0011 0.0004 0.0002 0.0001 0.0001 0.0001 0.0000 0.0000 0.0000 0.0000 0.0000 0.0000 0.0000 0.0000 0.0000 0.0000 0.0001 0.0001 0.0001 0.0003 0.0003 0.0001 0.0005 0.0013 0.0051 0.0025 0.0153 0.0019
0.0197 0.0286 0.0716 0.2393 0.1451 0.6223 0.0494 0.1639 0.0051 0.0047 0.0006 0.0004 0.0002 0.0009 0.0033 0.0008 0.0029 0.0414 0.0113 0.0682 0.0131 0.0224 0.0069 0.0022 0.0096 0.9450 0.9882 0.9632 0.9998 1.0000 0.9997 0.7480 0.1870 0.1719 0.0773 0.0019 0.0021 0.0009 0.0014 0.0003 0.0002 0.0002 0.0018 0.0007 0.0029 0.0080 0.0127 0.0032 0.0436 0.0033 0.0029 0.0010 0.0246 0.0489 0.0019 0.0123 0.3046 0.0639 0.0051 0.2299 0.4416 0.0070 0.0111 0.2490 0.0417 0.3364 0.0067 0.0723 0.0327 0.0108 0.0048 0.0006 0.0004 0.0002 0.0001 0.0001 0.0001 0.0000 0.0000 0.0000 0.0000 0.0000 0.0000 0.0000 0.0001 0.0002 0.0001 0.0002 0.0009 0.0009 0.0019 0.0167 0.0250 0.1824 0.0204 0.1107 0.0106
0.0044 0.0046 0.0062 0.0178 0.0074 0.1352 0.0077 0.0785 0.0044 0.0065 0.0005 0.0004 0.0002 0.0010 0.0044 0.0016 0.0037 0.0434 0.0091 0.0481 0.0055 0.0089 0.0065 0.0213 0.0041 0.0406 0.9685 0.9582 0.8920 0.9997 1.0000 0.9992 0.7876 0.7307 0.8986 0.1073 0.0508 0.0161 0.0323 0.0030 0.0011 0.0014 0.0358 0.0113 0.0348 0.0966 0.1739 0.0448 0.2329 0.0290 0.0305 0.0029 0.0303 0.0900 0.0041 0.0099 0.1247 0.0164 0.0010 0.0388 0.0695 0.0014 0.0016 0.0356 0.0022 0.0125 0.0007 0.0060 0.0038 0.0024 0.0013 0.0004 0.0002 0.0002 0.0001 0.0001 0.0001 0.0000 0.0000 0.0000 0.0000 0.0000 0.0000 0.0000 0.0001 0.0002 0.0001 0.0002 0.0006 0.0007 0.0008 0.0032 0.0027 0.0494 0.0043 0.0506 0.0041
0.0092 0.0110 0.0074 0.0111 0.0016 0.0050 0.0007 0.0024 0.0009 0.0005 0.0002 0.0002 0.0001 0.0003 0.0005 0.0005 0.0005 0.0012 0.0004 0.0014 0.0005 0.0007 0.0008 0.0092 0.0048 0.0027 0.1292 0.8929 0.7771 0.7480 0.9992 1.0000 0.9997 0.9074 0.7764 0.3494 0.1303 0.0312 0.0529 0.0097 0.0033 0.0024 0.0202 0.0138 0.0371 0.0465 0.0644 0.0171 0.0463 0.0066 0.0073 0.0020 0.0048 0.0053 0.0010 0.0035 0.0097 0.0009 0.0005 0.0085 0.0058 0.0004 0.0012 0.0128 0.0008 0.0016 0.0003 0.0006 0.0008 0.0009 0.0004 0.0002 0.0002 0.0002 0.0001 0.0001 0.0001 0.0001 0.0000 0.0000 0.0000 0.0000 0.0000 0.0000 0.0001 0.0001 0.0001 0.0001 0.0003 0.0003 0.0003 0.0003 0.0004 0.0011 0.0008 0.0082 0.0019
0.0068 0.0113 0.0061 0.0069 0.0009 0.0022 0.0004 0.0014 0.0007 0.0005 0.0003 0.0003 0.0001 0.0002 0.0003 0.0004 0.0004 0.0005 0.0003 0.0009 0.0002 0.0004 0.0004 0.0045 0.0044 0.0018 0.0296 0.2638 0.2214 0.1870 0.7876 0.9997 1.0000 0.9997 0.8160 0.3758 0.2608 0.0309 0.0235 0.0039 0.0028 0.0026 0.0158 0.0100 0.0329 0.0553 0.0530 0.0274 0.0592 0.0190 0.0069 0.0032 0.0043 0.0024 0.0007 0.0021 0.0064 0.0004 0.0007 0.0119 0.0033 0.0003 0.0024 0.0149 0.0007 0.0010 0.0003 0.0004 0.0006 0.0005 0.0004 0.0002 0.0002 0.0001 0.0001 0.0001 0.0001 0.0001 0.0000 0.0000 0.0000 0.0000 0.0001 0.0000 0.0000 0.0001 0.0000 0.0001 0.0001 0.0003 0.0001 0.0001 0.0002 0.0005 0.0004 0.0068 0.0017
0.0025 0.0028 0.0020 0.0036 0.0007 0.0049 0.0007 0.0052 0.0018 0.0012 0.0004 0.0003 0.0002 0.0003 0.0005 0.0005 0.0008 0.0026 0.0008 0.0059 0.0012 0.0017 0.0017 0.0277 0.0112 0.0032 0.1116 0.3202 0.0297 0.1719 0.7307 0.9074 0.9997 1.0000 0.9993 0.8326 0.4561 0.1140 0.0479 0.0063 0.0033 0.0032 0.0277 0.0112 0.0393 0.0522 0.1068 0.0450 0.1134 0.0164 0.0087 0.0054 0.0386 0.0167 0.0020 0.0225 0.0741 0.0028 0.0039 0.0772 0.0213 0.0013 0.0053 0.0187 0.0009 0.0027 0.0002 0.0004 0.0008 0.0007 0.0004 0.0002 0.0002 0.0002 0.0002 0.0001 0.0002 0.0001 0.0001 0.0001 0.0000 0.0001 0.0001 0.0000 0.0001 0.0001 0.0000 0.0001 0.0002 0.0002 0.0003 0.0003 0.0003 0.0012 0.0005 0.0027 0.0011
0.0016 0.0014 0.0015 0.0047 0.0008 0.0145 0.0005 0.0044 0.0012 0.0018 0.0004 0.0003 0.0002 0.0003 0.0008 0.0005 0.0012 0.0151 0.0019 0.0882 0.0042 0.0093 0.0219 0.2810 0.0777 0.0142 0.5050 0.7290 0.0553 0.0773 0.8986 0.7764 0.8160 0.9993 1.0000 0.9994 0.8278 0.2651 0.4790 0.0433 0.0204 0.0169 0.2616 0.0571 0.1206 0.1700 0.2844 0.0865 0.2248 0.0254 0.0203 0.0037 0.0127 0.0292 0.0014 0.0037 0.0400 0.0037 0.0008 0.0075 0.0140 0.0004 0.0004 0.0010 0.0002 0.0010 0.0002 0.0007 0.0014 0.0008 0.0007 0.0004 0.0003 0.0002 0.0002 0.0002 0.0002 0.0001 0.0001 0.0001 0.0000 0.0001 0.0001 0.0001 0.0002 0.0002 0.0001 0.0002 0.0004 0.0003 0.0003 0.0007 0.0007 0.0026 0.0005 0.0020 0.0008
0.0012 0.0010 0.0008 0.0010 0.0002 0.0005 0.0001 0.0003 0.0003 0.0003 0.0003 0.0002 0.0002 0.0002 0.0003 0.0004 0.0004 0.0009 0.0005 0.0066 0.0012 0.0023 0.0049 0.0692 0.0074 0.0008 0.0214 0.1326 0.0034 0.0019 0.1073 0.3494 0.3758 0.8326 0.9994 1.0000 0.9993 0.8490 0.6135 0.1148 0.0360 0.0233 0.1837 0.1095 0.1543 0.1452 0.1185 0.0477 0.0575 0.0097 0.0040 0.0018 0.0022 0.0025 0.0007 0.0007 0.0022 0.0002 0.0003 0.0010 0.0005 0.0001 0.0002 0.0004 0.0001 0.0002 0.0001 0.0002 0.0004 0.0004 0.0003 0.0002 0.0002 0.0002 0.0001 0.0002 0.0002 0.0002 0.0001 0.0001 0.0001 0.0001 0.0002 0.0001 0.0001 0.0001 0.0001 0.0001 0.0002 0.0002 0.0001 0.0001 0.0001 0.0001 0.0001 0.0005 0.0007
0.0010 0.0010 0.0007 0.0008 0.0002 0.0003 0.0001 0.0003 0.0003 0.0002 0.0002 0.0002 0.0001 0.0001 0.0002 0.0003 0.0004 0.0007 0.0004 0.0020 0.0016 0.0044 0.0126 0.0508 0.0077 0.0005 0.0079 0.0666 0.0046 0.0021 0.0508 0.1303 0.2608 0.4561 0.8278 0.9993 1.0000 0.9995 0.8301 0.0953 0.0402 0.0177 0.1006 0.0613 0.0619 0.0721 0.0480 0.0214 0.0166 0.0054 0.0033 0.0017 0.0012 0.0009 0.0005 0.0010 0.0016 0.0002 0.0004 0.0012 0.0004 0.0001 0.0004 0.0004 0.0001 0.0001 0.0001 0.0001 0.0004 0.0003 0.0002 0.0002 0.0002 0.0002 0.0001 0.0002 0.0002 0.0002 0.0001 0.0001 0.0001 0.0002 0.0002 0.0001 0.0001 0.0001 0.0001 0.0002 0.0002 0.0002 0.0001 0.0001 0.0001 0.0001 0.0002 0.0005 0.0005
0.0007 0.0005 0.0004 0.0003 0.0001 0.0001 0.0001 0.0001 0.0001 0.0001 0.0001 0.0002 0.0001 0.0001 0.0002 0.0003 0.0003 0.0003 0.0003 0.0014 0.0011 0.0021 0.0046 0.0191 0.0024 0.0004 0.0039 0.0096 0.0012 0.0009 0.0161 0.0312 0.0309 0.1140 0.2651 0.8490 0.9995 1.0000 0.9989 0.6657 0.1060 0.0567 0.1738 0.0615 0.0578 0.0287 0.0325 0.0162 0.0086 0.0032 0.0019 0.0012 0.0007 0.0008 0.0003 0.0007 0.0016 0.0002 0.0004 0.0006 0.0003 0.0001 0.0002 0.0002 0.0000 0.0000 0.0001 0.0001 0.0002 0.0002 0.0002 0.0002 0.0002 0.0001 0.0001 0.0002 0.0002 0.0002 0.0002 0.0002 0.0001 0.0002 0.0002 0.0001 0.0001 0.0002 0.0001 0.0002 0.0002 0.0002 0.0001 0.0000 0.0001 0.0001 0.0001 0.0003 0.0005
0.0006 0.0003 0.0003 0.0002 0.0001 0.0001 0.0001 0.0001 0.0002 0.0001 0.0002 0.0002 0.0001 0.0002 0.0005 0.0004 0.0010 0.0020 0.0027 0.0224 0.0100 0.0184 0.0313 0.0906 0.0098 0.0014 0.0150 0.0218 0.0018 0.0014 0.0323 0.0529 0.0235 0.0479 0.4790 0.6135 0.8301 0.9989 1.0000 0.9991 0.6362 0.2032 0.8137 0.2290 0.1808 0.1005 0.1547 0.0564 0.0216 0.0070 0.0036 0.0011 0.0007 0.0008 0.0003 0.0003 0.0004 0.0001 0.0001 0.0002 0.0001 0.0000 0.0001 0.0000 0.0000 0.0000 0.0000 0.0000 0.0001 0.0001 0.0001 0.0001 0.0001 0.0001 0.0001 0.0001 0.0001 0.0001 0.0001 0.0001 0.0001 0.0003 0.0002 0.0001 0.0001 0.0001 0.0001 0.0001 0.0002 0.0001 0.0001 0.0000 0.0001 0.0001 0.0001 0.0003 0.0004
0.0005 0.0003 0.0002 0.0001 0.0001 0.0000 0.0000 0.0001 0.0001 0.0001 0.0001 0.0002 0.0001 0.0001 0.0004 0.0004 0.0011 0.0009 0.0010 0.0025 0.0059 0.0122 0.0143 0.0194 0.0025 0.0004 0.0012 0.0056 0.0005 0.0003 0.0030 0.0097 0.0039 0.0063 0.0433 0.1148 0.0953 0.6657 0.9991 1.0000 0.9990 0.9532 0.8573 0.2274 0.0496 0.0319 0.0356 0.0134 0.0046 0.0028 0.0010 0.0004 0.0003 0.0001 0.0001 0.0001 0.0000 0.0000 0.0000 0.0000 0.0000 0.0000 0.0000 0.0000 0.0000 0.0000 0.0000 0.0000 0.0001 0.0000 0.0000 0.0001 0.0001 0.0001 0.0001 0.0001 0.0001 0.0001 0.0001 0.0001 0.0002 0.0003 0.0003 0.0001 0.0002 0.0003 0.0002 0.0002 0.0001 0.0001 0.0000 0.0000 0.0000 0.0000 0.0001 0.0001 0.0004
0.0007 0.0003 0.0003 0.0001 0.0001 0.0000 0.0000 0.0000 0.0001 0.0001 0.0001 0.0001 0.0002 0.0001 0.0003 0.0004 0.0007 0.0004 0.0007 0.0010 0.0059 0.0260 0.0232 0.0074 0.0019 0.0004 0.0007 0.0017 0.0004 0.0002 0.0011 0.0033 0.0028 0.0033 0.0204 0.0360 0.0402 0.1060 0.6362 0.9990 1.0000 0.9996 0.8497 0.2799 0.1119 0.0277 0.0299 0.0125 0.0042 0.0034 0.0012 0.0007 0.0003 0.0002 0.0001 0.0001 0.0000 0.0000 0.0001 0.0000 0.0000 0.0000 0.0000 0.0000 0.0000 0.0000 0.0000 0.0000 0.0001 0.0001 0.0001 0.0001 0.0001 0.0001 0.0001 0.0003 0.0003 0.0003 0.0003 0.0003 0.0003 0.0004 0.0004 0.0004 0.0002 0.0003 0.0002 0.0001 0.0001 0.0001 0.0001 0.0000 0.0001 0.0000 0.0001 0.0001 0.0004
0.0007 0.0004 0.0003 0.0003 0.0001 0.0000 0.0001 0.0001 0.0001 0.0001 0.0001 0.0002 0.0001 0.0003 0.0005 0.0008 0.0017 0.0005 0.0015 0.0031 0.0180 0.0472 0.0259 0.0073 0.0020 0.0004 0.0008 0.0025 0.0003 0.0002 0.0014 0.0024 0.0026 0.0032 0.0169 0.0233 0.0177 0.0567 0.2032 0.9532 0.9996 1.0000 0.9992 0.6689 0.1626 0.1459 0.0574 0.0154 0.0046 0.0036 0.0012 0.0004 0.0003 0.0002 0.0002 0.0001 0.0000 0.0000 0.0001 0.0001 0.0000 0.0000 0.0000 0.0000 0.0000 0.0000 0.0001 0.0000 0.0001 0.0001 0.0001 0.0002 0.0002 0.0003 0.0003 0.0003 0.0004 0.0004 0.0005 0.0005 0.0005 0.0006 0.0007 0.0004 0.0004 0.0004 0.0003 0.0003 0.0002 0.0001 0.0001 0.0000 0.0001 0.0001 0.0001 0.0003 0.0005
0.0008 0.0005 0.0005 0.0004 0.0003 0.0003 0.0003 0.0003 0.0003 0.0004 0.0003 0.0006 0.0005 0.0007 0.0027 0.0026 0.0078 0.0057 0.0194 0.0444 0.0810 0.1019 0.0894 0.0463 0.0130 0.0061 0.0132 0.0308 0.0019 0.0018 0.0358 0.0202 0.0158 0.0277 0.2616 0.1837 0.1006 0.1738 0.8137 0.8573 0.8497 0.9992 1.0000 0.9988 0.7915 0.4113 0.4752 0.1362 0.0446 0.0163 0.0073 0.0013 0.0012 0.0008 0.0004 0.0002 0.0002 0.0002 0.0001 0.0001 0.0000 0.0001 0.0000 0.0000 0.0000 0.0000 0.0001 0.0001 0.0003 0.0003 0.0005 0.0004 0.0004 0.0004 0.0005 0.0005 0.0007 0.0007 0.0007 0.0006 0.0005 0.0009 0.0009 0.0004 0.0006 0.0007 0.0003 0.0004 0.0004 0.0002 0.0002 0.0002 0.0003 0.0003 0.0003 0.0003 0.0005
0.0009 0.0006 0.0005 0.0005 0.0003 0.0002 0.0003 0.0003 0.0004 0.0005 0.0006 0.0010 0.0010 0.0011 0.0038 0.0063 0.0144 0.0072 0.0664 0.0782 0.1087 0.0890 0.0510 0.0226 0.0107 0.0030 0.0043 0.0084 0.0009 0.0007 0.0113 0.0138 0.0100 0.0112 0.0571 0.1095 0.0613 0.0615 0.2290 0.2274 0.2799 0.6689 0.9988 1.0000 0.9994 0.8382 0.4827 0.2761 0.0347 0.0115 0.0059 0.0025 0.0014 0.0007 0.0004 0.0003 0.0002 0.0001 0.0001 0.0000 0.0000 0.0001 0.0000 0.0000 0.0000 0.0000 0.0000 0.0001 0.0003 0.0004 0.0005 0.0006 0.0007 0.0007 0.0006 0.0007 0.0008 0.0008 0.0009 0.0009 0.0009 0.0013 0.0010 0.0007 0.0008 0.0010 0.0006 0.0005 0.0005 0.0003 0.0002 0.0002 0.0002 0.0001 0.0003 0.0003 0.0005
0.0010 0.0007 0.0007 0.0007 0.0005 0.0005 0.0004 0.0008 0.0008 0.0010 0.0010 0.0017 0.0016 0.0018 0.0045 0.0098 0.0188 0.0221 0.0999 0.0945 0.0742 0.0534 0.0360 0.0457 0.0134 0.0221 0.0283 0.0206 0.0027 0.0029 0.0348 0.0371 0.0329 0.0393 0.1206 0.1543 0.0619 0.0578 0.1808 0.0496 0.1119 0.1626 0.7915 0.9994 1.0000 0.9992 0.8616 0.3573 0.2403 0.0373 0.0115 0.0058 0.0045 0.0012 0.0007 0.0006 0.0003 0.0002 0.0001 0.0001 0.0000 0.0001 0.0000 0.0000 0.0000 0.0000 0.0001 0.0002 0.0005 0.0008 0.0012 0.0014 0.0015 0.0014 0.0014 0.0012 0.0012 0.0011 0.0011 0.0010 0.0012 0.0017 0.0014 0.0009 0.0015 0.0021 0.0010 0.0009 0.0009 0.0007 0.0005 0.0004 0.0005 0.0003 0.0004 0.0004 0.0006
0.0008 0.0006 0.0008 0.0008 0.0008 0.0007 0.0005 0.0016 0.0022 0.0028 0.0034 0.0071 0.0071 0.0080 0.0176 0.0689 0.0991 0.1129 0.1569 0.0978 0.0671 0.0399 0.0454 0.0671 0.0093 0.0030 0.0413 0.0469 0.0026 0.0080 0.0966 0.0465 0.0553 0.0522 0.1700 0.1452 0.0721 0.0287 0.1005 0.0319 0.0277 0.1459 0.4113 0.8382 0.9992 1.0000 0.9987 0.7465 0.2748 0.1904 0.0164 0.0055 0.0042 0.0023 0.0008 0.0005 0.0004 0.0002 0.0001 0.0001 0.0000 0.0001 0.0000 0.0000 0.0000 0.0000 0.0000 0.0001 0.0004 0.0008 0.0013 0.0015 0.0019 0.0021 0.0019 0.0015 0.0012 0.0010 0.0010 0.0008 0.0008 0.0018 0.0015 0.0008 0.0017 0.0028 0.0010 0.0010 0.0016 0.0010 0.0007 0.0005 0.0004 0.0003 0.0003 0.0004 0.0005
0.0008 0.0007 0.0010 0.0010 0.0008 0.0016 0.0011 0.0069 0.0050 0.0114 0.0070 0.0103 0.0131 0.0179 0.0406 0.0893 0.1341 0.1590 0.1379 0.1664 0.0894 0.0781 0.0967 0.2706 0.0326 0.0109 0.1203 0.1027 0.0055 0.0127 0.1739 0.0644 0.0530 0.1068 0.2844 0.1185 0.0480 0.0325 0.1547 0.0356 0.0299 0.0574 0.4752 0.4827 0.8616 0.9987 1.0000 0.9990 0.8663 0.2430 0.1916 0.0166 0.0244 0.0171 0.0018 0.0012 0.0019 0.0033 0.0002 0.0001 0.0002 0.0002 0.0000 0.0000 0.0000 0.0000 0.0000 0.0004 0.0005 0.0015 0.0030 0.0019 0.0026 0.0023 0.0022 0.0017 0.0014 0.0012 0.0016 0.0010 0.0010 0.0036 0.0021 0.0010 0.0053 0.0095 0.0016 0.0020 0.0042 0.0027 0.0011 0.0016 0.0007 0.0007 0.0004 0.0004 0.0004
0.0007 0.0007 0.0009 0.0009 0.0009 0.0008 0.0004 0.0030 0.0029 0.0100 0.0056 0.0088 0.0130 0.0706 0.0765 0.0986 0.1188 0.0927 0.0675 0.0596 0.0728 0.0498 0.0277 0.0606 0.0044 0.0021 0.0256 0.0257 0.0011 0.0032 0.0448 0.0171 0.0274 0.0450 0.0865 0.0477 0.0214 0.0162 0.0564 0.0134 0.0125 0.0154 0.1362 0.2761 0.3573 0.7465 0.9990 1.0000 0.9992 0.8196 0.2452 0.1646 0.0761 0.0439 0.0049 0.0008 0.0010 0.0009 0.0001 0.0000 0.0000 0.0000 0.0000 0.0000 0.0000 0.0000 0.0000 0.0000 0.0002 0.0005 0.0011 0.0010 0.0019 0.0017 0.0018 0.0015 0.0013 0.0012 0.0026 0.0012 0.0014 0.0076 0.0048 0.0012 0.0069 0.0104 0.0021 0.0023 0.0053 0.0027 0.0010 0.0013 0.0003 0.0002 0.0001 0.0003 0.0003
0.0006 0.0005 0.0012 0.0022 0.0017 0.0049 0.0017 0.0372 0.0135 0.0567 0.0161 0.0197 0.0226 0.0967 0.1244 0.0961 0.1971 0.2710 0.1513 0.3161 0.2153 0.1209 0.0989 0.2201 0.0138 0.0151 0.2280 0.0980 0.0038 0.0436 0.2329 0.0463 0.0592 0.1134 0.2248 0.0575 0.0166 0.0086 0.0216 0.0046 0.0042 0.0046 0.0446 0.0347 0.2403 0.2748 0.8663 0.9992 1.0000 0.9992 0.8185 0.2796 0.5721 0.6338 0.0921 0.0209 0.1421 0.0749 0.0014 0.0004 0.0007 0.0003 0.0000 0.0000 0.0000 0.0000 0.0000 0.0004 0.0004 0.0011 0.0041 0.0020 0.0029 0.0014 0.0011 0.0008 0.0008 0.0005 0.0005 0.0003 0.0004 0.0011 0.0009 0.0004 0.0014 0.0043 0.0012 0.0025 0.0067 0.0084 0.0027 0.0120 0.0007 0.0013 0.0001 0.0003 0.0003
0.0007 0.0007 0.0011 0.0018 0.0016 0.0014 0.0004 0.0028 0.0028 0.0161 0.0084 0.0369 0.0608 0.0690 0.0623 0.0302 0.0401 0.0469 0.0309 0.0659 0.1072 0.0367 0.0461 0.0811 0.0060 0.0040 0.0608 0.0139 0.0007 0.0033 0.0290 0.0066 0.0190 0.0164 0.0254 0.0097 0.0054 0.0032 0.0070 0.0028 0.0034 0.0036 0.0163 0.0115 0.0373 0.1904 0.2430 0.8196 0.9992 1.0000 0.9992 0.8794 0.7240 0.7206 0.1283 0.0171 0.0055 0.0037 0.0002 0.0000 0.0000 0.0000 0.0000 0.0000 0.0000 0.0000 0.0000 0.0000 0.0000 0.0003 0.0008 0.0007 0.0011 0.0010 0.0010 0.0009 0.0008 0.0005 0.0006 0.0005 0.0006 0.0023 0.0016 0.0006 0.0034 0.0105 0.0023 0.0042 0.0185 0.0077 0.0009 0.0040 0.0003 0.0003 0.0000 0.0001 0.0001
0.0006 0.0006 0.0016 0.0026 0.0023 0.0066 0.0010 0.0245 0.0148 0.1142 0.0310 0.0644 0.0615 0.0692 0.1588 0.0792 0.0854 0.1418 0.0453 0.0527 0.0411 0.0114 0.0083 0.0643 0.0025 0.0012 0.0351 0.0164 0.0004 0.0029 0.0305 0.0073 0.0069 0.0087 0.0203 0.0040 0.0033 0.0019 0.0036 0.0010 0.0012 0.0012 0.0073 0.0059 0.0115 0.0164 0.1916 0.2452 0.8185 0.9992 1.0000 0.9994 0.9579 0.9445 0.8938 0.0377 0.0091 0.0139 0.0039 0.0001 0.0000 0.0000 0.0000 0.0000 0.0000 0.0000 0.0000 0.0004 0.0002 0.0010 0.0027 0.0017 0.0019 0.0011 0.0009 0.0007 0.0007 0.0005 0.0005 0.0004 0.0005 0.0022 0.0019 0.0009 0.0057 0.0161 0.0038 0.0123 0.0700 0.0415 0.0049 0.0424 0.0016 0.0019 0.0001 0.0003 0.0002
0.0005 0.0006 0.0012 0.0011 0.0010 0.0012 0.0004 0.0022 0.0023 0.0087 0.0044 0.0212 0.0253 0.0104 0.0190 0.0330 0.0176 0.0166 0.0133 0.0211 0.0306 0.0060 0.0071 0.0065 0.0004 0.0005 0.0027 0.0005 0.0002 0.0010 0.0029 0.0020 0.0032 0.0054 0.0037 0.0018 0.0017 0.0012 0.0011 0.0004 0.0007 0.0004 0.0013 0.0025 0.0058 0.0055 0.0166 0.1646 0.2796 0.8794 0.9994 1.0000 0.9997 0.9604 0.9573 0.9143 0.0090 0.0019 0.0015 0.0003 0.0000 0.0000 0.0000 0.0000 0.0000 0.0000 0.0000 0.0000 0.0000 0.0003 0.0006 0.0007 0.0009 0.0007 0.0005 0.0005 0.0004 0.0003 0.0003 0.0003 0.0004 0.0007 0.0008 0.0004 0.0009 0.0019 0.0008 0.0014 0.0047 0.0062 0.0004 0.0017 0.0001 0.0002 0.0000 0.0001 0.0001
0.0005 0.0005 0.0019 0.0033 0.0041 0.0106 0.0018 0.0584 0.0373 0.0983 0.0194 0.0686 0.0374 0.0565 0.2272 0.2072 0.1339 0.2497 0.1851 0.2765 0.2982 0.0865 0.0833 0.0619 0.0017 0.0123 0.0579 0.0017 0.0007 0.0246 0.0303 0.0048 0.0043 0.0386 0.0127 0.0022 0.0012 0.0007 0.0007 0.0003 0.0003 0.0003 0.0012 0.0014 0.0045 0.0042 0.0244 0.0761 0.5721 0.7240 0.9579 0.9997 1.0000 0.9996 0.9865 0.9880 0.9471 0.0058 0.0011 0.0008 0.0001 0.0000 0.0000 0.0000 0.0000 0.0000 0.0000 0.0004 0.0000 0.0003 0.0010 0.0005 0.0007 0.0004 0.0003 0.0003 0.0003 0.0001 0.0002 0.0001 0.0001 0.0003 0.0003 0.0001 0.0004 0.0012 0.0005 0.0012 0.0066 0.0203 0.0012 0.0066 0.0004 0.0005 0.0000 0.0001 0.0001
0.0005 0.0003 0.0013 0.0033 0.0019 0.0391 0.0066 0.3476 0.0639 0.2403 0.0159 0.0278 0.0157 0.0556 0.2219 0.0791 0.0972 0.4716 0.1919 0.3982 0.2358 0.0860 0.0693 0.1319 0.0025 0.0136 0.2105 0.0083 0.0008 0.0489 0.0900 0.0053 0.0024 0.0167 0.0292 0.0025 0.0009 0.0008 0.0008 0.0001 0.0002 0.0002 0.0008 0.0007 0.0012 0.0023 0.0171 0.0439 0.6338 0.7206 0.9445 0.9604 0.9996 1.0000 0.9998 0.9886 0.9893 0.9677 0.0033 0.0003 0.0005 0.0001 0.0000 0.0000 0.0000 0.0002 0.0000 0.0154 0.0007 0.0049 0.0147 0.0019 0.0019 0.0005 0.0002 0.0001 0.0001 0.0001 0.0001 0.0000 0.0001 0.0001 0.0002 0.0001 0.0006 0.0058 0.0007 0.0049 0.0726 0.0443 0.0115 0.2363 0.0147 0.0670 0.0003 0.0004 0.0003
0.0005 0.0005 0.0007 0.0009 0.0004 0.0015 0.0008 0.0164 0.0021 0.0111 0.0011 0.0020 0.0012 0.0028 0.0114 0.0063 0.0067 0.0332 0.0183 0.0371 0.0408 0.0116 0.0081 0.0345 0.0005 0.0008 0.0205 0.0023 0.0001 0.0019 0.0041 0.0010 0.0007 0.0020 0.0014 0.0007 0.0005 0.0003 0.0003 0.0001 0.0001 0.0002 0.0004 0.0004 0.0007 0.0008 0.0018 0.0049 0.0921 0.1283 0.8938 0.9573 0.9865 0.9998 1.0000 0.9997 0.9911 0.9918 0.9760 0.0029 0.0003 0.0005 0.0001 0.0000 0.0000 0.0000 0.0000 0.0037 0.0002 0.0014 0.0082 0.0022 0.0024 0.0004 0.0002 0.0001 0.0001 0.0001 0.0001 0.0000 0.0000 0.0001 0.0001 0.0001 0.0002 0.0010 0.0004 0.0015 0.0093 0.0057 0.0014 0.0297 0.0017 0.0088 0.0002 0.0005 0.0003
0.0005 0.0004 0.0006 0.0006 0.0003 0.0014 0.0006 0.0131 0.0025 0.0146 0.0018 0.0049 0.0029 0.0082 0.0660 0.0960 0.0344 0.1058 0.0454 0.0826 0.0631 0.0177 0.0072 0.0032 0.0002 0.0016 0.0061 0.0004 0.0003 0.0123 0.0099 0.0035 0.0021 0.0225 0.0037 0.0007 0.0010 0.0007 0.0003 0.0001 0.0001 0.0001 0.0002 0.0003 0.0006 0.0005 0.0012 0.0008 0.0209 0.0171 0.0377 0.9143 0.9880 0.9886 0.9997 1.0000 0.9998 0.9901 0.9931 0.9779 0.0025 0.0003 0.0009 0.0003 0.0000 0.0001 0.0000 0.0005 0.0000 0.0001 0.0006 0.0003 0.0005 0.0001 0.0001 0.0001 0.0000 0.0000 0.0000 0.0000 0.0000 0.0001 0.0001 0.0000 0.0001 0.0002 0.0001 0.0003 0.0007 0.0019 0.0002 0.0014 0.0002 0.0007 0.0000 0.0002 0.0001
0.0006 0.0005 0.0014 0.0042 0.0038 0.0613 0.0201 0.3806 0.0695 0.1411 0.0122 0.0118 0.0055 0.0398 0.2966 0.1846 0.1795 0.5229 0.2649 0.4658 0.3493 0.1495 0.0870 0.0406 0.0015 0.0582 0.2156 0.0054 0.0081 0.3046 0.1247 0.0097 0.0064 0.0741 0.0400 0.0022 0.0016 0.0016 0.0004 0.0000 0.0000 0.0000 0.0002 0.0002 0.0003 0.0004 0.0019 0.0010 0.1421 0.0055 0.0091 0.0090 0.9471 0.9893 0.9911 0.9998 1.0000 0.9998 0.9927 0.9945 0.9805 0.0038 0.0005 0.0006 0.0002 0.0160 0.0005 0.0320 0.0007 0.0016 0.0034 0.0004 0.0004 0.0001 0.0000 0.0001 0.0000 0.0000 0.0000 0.0000 0.0000 0.0000 0.0000 0.0000 0.0001 0.0003 0.0001 0.0002 0.0027 0.0038 0.0025 0.1225 0.0087 0.1274 0.0010 0.0010 0.0003
0.0014 0.0021 0.0061 0.0177 0.0185 0.1221 0.0182 0.2789 0.0077 0.0132 0.0012 0.0010 0.0007 0.0057 0.0261 0.0087 0.0083 0.1377 0.0545 0.1779 0.1112 0.0457 0.0888 0.0602 0.0015 0.0325 0.0891 0.0020 0.0008 0.0639 0.0164 0.0009 0.0004 0.0028 0.0037 0.0002 0.0002 0.0002 0.0001 0.0000 0.0000 0.0000 0.0002 0.0001 0.0002 0.0002 0.0033 0.0009 0.0749 0.0037 0.0139 0.0019 0.0058 0.9677 0.9918 0.9901 0.9998 1.0000 0.9998 0.9905 0.9955 0.9817 0.0045 0.0005 0.0005 0.2255 0.0166 0.6683 0.0161 0.0139 0.0632 0.0032 0.0016 0.0003 0.0001 0.0000 0.0000 0.0000 0.0000 0.0000 0.0000 0.0000 0.0000 0.0000 0.0001 0.0004 0.0002 0.0005 0.0031 0.0052 0.0034 0.2638 0.0584 0.6394 0.0142 0.0170 0.0021
