1.0000 0.9984 0.7859 0.1108 0.0268 0.0088 0.0038 0.0027 0.0024 0.0020 0.0030 0.0034 0.0138 0.0210 0.0345 0.0692 0.0329 0.0310 0.0300 0.0247 0.0164 0.0095 0.0091 0.0030 0.0032 0.0026 0.0034 0.0065 0.0081 0.0113 0.0126 0.0214 0.0379 0.0466 0.0301 0.0170 0.0108 0.0071 0.0063 0.0054 0.0043 0.0039 0.0030 0.0022 0.0022 0.0022 0.0016 0.0015 0.0018 0.0019 0.0015 0.0019 0.0043 0.0033 0.0031 0.0099 0.0128 0.0161 0.0159 0.0086 0.0033 0.0018 0.0016 0.0017 0.0023 0.0033 0.0044 0.0045 0.0030 0.0024 0.0013 0.0015 0.0012 0.0016 0.0017 0.0018 0.0015 0.0014 0.0011 0.0011 0.0014 0.0014 0.0012 0.0012 0.0010 0.0012 0.0015 0.0020 0.0019 0.0016 0.0017 0.0014 0.0019 0.0017 0.0019 0.0030 0.0038 0.0050 0.0068 0.0029 0.0079 0.0032 0.0087 0.0065 0.0152 0.0120 0.0069 0.0067 0.0082 0.0050 0.0046
0.9984 1.0000 0.9992 0.6924 0.1277 0.0307 0.0211 0.0069 0.0054 0.0038 0.0108 0.0173 0.0834 0.1302 0.1828 0.2053 0.0586 0.0307 0.0366 0.0355 0.0750 0.0583 0.0653 0.0256 0.0182 0.0167 0.0139 0.0268 0.0258 0.0263 0.0388 0.0764 0.0642 0.0430 0.0177 0.0129 0.0308 0.0086 0.0076 0.0088 0.0059 0.0097 0.0082 0.0039 0.0034 0.0049 0.0071 0.0037 0.0031 0.0069 0.0060 0.0033 0.0074 0.0105 0.0078 0.0203 0.0266 0.0298 0.0277 0.0257 0.0343 0.0068 0.0035 0.0036 0.0044 0.0079 0.0087 0.0097 0.0097 0.0060 0.0030 0.0042 0.0029 0.0038 0.0038 0.0039 0.0030 0.0026 0.0016 0.0014 0.0022 0.0019 0.0012 0.0020 0.0014 0.0022 0.0019 0.0032 0.0021 0.0013 0.0018 0.0014 0.0038 0.0022 0.0040 0.0074 0.0083 0.0135 0.0279 0.0101 0.0450 0.0141 0.0483 0.0236 0.0323 0.0266 0.0130 0.0132 0.0152 0.0078 0.0049
0.7859 0.9992 1.0000 0.9991 0.8706 0.1709 0.0359 0.0089 0.0060 0.0047 0.0139 0.0148 0.0572 0.0619 0.0619 0.0869 0.0092 0.0056 0.0123 0.0074 0.0213 0.0093 0.0143 0.0036 0.0066 0.0062 0.0116 0.0250 0.0311 0.0467 0.0615 0.0820 0.0413 0.0277 0.0114 0.0113 0.0115 0.0062 0.0056 0.0054 0.0038 0.0036 0.0030 0.0018 0.0015 0.0014 0.0011 0.0008 0.0009 0.0011 0.0008 0.0007 0.0010 0.0011 0.0012 0.0021 0.0039 0.0079 0.0121 0.0172 0.0125 0.0043 0.0020 0.0016 0.0029 0.0052 0.0075 0.0077 0.0048 0.0027 0.0011 0.0013 0.0011 0.0019 0.0024 0.0034 0.0023 0.0021 0.0015 0.0010 0.0017 0.0016 0.0010 0.0010 0.0010 0.0012 0.0014 0.0017 0.0014 0.0008 0.0010 0.0007 0.0010 0.0009 0.0013 0.0022 0.0030 0.0035 0.0074 0.0025 0.0230 0.0062 0.0426 0.0166 0.0318 0.0238 0.0119 0.0120 0.0121 0.0063 0.0049
0.1108 0.6924 0.9991 1.0000 0.9993 0.7472 0.0723 0.0220 0.0121 0.0078 0.0239 0.0298 0.0924 0.0831 0.0409 0.0349 0.0023 0.0013 0.0026 0.0031 0.0094 0.0054 0.0166 0.0054 0.0106 0.0141 0.0273 0.0578 0.0842 0.0971 0.1001 0.0934 0.0360 0.0180 0.0092 0.0088 0.0144 0.0078 0.0068 0.0077 0.0046 0.0058 0.0044 0.0022 0.0019 0.0019 0.0017 0.0010 0.0010 0.0013 0.0008 0.0007 0.0008 0.0011 0.0011 0.0019 0.0035 0.0066 0.0092 0.0114 0.0110 0.0044 0.0023 0.0026 0.0044 0.0094 0.0130 0.0133 0.0101 0.0049 0.0018 0.0024 0.0014 0.0040 0.0031 0.0027 0.0022 0.0019 0.0012 0.0011 0.0021 0.0019 0.0011 0.0012 0.0012 0.0012 0.0015 0.0016 0.0012 0.0007 0.0008 0.0007 0.0010 0.0012 0.0015 0.0028 0.0046 0.0062 0.0100 0.0032 0.0244 0.0054 0.0614 0.0164 0.0518 0.0399 0.0185 0.0188 0.0186 0.0079 0.0058
0.0268 0.1277 0.8706 0.9993 1.0000 0.9992 0.8618 0.1198 0.0974 0.0424 0.1716 0.2665 0.3666 0.2447 0.0987 0.0298 0.0016 0.0006 0.0010 0.0023 0.0349 0.0207 0.1022 0.0507 0.1047 0.1750 0.1085 0.1761 0.1723 0.1203 0.1357 0.1161 0.0286 0.0164 0.0057 0.0100 0.0267 0.0075 0.0046 0.0081 0.0044 0.0073 0.0119 0.0026 0.0016 0.0031 0.0043 0.0011 0.0008 0.0019 0.0017 0.0005 0.0008 0.0018 0.0019 0.0014 0.0041 0.0055 0.0054 0.0115 0.0323 0.0129 0.0067 0.0073 0.0074 0.0261 0.0184 0.0311 0.0401 0.0126 0.0070 0.0069 0.0043 0.0088 0.0059 0.0038 0.0027 0.0035 0.0014 0.0013 0.0039 0.0023 0.0011 0.0026 0.0012 0.0023 0.0017 0.0023 0.0011 0.0005 0.0008 0.0008 0.0018 0.0012 0.0022 0.0052 0.0060 0.0177 0.0267 0.0121 0.1344 0.0311 0.2251 0.0633 0.1224 0.0509 0.0208 0.0183 0.0169 0.0060 0.0048
0.0088 0.0307 0.1709 0.7472 0.9992 1.0000 0.9991 0.6281 0.1510 0.0640 0.1064 0.1199 0.0747 0.0314 0.0045 0.0012 0.0002 0.0001 0.0003 0.0005 0.0013 0.0006 0.0056 0.0025 0.0173 0.0330 0.0624 0.1330 0.1441 0.1128 0.0965 0.0765 0.0291 0.0155 0.0064 0.0104 0.0177 0.0063 0.0034 0.0040 0.0021 0.0031 0.0030 0.0018 0.0007 0.0010 0.0008 0.0004 0.0003 0.0005 0.0003 0.0002 0.0003 0.0004 0.0005 0.0005 0.0009 0.0016 0.0026 0.0022 0.0044 0.0025 0.0017 0.0018 0.0032 0.0116 0.0128 0.0188 0.0129 0.0042 0.0015 0.0022 0.0011 0.0030 0.0023 0.0021 0.0016 0.0018 0.0011 0.0011 0.0035 0.0030 0.0009 0.0016 0.0008 0.0009 0.0011 0.0010 0.0008 0.0005 0.0005 0.0005 0.0008 0.0008 0.0009 0.0022 0.0044 0.0073 0.0052 0.0017 0.0148 0.0027 0.0513 0.0110 0.0503 0.0247 0.0127 0.0137 0.0136 0.0063 0.0047
0.0038 0.0211 0.0359 0.0723 0.8618 0.9991 1.0000 0.9992 0.8832 0.3352 0.5397 0.5647 0.2725 0.1054 0.0096 0.0008 0.0001 0.0000 0.0001 0.0003 0.0049 0.0019 0.0355 0.0380 0.1779 0.3838 0.2839 0.3391 0.2722 0.1404 0.1289 0.1216 0.0433 0.0311 0.0154 0.0274 0.0459 0.0141 0.0042 0.0059 0.0032 0.0069 0.0150 0.0047 0.0013 0.0025 0.0042 0.0008 0.0006 0.0016 0.0014 0.0003 0.0004 0.0010 0.0014 0.0006 0.0009 0.0023 0.0023 0.0030 0.0175 0.0060 0.0081 0.0133 0.0141 0.0452 0.0266 0.0488 0.0676 0.0300 0.0119 0.0151 0.0049 0.0102 0.0044 0.0031 0.0032 0.0085 0.0029 0.0031 0.0152 0.0099 0.0019 0.0084 0.0022 0.0026 0.0014 0.0016 0.0008 0.0004 0.0005 0.0005 0.0016 0.0010 0.0026 0.0064 0.0101 0.0422 0.0339 0.0169 0.1527 0.0258 0.2371 0.0863 0.1212 0.0460 0.0232 0.0182 0.0191 0.0068 0.0053
0.0027 0.0069 0.0089 0.0220 0.1198 0.6281 0.9992 1.0000 0.9994 0.5050 0.2050 0.1866 0.0234 0.0025 0.0005 0.0001 0.0000 0.0000 0.0000 0.0000 0.0003 0.0003 0.0040 0.0030 0.0416 0.0650 0.1600 0.1881 0.1995 0.1260 0.0966 0.0783 0.0307 0.0190 0.0081 0.0112 0.0152 0.0062 0.0026 0.0030 0.0021 0.0030 0.0044 0.0053 0.0011 0.0010 0.0010 0.0005 0.0003 0.0005 0.0004 0.0002 0.0003 0.0003 0.0003 0.0004 0.0004 0.0012 0.0015 0.0019 0.0052 0.0026 0.0032 0.0031 0.0059 0.0176 0.0158 0.0243 0.0188 0.0073 0.0027 0.0043 0.0017 0.0038 0.0025 0.0026 0.0025 0.0041 0.0023 0.0018 0.0075 0.0066 0.0014 0.0026 0.0020 0.0010 0.0010 0.0011 0.0006 0.0004 0.0005 0.0004 0.0009 0.0009 0.0014 0.0038 0.0064 0.0092 0.0063 0.0016 0.0151 0.0022 0.0402 0.0135 0.0481 0.0318 0.0336 0.0295 0.0260 0.0120 0.0075
0.0024 0.0054 0.0060 0.0121 0.0974 0.1510 0.8832 0.9994 1.0000 0.9994 0.8342 0.3973 0.0338 0.0027 0.0004 0.0001 0.0000 0.0000 0.0000 0.0000 0.0002 0.0003 0.0048 0.0061 0.0867 0.1463 0.3640 0.2803 0.2529 0.1406 0.1183 0.0979 0.0322 0.0193 0.0068 0.0109 0.0211 0.0081 0.0030 0.0048 0.0030 0.0047 0.0092 0.0079 0.0016 0.0014 0.0025 0.0009 0.0004 0.0005 0.0005 0.0003 0.0003 0.0004 0.0005 0.0004 0.0005 0.0016 0.0021 0.0024 0.0113 0.0044 0.0059 0.0067 0.0128 0.0330 0.0236 0.0299 0.0275 0.0110 0.0047 0.0071 0.0020 0.0067 0.0038 0.0036 0.0044 0.0126 0.0057 0.0041 0.0139 0.0204 0.0022 0.0049 0.0032 0.0012 0.0012 0.0012 0.0008 0.0004 0.0007 0.0004 0.0010 0.0012 0.0027 0.0057 0.0096 0.0167 0.0092 0.0030 0.0210 0.0035 0.0705 0.0456 0.1284 0.0839 0.0624 0.0429 0.0389 0.0106 0.0081
0.0020 0.0038 0.0047 0.0078 0.0424 0.0640 0.3352 0.5050 0.9994 1.0000 0.9995 0.7247 0.0342 0.0018 0.0002 0.0000 0.0000 0.0000 0.0000 0.0000 0.0002 0.0002 0.0075 0.0093 0.2209 0.2727 0.5279 0.2921 0.2049 0.0765 0.0449 0.0377 0.0145 0.0102 0.0041 0.0060 0.0126 0.0070 0.0023 0.0051 0.0030 0.0034 0.0079 0.0092 0.0017 0.0016 0.0033 0.0016 0.0004 0.0005 0.0005 0.0003 0.0003 0.0004 0.0004 0.0004 0.0005 0.0015 0.0022 0.0028 0.0093 0.0056 0.0126 0.0083 0.0163 0.0331 0.0252 0.0290 0.0274 0.0088 0.0039 0.0111 0.0040 0.0227 0.0108 0.0073 0.0106 0.0241 0.0078 0.0064 0.0340 0.0297 0.0044 0.0134 0.0047 0.0019 0.0014 0.0016 0.0009 0.0005 0.0009 0.0005 0.0013 0.0014 0.0055 0.0098 0.0177 0.0331 0.0200 0.0049 0.0217 0.0034 0.1070 0.0935 0.1488 0.0782 0.0536 0.0314 0.0233 0.0061 0.0048
0.0030 0.0108 0.0139 0.0239 0.1716 0.1064 0.5397 0.2050 0.8342 0.9995 1.0000 0.9992 0.8118 0.0095 0.0009 0.0000 0.0000 0.0000 0.0000 0.0000 0.0003 0.0005 0.0423 0.0830 0.6813 0.6627 0.6266 0.2269 0.1032 0.0226 0.0183 0.0148 0.0050 0.0038 0.0016 0.0022 0.0047 0.0021 0.0009 0.0021 0.0014 0.0022 0.0069 0.0057 0.0011 0.0022 0.0071 0.0025 0.0005 0.0020 0.0017 0.0004 0.0002 0.0005 0.0007 0.0003 0.0004 0.0016 0.0014 0.0017 0.0070 0.0050 0.0291 0.0173 0.0189 0.0292 0.0069 0.0082 0.0162 0.0049 0.0040 0.0108 0.0035 0.0174 0.0066 0.0063 0.0050 0.0126 0.0030 0.0031 0.0242 0.0116 0.0016 0.0114 0.0027 0.0029 0.0016 0.0027 0.0010 0.0005 0.0009 0.0004 0.0029 0.0014 0.0105 0.0193 0.0218 0.0570 0.0117 0.0099 0.0177 0.0183 0.1619 0.1191 0.1222 0.0508 0.0233 0.0113 0.0084 0.0019 0.0020
0.0034 0.0173 0.0148 0.0298 0.2665 0.1199 0.5647 0.1866 0.3973 0.7247 0.9992 1.0000 0.9993 0.8088 0.0197 0.0005 0.0001 0.0000 0.0000 0.0000 0.0071 0.0116 0.5879 0.6149 0.8295 0.7288 0.3289 0.0839 0.0303 0.0069 0.0105 0.0187 0.0044 0.0049 0.0010 0.0017 0.0097 0.0014 0.0004 0.0010 0.0006 0.0014 0.0078 0.0026 0.0005 0.0015 0.0086 0.0015 0.0003 0.0025 0.0038 0.0004 0.0002 0.0019 0.0025 0.0003 0.0005 0.0022 0.0009 0.0009 0.0130 0.0067 0.0520 0.0774 0.0474 0.0656 0.0106 0.0218 0.0755 0.0123 0.0364 0.0109 0.0089 0.0203 0.0050 0.0039 0.0187 0.0626 0.0127 0.0155 0.0809 0.0265 0.0091 0.0673 0.0268 0.0293 0.0059 0.0076 0.0014 0.0007 0.0013 0.0007 0.0080 0.0014 0.0203 0.0200 0.0085 0.0196 0.0170 0.0291 0.1919 0.1505 0.2828 0.1734 0.0887 0.0152 0.0047 0.0038 0.0035 0.0010 0.0011
0.0138 0.0834 0.0572 0.0924 0.3666 0.0747 0.2725 0.0234 0.0338 0.0342 0.8118 0.9993 1.0000 0.9993 0.8838 0.0064 0.0009 0.0000 0.0000 0.0002 0.0309 0.1179 0.8101 0.8704 0.7334 0.4703 0.1078 0.0121 0.0067 0.0015 0.0020 0.0034 0.0010 0.0013 0.0004 0.0005 0.0014 0.0004 0.0002 0.0004 0.0004 0.0010 0.0135 0.0085 0.0013 0.0075 0.0746 0.0066 0.0014 0.0359 0.0501 0.0016 0.0010 0.0206 0.0189 0.0011 0.0040 0.0164 0.0039 0.0107 0.0662 0.0548 0.0752 0.0754 0.0137 0.0180 0.0022 0.0033 0.0161 0.0020 0.0136 0.0045 0.0050 0.0111 0.0017 0.0012 0.0036 0.0196 0.0022 0.0035 0.0344 0.0040 0.0016 0.0274 0.0060 0.0591 0.0254 0.0430 0.0063 0.0018 0.0041 0.0016 0.0277 0.0029 0.0327 0.0375 0.0105 0.0322 0.0121 0.0558 0.1498 0.1648 0.1381 0.1283 0.0251 0.0051 0.0015 0.0015 0.0015 0.0007 0.0009
0.0210 0.1302 0.0619 0.0831 0.2447 0.0314 0.1054 0.0025 0.0027 0.0018 0.0095 0.8088 0.9993 1.0000 0.9994 0.8260 0.0250 0.0010 0.0008 0.0099 0.8903 0.8979 0.9194 0.8536 0.1567 0.0734 0.0019 0.0006 0.0004 0.0003 0.0003 0.0010 0.0004 0.0005 0.0002 0.0002 0.0004 0.0002 0.0000 0.0001 0.0001 0.0002 0.0008 0.0004 0.0001 0.0004 0.0040 0.0006 0.0001 0.0036 0.0147 0.0005 0.0005 0.0114 0.0095 0.0005 0.0012 0.0071 0.0019 0.0058 0.0571 0.0501 0.0501 0.1522 0.0244 0.0327 0.0048 0.0099 0.0455 0.0055 0.0256 0.0050 0.0041 0.0170 0.0020 0.0025 0.0088 0.1048 0.0079 0.0181 0.1190 0.0148 0.0069 0.1715 0.0478 0.2869 0.1484 0.1453 0.0225 0.0066 0.0166 0.0068 0.1208 0.0079 0.0980 0.0585 0.0068 0.0139 0.1231 0.1481 0.1750 0.1546 0.0630 0.0324 0.0188 0.0014 0.0023 0.0055 0.0024 0.0008 0.0009
0.0345 0.1828 0.0619 0.0409 0.0987 0.0045 0.0096 0.0005 0.0004 0.0002 0.0009 0.0197 0.8838 0.9994 1.0000 0.9993 0.9057 0.0121 0.0050 0.0430 0.9234 0.9744 0.6640 0.8620 0.0323 0.0172 0.0003 0.0001 0.0001 0.0001 0.0001 0.0003 0.0001 0.0002 0.0000 0.0000 0.0002 0.0000 0.0000 0.0000 0.0001 0.0002 0.0039 0.0010 0.0003 0.0038 0.0735 0.0058 0.0015 0.0965 0.2930 0.0170 0.0180 0.3544 0.2907 0.0188 0.0422 0.0778 0.0169 0.0595 0.1341 0.0314 0.0104 0.0461 0.0027 0.0055 0.0005 0.0008 0.0058 0.0010 0.0191 0.0012 0.0035 0.0048 0.0009 0.0008 0.0012 0.0132 0.0012 0.0039 0.0302 0.0057 0.0059 0.0967 0.0384 0.2074 0.0804 0.0887 0.0097 0.0029 0.0131 0.0050 0.1491 0.0456 0.1250 0.0646 0.0060 0.0400 0.1557 0.2053 0.1338 0.2627 0.0212 0.0488 0.0028 0.0021 0.0008 0.0012 0.0012 0.0006 0.0007
0.0692 0.2053 0.0869 0.0349 0.0298 0.0012 0.0008 0.0001 0.0001 0.0000 0.0000 0.0005 0.0064 0.8260 0.9993 1.0000 0.9985 0.8345 0.4360 0.8522 0.9708 0.7297 0.0274 0.0121 0.0001 0.0000 0.0000 0.0000 0.0000 0.0000 0.0000 0.0000 0.0000 0.0000 0.0000 0.0000 0.0000 0.0000 0.0000 0.0000 0.0000 0.0000 0.0002 0.0001 0.0001 0.0002 0.0007 0.0004 0.0002 0.0016 0.0090 0.0009 0.0038 0.0379 0.0314 0.0084 0.0140 0.0260 0.0204 0.0449 0.0553 0.0213 0.0025 0.0135 0.0015 0.0037 0.0010 0.0014 0.0066 0.0007 0.0010 0.0009 0.0007 0.0054 0.0010 0.0025 0.0020 0.0161 0.0020 0.0048 0.0402 0.0094 0.0066 0.0726 0.0581 0.1777 0.1486 0.1709 0.0534 0.0141 0.0293 0.0127 0.1354 0.0567 0.1069 0.0897 0.0403 0.1325 0.1687 0.1223 0.0492 0.0189 0.0130 0.0094 0.0117 0.0043 0.0092 0.0143 0.0101 0.0032 0.0025
0.0329 0.0586 0.0092 0.0023 0.0016 0.0002 0.0001 0.0000 0.0000 0.0000 0.0000 0.0001 0.0009 0.0250 0.9057 0.9985 1.0000 0.9998 0.5544 0.9046 0.6342 0.9341 0.0274 0.0167 0.0001 0.0000 0.0000 0.0000 0.0000 0.0000 0.0000 0.0000 0.0000 0.0000 0.0000 0.0000 0.0000 0.0000 0.0000 0.0000 0.0001 0.0002 0.0009 0.0007 0.0004 0.0019 0.0082 0.0035 0.0014 0.0178 0.1045 0.0249 0.0593 0.2828 0.3597 0.1519 0.1372 0.1524 0.0398 0.0650 0.0753 0.0062 0.0077 0.0236 0.0033 0.0088 0.0011 0.0016 0.0063 0.0016 0.0068 0.0015 0.0017 0.0019 0.0011 0.0022 0.0019 0.0132 0.0020 0.0052 0.0320 0.0090 0.0088 0.1216 0.0684 0.2842 0.0897 0.1181 0.0212 0.0084 0.0382 0.0354 0.2661 0.0943 0.1914 0.1295 0.1097 0.1516 0.1223 0.0995 0.0237 0.0220 0.0382 0.0716 0.0188 0.0098 0.0054 0.0044 0.0049 0.0018 0.0016
0.0310 0.0307 0.0056 0.0013 0.0006 0.0001 0.0000 0.0000 0.0000 0.0000 0.0000 0.0000 0.0000 0.0010 0.0121 0.8345 0.9998 1.0000 0.9999 0.9733 0.1194 0.0536 0.0007 0.0001 0.0000 0.0000 0.0000 0.0000 0.0000 0.0000 0.0000 0.0000 0.0000 0.0000 0.0000 0.0000 0.0000 0.0000 0.0000 0.0000 0.0000 0.0001 0.0002 0.0003 0.0002 0.0004 0.0006 0.0008 0.0004 0.0015 0.0062 0.0043 0.0126 0.0486 0.0734 0.0576 0.0457 0.0386 0.0145 0.0123 0.0093 0.0016 0.0015 0.0022 0.0011 0.0022 0.0012 0.0010 0.0014 0.0006 0.0007 0.0006 0.0003 0.0007 0.0008 0.0018 0.0018 0.0062 0.0019 0.0043 0.0175 0.0082 0.0107 0.0459 0.0494 0.1137 0.0717 0.1036 0.0284 0.0135 0.0465 0.0432 0.1419 0.1039 0.1164 0.1056 0.0932 0.0959 0.0417 0.0078 0.0016 0.0009 0.0104 0.0137 0.0250 0.0150 0.0142 0.0167 0.0146 0.0069 0.0047
0.0300 0.0366 0.0123 0.0026 0.0010 0.0003 0.0001 0.0000 0.0000 0.0000 0.0000 0.0000 0.0000 0.0008 0.0050 0.4360 0.5544 0.9999 1.0000 0.9993 0.3622 0.0165 0.0001 0.0000 0.0000 0.0000 0.0000 0.0000 0.0000 0.0000 0.0000 0.0000 0.0000 0.0000 0.0000 0.0000 0.0000 0.0000 0.0000 0.0000 0.0000 0.0001 0.0002 0.0002 0.0002 0.0003 0.0004 0.0004 0.0002 0.0006 0.0023 0.0016 0.0030 0.0126 0.0177 0.0239 0.0183 0.0168 0.0052 0.0055 0.0049 0.0012 0.0011 0.0018 0.0016 0.0053 0.0026 0.0023 0.0021 0.0014 0.0007 0.0017 0.0004 0.0011 0.0010 0.0018 0.0014 0.0058 0.0021 0.0060 0.0196 0.0108 0.0131 0.0384 0.0332 0.0990 0.0824 0.1332 0.0406 0.0202 0.0707 0.0584 0.1332 0.1014 0.0760 0.0375 0.0173 0.0132 0.0063 0.0016 0.0005 0.0009 0.0134 0.0289 0.0683 0.0906 0.0635 0.0566 0.0415 0.0151 0.0096
0.0247 0.0355 0.0074 0.0031 0.0023 0.0005 0.0003 0.0000 0.0000 0.0000 0.0000 0.0000 0.0002 0.0099 0.0430 0.8522 0.9046 0.9733 0.9993 1.0000 0.9990 0.9124 0.0040 0.0005 0.0000 0.0000 0.0000 0.0000 0.0000 0.0000 0.0000 0.0001 0.0000 0.0000 0.0000 0.0000 0.0000 0.0000 0.0000 0.0000 0.0001 0.0002 0.0003 0.0005 0.0002 0.0004 0.0019 0.0011 0.0005 0.0036 0.0092 0.0040 0.0113 0.0655 0.0917 0.0473 0.0662 0.0456 0.0094 0.0244 0.0267 0.0032 0.0032 0.0115 0.0037 0.0192 0.0019 0.0030 0.0077 0.0037 0.0030 0.0033 0.0012 0.0041 0.0027 0.0077 0.0082 0.0284 0.0053 0.0187 0.0668 0.0230 0.0308 0.1205 0.1047 0.2058 0.1349 0.1035 0.0221 0.0102 0.0654 0.0545 0.2388 0.1030 0.1234 0.0369 0.0058 0.0066 0.0082 0.0033 0.0041 0.0228 0.2293 0.3028 0.2886 0.1916 0.0966 0.0641 0.0358 0.0088 0.0073
0.0164 0.0750 0.0213 0.0094 0.0349 0.0013 0.0049 0.0003 0.0002 0.0002 0.0003 0.0071 0.0309 0.8903 0.9234 0.9708 0.6342 0.1194 0.3622 0.9990 1.0000 0.9995 0.7839 0.0435 0.0001 0.0000 0.0000 0.0000 0.0000 0.0000 0.0000 0.0001 0.0000 0.0000 0.0000 0.0000 0.0000 0.0000 0.0000 0.0000 0.0002 0.0002 0.0008 0.0008 0.0002 0.0006 0.0065 0.0013 0.0004 0.0114 0.0326 0.0022 0.0041 0.0678 0.0484 0.0045 0.0076 0.0089 0.0013 0.0048 0.0186 0.0014 0.0017 0.0289 0.0050 0.0404 0.0010 0.0014 0.0304 0.0055 0.0371 0.0138 0.0072 0.0320 0.0043 0.0236 0.0116 0.0851 0.0065 0.0126 0.0791 0.0135 0.0111 0.1447 0.0426 0.3523 0.0979 0.1126 0.0082 0.0042 0.0400 0.0291 0.3185 0.0865 0.1995 0.0905 0.0067 0.0215 0.0410 0.0845 0.2105 0.3252 0.4632 0.4396 0.1667 0.0940 0.0296 0.0191 0.0172 0.0032 0.0025
0.0095 0.0583 0.0093 0.0054 0.0207 0.0006 0.0019 0.0003 0.0003 0.0002 0.0005 0.0116 0.1179 0.8979 0.9744 0.7297 0.9341 0.0536 0.0165 0.9124 0.9995 1.0000 0.9994 0.9425 0.0048 0.0007 0.0000 0.0000 0.0001 0.0001 0.0001 0.0001 0.0000 0.0000 0.0000 0.0000 0.0000 0.0000 0.0000 0.0002 0.0002 0.0003 0.0014 0.0008 0.0002 0.0012 0.0184 0.0015 0.0007 0.0317 0.1560 0.0080 0.0102 0.2659 0.2547 0.0431 0.0553 0.0450 0.0056 0.0242 0.0778 0.0092 0.0099 0.0824 0.0055 0.0181 0.0010 0.0018 0.0213 0.0011 0.0251 0.0019 0.0084 0.0084 0.0052 0.0092 0.0078 0.1031 0.0073 0.0170 0.0608 0.0082 0.0114 0.1777 0.0368 0.1603 0.0384 0.0254 0.0025 0.0012 0.0062 0.0032 0.1488 0.0366 0.1683 0.1124 0.0108 0.0318 0.0978 0.2137 0.3673 0.5364 0.4005 0.4470 0.1262 0.0693 0.0148 0.0075 0.0098 0.0012 0.0012
0.0091 0.0653 0.0143 0.0166 0.1022 0.0056 0.0355 0.0040 0.0048 0.0075 0.0423 0.5879 0.8101 0.9194 0.6640 0.0274 0.0274 0.0007 0.0001 0.0040 0.7839 0.9994 1.0000 0.9995 0.8363 0.0073 0.0003 0.0000 0.0001 0.0001 0.0001 0.0002 0.0001 0.0002 0.0000 0.0000 0.0002 0.0000 0.0000 0.0001 0.0002 0.0002 0.0009 0.0007 0.0001 0.0005 0.0042 0.0020 0.0001 0.0038 0.0298 0.0010 0.0005 0.0135 0.0153 0.0009 0.0011 0.0021 0.0005 0.0021 0.0122 0.0010 0.0011 0.0074 0.0008 0.0063 0.0003 0.0004 0.0033 0.0005 0.0143 0.0041 0.0074 0.0590 0.0174 0.0782 0.0348 0.3262 0.0259 0.0314 0.1041 0.0129 0.0111 0.1135 0.0199 0.1292 0.0233 0.0219 0.0026 0.0010 0.0043 0.0020 0.0837 0.0224 0.2206 0.2041 0.0210 0.0630 0.4564 0.5741 0.6772 0.5832 0.2229 0.1414 0.0660 0.0254 0.0133 0.0109 0.0119 0.0017 0.0013
0.0030 0.0256 0.0036 0.0054 0.0507 0.0025 0.0380 0.0030 0.0061 0.0093 0.0830 0.6149 0.8704 0.8536 0.8620 0.0121 0.0167 0.0001 0.0000 0.0005 0.0435 0.9425 0.9995 1.0000 0.9995 0.9645 0.0112 0.0021 0.0010 0.0005 0.0007 0.0011 0.0003 0.0004 0.0001 0.0002 0.0008 0.0003 0.0001 0.0004 0.0003 0.0006 0.0173 0.0058 0.0011 0.0056 0.2405 0.0215 0.0022 0.1276 0.4329 0.0179 0.0042 0.1908 0.1024 0.0014 0.0016 0.0044 0.0005 0.0010 0.0145 0.0032 0.0085 0.1403 0.0049 0.0258 0.0005 0.0008 0.0230 0.0031 0.2695 0.0287 0.0868 0.0569 0.0166 0.0093 0.0079 0.0484 0.0021 0.0038 0.0439 0.0037 0.0022 0.0492 0.0033 0.0305 0.0032 0.0027 0.0004 0.0003 0.0005 0.0003 0.0127 0.0016 0.0329 0.0351 0.0050 0.0537 0.4412 0.6954 0.6492 0.8318 0.2097 0.1681 0.0228 0.0017 0.0004 0.0004 0.0005 0.0002 0.0003
0.0032 0.0182 0.0066 0.0106 0.1047 0.0173 0.1779 0.0416 0.0867 0.2209 0.6813 0.8295 0.7334 0.1567 0.0323 0.0001 0.0001 0.0000 0.0000 0.0000 0.0001 0.0048 0.8363 0.9995 1.0000 0.9995 0.8994 0.0212 0.0102 0.0016 0.0025 0.0036 0.0009 0.0011 0.0004 0.0005 0.0017 0.0006 0.0003 0.0008 0.0003 0.0006 0.0063 0.0089 0.0019 0.0045 0.0357 0.0148 0.0003 0.0062 0.0193 0.0010 0.0001 0.0023 0.0011 0.0001 0.0001 0.0003 0.0001 0.0001 0.0010 0.0003 0.0009 0.0046 0.0010 0.0044 0.0004 0.0005 0.0033 0.0030 0.0461 0.0474 0.0462 0.0715 0.0271 0.0291 0.0229 0.1060 0.0096 0.0149 0.0531 0.0135 0.0087 0.0233 0.0021 0.0043 0.0011 0.0014 0.0004 0.0002 0.0003 0.0003 0.0039 0.0024 0.0340 0.1098 0.1046 0.3428 0.5617 0.5044 0.2470 0.2397 0.1641 0.0985 0.0971 0.0048 0.0031 0.0017 0.0015 0.0006 0.0008
0.0026 0.0167 0.0062 0.0141 0.1750 0.0330 0.3838 0.0650 0.1463 0.2727 0.6627 0.7288 0.4703 0.0734 0.0172 0.0000 0.0000 0.0000 0.0000 0.0000 0.0000 0.0007 0.0073 0.9645 0.9995 1.0000 0.9993 0.9000 0.2902 0.0558 0.0456 0.0476 0.0062 0.0057 0.0014 0.0043 0.0349 0.0164 0.0022 0.0073 0.0020 0.0099 0.1807 0.0694 0.0170 0.0594 0.3752 0.0374 0.0048 0.1053 0.1222 0.0025 0.0010 0.0069 0.0023 0.0001 0.0001 0.0003 0.0001 0.0001 0.0007 0.0004 0.0027 0.0308 0.0088 0.0482 0.0023 0.0040 0.0744 0.0463 0.1665 0.0535 0.0474 0.0219 0.0104 0.0044 0.0094 0.0316 0.0018 0.0044 0.0571 0.0049 0.0019 0.0334 0.0015 0.0177 0.0006 0.0010 0.0002 0.0001 0.0002 0.0003 0.0111 0.0025 0.0423 0.0808 0.1300 0.3385 0.3723 0.5653 0.1932 0.3667 0.1448 0.1612 0.0740 0.0088 0.0015 0.0009 0.0011 0.0003 0.0004
0.0034 0.0139 0.0116 0.0273 0.1085 0.0624 0.2839 0.1600 0.3640 0.5279 0.6266 0.3289 0.1078 0.0019 0.0003 0.0000 0.0000 0.0000 0.0000 0.0000 0.0000 0.0000 0.0003 0.0112 0.8994 0.9993 1.0000 0.9995 0.6777 0.0643 0.0753 0.0734 0.0169 0.0125 0.0037 0.0090 0.0370 0.0158 0.0038 0.0114 0.0060 0.0128 0.0570 0.0399 0.0093 0.0174 0.0477 0.0057 0.0005 0.0044 0.0025 0.0002 0.0001 0.0004 0.0002 0.0000 0.0001 0.0003 0.0001 0.0001 0.0003 0.0003 0.0009 0.0033 0.0066 0.0168 0.0033 0.0080 0.0478 0.0569 0.0548 0.0598 0.0195 0.0215 0.0133 0.0061 0.0133 0.0232 0.0043 0.0072 0.0292 0.0067 0.0028 0.0077 0.0016 0.0033 0.0007 0.0010 0.0003 0.0001 0.0003 0.0004 0.0049 0.0058 0.0327 0.1322 0.2140 0.3148 0.1510 0.1279 0.0821 0.0500 0.0981 0.0949 0.1061 0.0639 0.0408 0.0127 0.0075 0.0019 0.0018
0.0065 0.0268 0.0250 0.0578 0.1761 0.1330 0.3391 0.1881 0.2803 0.2921 0.2269 0.0839 0.0121 0.0006 0.0001 0.0000 0.0000 0.0000 0.0000 0.0000 0.0000 0.0000 0.0000 0.0021 0.0212 0.9000 0.9995 1.0000 0.9995 0.7750 0.4408 0.4108 0.1048 0.0771 0.0267 0.0788 0.2156 0.1391 0.0420 0.0820 0.0240 0.0755 0.2499 0.0875 0.0186 0.0590 0.1115 0.0061 0.0016 0.0116 0.0028 0.0003 0.0003 0.0004 0.0001 0.0000 0.0000 0.0001 0.0001 0.0001 0.0003 0.0003 0.0008 0.0036 0.0081 0.0373 0.0111 0.0449 0.1122 0.0712 0.0439 0.0225 0.0062 0.0050 0.0061 0.0025 0.0087 0.0180 0.0032 0.0063 0.0405 0.0104 0.0052 0.0318 0.0099 0.0310 0.0034 0.0054 0.0007 0.0003 0.0008 0.0018 0.0214 0.0224 0.0678 0.1464 0.1817 0.2479 0.1040 0.0755 0.0309 0.0098 0.0248 0.0982 0.0925 0.0930 0.0616 0.0284 0.0164 0.0034 0.0032
0.0081 0.0258 0.0311 0.0842 0.1723 0.1441 0.2722 0.1995 0.2529 0.2049 0.1032 0.0303 0.0067 0.0004 0.0001 0.0000 0.0000 0.0000 0.0000 0.0000 0.0000 0.0001 0.0001 0.0010 0.0102 0.2902 0.6777 0.9995 1.0000 0.9997 0.7708 0.3399 0.1452 0.0897 0.0341 0.0824 0.1802 0.1002 0.0433 0.0801 0.0272 0.0617 0.1266 0.0476 0.0098 0.0190 0.0257 0.0021 0.0009 0.0032 0.0012 0.0002 0.0002 0.0002 0.0000 0.0000 0.0000 0.0000 0.0000 0.0001 0.0001 0.0002 0.0007 0.0020 0.0078 0.0256 0.0166 0.0635 0.0888 0.0690 0.0172 0.0179 0.0038 0.0042 0.0044 0.0020 0.0056 0.0090 0.0024 0.0041 0.0180 0.0085 0.0043 0.0137 0.0125 0.0195 0.0064 0.0077 0.0014 0.0004 0.0012 0.0025 0.0147 0.0289 0.0521 0.1108 0.1115 0.1215 0.0512 0.0218 0.0206 0.0024 0.0153 0.0294 0.0790 0.0771 0.0691 0.0453 0.0282 0.0076 0.0052
0.0113 0.0263 0.0467 0.0971 0.1203 0.1128 0.1404 0.1260 0.1406 0.0765 0.0226 0.0069 0.0015 0.0003 0.0001 0.0000 0.0000 0.0000 0.0000 0.0000 0.0000 0.0001 0.0001 0.0005 0.0016 0.0558 0.0643 0.7750 0.9997 1.0000 0.9994 0.7765 0.2061 0.1625 0.0559 0.1170 0.1696 0.0899 0.0457 0.0671 0.0289 0.0446 0.0730 0.0236 0.0073 0.0131 0.0148 0.0018 0.0009 0.0027 0.0007 0.0002 0.0002 0.0001 0.0000 0.0000 0.0000 0.0000 0.0000 0.0000 0.0001 0.0002 0.0004 0.0010 0.0050 0.0173 0.0225 0.0645 0.0685 0.0412 0.0060 0.0038 0.0015 0.0016 0.0018 0.0013 0.0023 0.0030 0.0015 0.0022 0.0062 0.0054 0.0042 0.0080 0.0107 0.0202 0.0085 0.0155 0.0034 0.0011 0.0024 0.0038 0.0133 0.0258 0.0327 0.0696 0.0602 0.0453 0.0144 0.0041 0.0031 0.0010 0.0045 0.0095 0.0292 0.0652 0.0705 0.0584 0.0378 0.0118 0.0082
0.0126 0.0388 0.0615 0.1001 0.1357 0.0965 0.1289 0.0966 0.1183 0.0449 0.0183 0.0105 0.0020 0.0003 0.0001 0.0000 0.0000 0.0000 0.0000 0.0000 0.0000 0.0001 0.0001 0.0007 0.0025 0.0456 0.0753 0.4408 0.7708 0.9994 1.0000 0.9993 0.7695 0.2956 0.1427 0.1974 0.2294 0.0861 0.0426 0.0572 0.0170 0.0393 0.0669 0.0118 0.0046 0.0120 0.0077 0.0009 0.0007 0.0016 0.0004 0.0001 0.0001 0.0001 0.0000 0.0000 0.0000 0.0000 0.0000 0.0000 0.0001 0.0001 0.0005 0.0009 0.0051 0.0132 0.0220 0.0614 0.0434 0.0244 0.0033 0.0027 0.0012 0.0016 0.0018 0.0012 0.0021 0.0033 0.0016 0.0023 0.0085 0.0072 0.0055 0.0099 0.0135 0.0259 0.0103 0.0247 0.0064 0.0018 0.0043 0.0067 0.0198 0.0362 0.0395 0.0586 0.0341 0.0248 0.0116 0.0026 0.0037 0.0012 0.0082 0.0076 0.0235 0.0404 0.0395 0.0392 0.0337 0.0088 0.0070
0.0214 0.0764 0.0820 0.0934 0.1161 0.0765 0.1216 0.0783 0.0979 0.0377 0.0148 0.0187 0.0034 0.0010 0.0003 0.0000 0.0000 0.0000 0.0000 0.0001 0.0001 0.0001 0.0002 0.0011 0.0036 0.0476 0.0734 0.4108 0.3399 0.7765 0.9993 1.0000 0.9994 0.7599 0.2502 0.5078 0.5120 0.1650 0.0771 0.0999 0.0196 0.0842 0.2083 0.0182 0.0070 0.0358 0.0202 0.0013 0.0010 0.0032 0.0005 0.0001 0.0001 0.0001 0.0000 0.0000 0.0000 0.0000 0.0000 0.0000 0.0000 0.0001 0.0003 0.0009 0.0043 0.0195 0.0408 0.0868 0.0678 0.0217 0.0040 0.0022 0.0010 0.0011 0.0012 0.0009 0.0014 0.0025 0.0012 0.0019 0.0088 0.0044 0.0034 0.0132 0.0118 0.0371 0.0122 0.0443 0.0077 0.0026 0.0082 0.0099 0.0297 0.0425 0.0350 0.0420 0.0254 0.0184 0.0112 0.0025 0.0087 0.0023 0.0162 0.0182 0.0200 0.0584 0.0254 0.0243 0.0281 0.0074 0.0049
0.0379 0.0642 0.0413 0.0360 0.0286 0.0291 0.0433 0.0307 0.0322 0.0145 0.0050 0.0044 0.0010 0.0004 0.0001 0.0000 0.0000 0.0000 0.0000 0.0000 0.0000 0.0000 0.0001 0.0003 0.0009 0.0062 0.0169 0.1048 0.1452 0.2061 0.7695 0.9994 1.0000 0.9994 0.8509 0.6579 0.4532 0.1178 0.0535 0.0393 0.0085 0.0239 0.0332 0.0038 0.0018 0.0045 0.0022 0.0004 0.0003 0.0005 0.0001 0.0001 0.0001 0.0001 0.0000 0.0000 0.0000 0.0000 0.0000 0.0000 0.0000 0.0000 0.0002 0.0004 0.0021 0.0081 0.0224 0.0392 0.0149 0.0051 0.0010 0.0007 0.0005 0.0005 0.0006 0.0005 0.0007 0.0008 0.0008 0.0010 0.0018 0.0025 0.0026 0.0038 0.0067 0.0121 0.0079 0.0277 0.0087 0.0029 0.0074 0.0086 0.0133 0.0337 0.0115 0.0169 0.0071 0.0030 0.0019 0.0005 0.0019 0.0005 0.0036 0.0030 0.0041 0.0196 0.0093 0.0129 0.0207 0.0097 0.0060
0.0466 0.0430 0.0277 0.0180 0.0164 0.0155 0.0311 0.0190 0.0193 0.0102 0.0038 0.0049 0.0013 0.0005 0.0002 0.0000 0.0000 0.0000 0.0000 0.0000 0.0000 0.0000 0.0002 0.0004 0.0011 0.0057 0.0125 0.0771 0.0897 0.1625 0.2956 0.7599 0.9994 1.0000 0.9995 0.8978 0.6508 0.3461 0.0711 0.0608 0.0126 0.0376 0.0724 0.0066 0.0034 0.0084 0.0034 0.0007 0.0005 0.0007 0.0002 0.0001 0.0001 0.0001 0.0000 0.0000 0.0000 0.0000 0.0000 0.0000 0.0000 0.0001 0.0002 0.0004 0.0022 0.0100 0.0229 0.0394 0.0197 0.0057 0.0012 0.0008 0.0006 0.0005 0.0007 0.0006 0.0008 0.0011 0.0010 0.0014 0.0021 0.0028 0.0029 0.0084 0.0180 0.0305 0.0276 0.0759 0.0198 0.0078 0.0213 0.0289 0.0375 0.0424 0.0164 0.0142 0.0071 0.0038 0.0029 0.0010 0.0046 0.0009 0.0063 0.0050 0.0046 0.0270 0.0099 0.0117 0.0254 0.0100 0.0061
0.0301 0.0177 0.0114 0.0092 0.0057 0.0064 0.0154 0.0081 0.0068 0.0041 0.0016 0.0010 0.0004 0.0002 0.0000 0.0000 0.0000 0.0000 0.0000 0.0000 0.0000 0.0000 0.0000 0.0001 0.0004 0.0014 0.0037 0.0267 0.0341 0.0559 0.1427 0.2502 0.8509 0.9995 1.0000 0.9996 0.7978 0.4236 0.3129 0.0818 0.0122 0.0211 0.0313 0.0029 0.0014 0.0026 0.0013 0.0004 0.0004 0.0003 0.0001 0.0001 0.0001 0.0001 0.0000 0.0000 0.0000 0.0000 0.0000 0.0000 0.0000 0.0000 0.0001 0.0003 0.0010 0.0053 0.0196 0.0235 0.0071 0.0015 0.0004 0.0004 0.0003 0.0003 0.0004 0.0003 0.0004 0.0005 0.0004 0.0005 0.0007 0.0011 0.0012 0.0015 0.0030 0.0048 0.0065 0.0189 0.0108 0.0053 0.0098 0.0104 0.0061 0.0085 0.0027 0.0025 0.0015 0.0009 0.0007 0.0002 0.0008 0.0002 0.0009 0.0008 0.0010 0.0044 0.0027 0.0039 0.0097 0.0063 0.0044
0.0170 0.0129 0.0113 0.0088 0.0100 0.0104 0.0274 0.0112 0.0109 0.0060 0.0022 0.0017 0.0005 0.0002 0.0000 0.0000 0.0000 0.0000 0.0000 0.0000 0.0000 0.0000 0.0000 0.0002 0.0005 0.0043 0.0090 0.0788 0.0824 0.1170 0.1974 0.5078 0.6579 0.8978 0.9996 1.0000 0.9994 0.8575 0.4833 0.3887 0.0394 0.0967 0.1200 0.0092 0.0036 0.0088 0.0025 0.0004 0.0004 0.0004 0.0001 0.0001 0.0001 0.0001 0.0000 0.0000 0.0000 0.0000 0.0000 0.0000 0.0000 0.0000 0.0001 0.0003 0.0010 0.0067 0.0282 0.0441 0.0155 0.0021 0.0006 0.0003 0.0003 0.0003 0.0004 0.0003 0.0004 0.0004 0.0004 0.0005 0.0007 0.0014 0.0016 0.0024 0.0052 0.0063 0.0045 0.0143 0.0064 0.0039 0.0070 0.0087 0.0077 0.0108 0.0036 0.0029 0.0015 0.0009 0.0010 0.0003 0.0016 0.0004 0.0024 0.0019 0.0020 0.0137 0.0044 0.0065 0.0181 0.0087 0.0053
0.0108 0.0308 0.0115 0.0144 0.0267 0.0177 0.0459 0.0152 0.0211 0.0126 0.0047 0.0097 0.0014 0.0004 0.0002 0.0000 0.0000 0.0000 0.0000 0.0000 0.0000 0.0000 0.0002 0.0008 0.0017 0.0349 0.0370 0.2156 0.1802 0.1696 0.2294 0.5120 0.4532 0.6508 0.7978 0.9994 1.0000 0.9994 0.7946 0.5692 0.1462 0.2864 0.6809 0.0742 0.0205 0.0680 0.0428 0.0017 0.0010 0.0019 0.0005 0.0001 0.0001 0.0001 0.0000 0.0000 0.0000 0.0000 0.0000 0.0000 0.0000 0.0001 0.0002 0.0007 0.0034 0.0450 0.0890 0.1129 0.0794 0.0077 0.0029 0.0005 0.0004 0.0004 0.0004 0.0003 0.0005 0.0009 0.0006 0.0011 0.0025 0.0028 0.0030 0.0113 0.0115 0.0349 0.0115 0.0371 0.0104 0.0054 0.0185 0.0199 0.0631 0.0301 0.0181 0.0108 0.0044 0.0036 0.0056 0.0016 0.0060 0.0012 0.0037 0.0181 0.0053 0.0661 0.0116 0.0168 0.0504 0.0119 0.0079
0.0071 0.0086 0.0062 0.0078 0.0075 0.0063 0.0141 0.0062 0.0081 0.0070 0.0021 0.0014 0.0004 0.0002 0.0000 0.0000 0.0000 0.0000 0.0000 0.0000 0.0000 0.0000 0.0000 0.0003 0.0006 0.0164 0.0158 0.1391 0.1002 0.0899 0.0861 0.1650 0.1178 0.3461 0.4236 0.8575 0.9994 1.0000 0.9995 0.8049 0.2003 0.3850 0.5822 0.1093 0.0203 0.0505 0.0259 0.0017 0.0007 0.0010 0.0003 0.0001 0.0001 0.0001 0.0000 0.0000 0.0000 0.0000 0.0000 0.0000 0.0000 0.0000 0.0001 0.0005 0.0044 0.0602 0.1250 0.1139 0.0586 0.0040 0.0011 0.0002 0.0002 0.0001 0.0003 0.0002 0.0003 0.0003 0.0004 0.0006 0.0007 0.0011 0.0014 0.0019 0.0042 0.0099 0.0086 0.0200 0.0120 0.0087 0.0152 0.0273 0.0156 0.0148 0.0042 0.0027 0.0015 0.0009 0.0008 0.0004 0.0008 0.0004 0.0008 0.0063 0.0019 0.0145 0.0049 0.0080 0.0283 0.0092 0.0059
0.0063 0.0076 0.0056 0.0068 0.0046 0.0034 0.0042 0.0026 0.0030 0.0023 0.0009 0.0004 0.0002 0.0000 0.0000 0.0000 0.0000 0.0000 0.0000 0.0000 0.0000 0.0000 0.0000 0.0001 0.0003 0.0022 0.0038 0.0420 0.0433 0.0457 0.0426 0.0771 0.0535 0.0711 0.3129 0.4833 0.7946 0.9995 1.0000 0.9994 0.8019 0.5437 0.6106 0.2185 0.0286 0.0166 0.0062 0.0010 0.0003 0.0001 0.0000 0.0000 0.0001 0.0000 0.0000 0.0000 0.0000 0.0000 0.0000 0.0000 0.0000 0.0000 0.0001 0.0002 0.0009 0.0124 0.0425 0.0254 0.0088 0.0010 0.0003 0.0001 0.0001 0.0001 0.0002 0.0002 0.0002 0.0002 0.0003 0.0004 0.0004 0.0005 0.0009 0.0011 0.0023 0.0047 0.0041 0.0083 0.0061 0.0052 0.0089 0.0133 0.0069 0.0090 0.0036 0.0023 0.0014 0.0007 0.0007 0.0003 0.0005 0.0003 0.0005 0.0018 0.0009 0.0103 0.0033 0.0047 0.0156 0.0079 0.0050
0.0054 0.0088 0.0054 0.0077 0.0081 0.0040 0.0059 0.0030 0.0048 0.0051 0.0021 0.0010 0.0004 0.0001 0.0000 0.0000 0.0000 0.0000 0.0000 0.0000 0.0000 0.0002 0.0001 0.0004 0.0008 0.0073 0.0114 0.0820 0.0801 0.0671 0.0572 0.0999 0.0393 0.0608 0.0818 0.3887 0.5692 0.8049 0.9994 1.0000 0.9994 0.9474 0.8485 0.7366 0.0812 0.0259 0.0094 0.0025 0.0003 0.0001 0.0000 0.0001 0.0001 0.0000 0.0000 0.0000 0.0000 0.0000 0.0000 0.0000 0.0000 0.0000 0.0001 0.0003 0.0022 0.0290 0.0652 0.0421 0.0274 0.0026 0.0008 0.0003 0.0002 0.0001 0.0002 0.0001 0.0002 0.0001 0.0002 0.0003 0.0004 0.0005 0.0009 0.0019 0.0036 0.0090 0.0048 0.0085 0.0054 0.0049 0.0073 0.0108 0.0106 0.0102 0.0068 0.0033 0.0016 0.0010 0.0008 0.0005 0.0008 0.0007 0.0010 0.0130 0.0041 0.0692 0.0103 0.0114 0.0336 0.0133 0.0080
0.0043 0.0059 0.0038 0.0046 0.0044 0.0021 0.0032 0.0021 0.0030 0.0030 0.0014 0.0006 0.0004 0.0001 0.0001 0.0000 0.0001 0.0000 0.0000 0.0001 0.0002 0.0002 0.0002 0.0003 0.0003 0.0020 0.0060 0.0240 0.0272 0.0289 0.0170 0.0196 0.0085 0.0126 0.0122 0.0394 0.1462 0.2003 0.8019 0.9994 1.0000 0.9997 0.9029 0.8331 0.8406 0.0410 0.0053 0.0041 0.0014 0.0001 0.0000 0.0000 0.0000 0.0000 0.0000 0.0000 0.0000 0.0000 0.0000 0.0000 0.0000 0.0000 0.0001 0.0003 0.0014 0.0175 0.0401 0.0172 0.0096 0.0008 0.0003 0.0001 0.0001 0.0000 0.0001 0.0000 0.0001 0.0001 0.0001 0.0002 0.0003 0.0004 0.0008 0.0026 0.0026 0.0109 0.0034 0.0066 0.0041 0.0029 0.0052 0.0059 0.0063 0.0087 0.0052 0.0026 0.0019 0.0006 0.0008 0.0004 0.0004 0.0005 0.0004 0.0033 0.0010 0.0175 0.0047 0.0058 0.0126 0.0065 0.0050
0.0039 0.0097 0.0036 0.0058 0.0073 0.0031 0.0069 0.0030 0.0047 0.0034 0.0022 0.0014 0.0010 0.0002 0.0002 0.0000 0.0002 0.0001 0.0001 0.0002 0.0002 0.0003 0.0002 0.0006 0.0006 0.0099 0.0128 0.0755 0.0617 0.0446 0.0393 0.0842 0.0239 0.0376 0.0211 0.0967 0.2864 0.3850 0.5437 0.9474 0.9997 1.0000 0.9996 0.9648 0.9402 0.8988 0.0240 0.0050 0.0037 0.0011 0.0000 0.0000 0.0000 0.0000 0.0000 0.0000 0.0000 0.0000 0.0000 0.0000 0.0000 0.0000 0.0001 0.0004 0.0021 0.0295 0.0596 0.0333 0.0169 0.0008 0.0005 0.0001 0.0001 0.0000 0.0001 0.0000 0.0001 0.0000 0.0000 0.0001 0.0002 0.0001 0.0004 0.0018 0.0017 0.0194 0.0111 0.0246 0.0106 0.0067 0.0195 0.0181 0.0309 0.0097 0.0060 0.0014 0.0007 0.0008 0.0007 0.0008 0.0003 0.0010 0.0006 0.0095 0.0014 0.0163 0.0038 0.0053 0.0114 0.0042 0.0037
0.0030 0.0082 0.0030 0.0044 0.0119 0.0030 0.0150 0.0044 0.0092 0.0079 0.0069 0.0078 0.0135 0.0008 0.0039 0.0002 0.0009 0.0002 0.0002 0.0003 0.0008 0.0014 0.0009 0.0173 0.0063 0.1807 0.0570 0.2499 0.1266 0.0730 0.0669 0.2083 0.0332 0.0724 0.0313 0.1200 0.6809 0.5822 0.6106 0.8485 0.9029 0.9996 1.0000 0.9997 0.9649 0.9584 0.9406 0.0123 0.0028 0.0069 0.0010 0.0000 0.0000 0.0000 0.0000 0.0000 0.0000 0.0000 0.0000 0.0000 0.0000 0.0000 0.0002 0.0026 0.0103 0.2052 0.1557 0.1057 0.1642 0.0047 0.0100 0.0003 0.0010 0.0001 0.0001 0.0001 0.0001 0.0002 0.0001 0.0003 0.0011 0.0002 0.0005 0.0147 0.0046 0.0485 0.0082 0.0351 0.0076 0.0040 0.0185 0.0138 0.0567 0.0103 0.0239 0.0025 0.0012 0.0026 0.0052 0.0122 0.0017 0.0296 0.0038 0.2005 0.0130 0.1567 0.0115 0.0123 0.0347 0.0052 0.0049
0.0022 0.0039 0.0018 0.0022 0.0026 0.0018 0.0047 0.0053 0.0079 0.0092 0.0057 0.0026 0.0085 0.0004 0.0010 0.0001 0.0007 0.0003 0.0002 0.0005 0.0008 0.0008 0.0007 0.0058 0.0089 0.0694 0.0399 0.0875 0.0476 0.0236 0.0118 0.0182 0.0038 0.0066 0.0029 0.0092 0.0742 0.1093 0.2185 0.7366 0.8331 0.9648 0.9997 1.0000 0.9998 0.9644 0.9629 0.8924 0.0077 0.0022 0.0016 0.0003 0.0000 0.0000 0.0000 0.0000 0.0000 0.0000 0.0000 0.0000 0.0001 0.0002 0.0007 0.0103 0.0329 0.3577 0.2835 0.1513 0.1711 0.0090 0.0123 0.0004 0.0012 0.0001 0.0001 0.0000 0.0000 0.0000 0.0000 0.0000 0.0002 0.0000 0.0001 0.0007 0.0005 0.0155 0.0061 0.0259 0.0112 0.0077 0.0214 0.0169 0.0153 0.0014 0.0019 0.0007 0.0005 0.0009 0.0003 0.0012 0.0003 0.0057 0.0015 0.1066 0.0099 0.1482 0.0114 0.0093 0.0258 0.0058 0.0043
0.0022 0.0034 0.0015 0.0019 0.0016 0.0007 0.0013 0.0011 0.0016 0.0017 0.0011 0.0005 0.0013 0.0001 0.0003 0.0001 0.0004 0.0002 0.0002 0.0002 0.0002 0.0002 0.0001 0.0011 0.0019 0.0170 0.0093 0.0186 0.0098 0.0073 0.0046 0.0070 0.0018 0.0034 0.0014 0.0036 0.0205 0.0203 0.0286 0.0812 0.8406 0.9402 0.9649 0.9998 1.0000 0.9997 0.9764 0.9625 0.8880 0.0082 0.0016 0.0014 0.0003 0.0000 0.0000 0.0000 0.0000 0.0000 0.0000 0.0000 0.0001 0.0001 0.0005 0.0032 0.0058 0.1321 0.0642 0.0257 0.0202 0.0005 0.0010 0.0000 0.0001 0.0000 0.0001 0.0000 0.0000 0.0000 0.0000 0.0000 0.0000 0.0000 0.0001 0.0007 0.0005 0.0097 0.0033 0.0258 0.0080 0.0051 0.0181 0.0058 0.0062 0.0005 0.0009 0.0002 0.0002 0.0004 0.0000 0.0003 0.0000 0.0007 0.0001 0.0068 0.0005 0.0126 0.0016 0.0019 0.0037 0.0022 0.0024
0.0022 0.0049 0.0014 0.0019 0.0031 0.0010 0.0025 0.0010 0.0014 0.0016 0.0022 0.0015 0.0075 0.0004 0.0038 0.0002 0.0019 0.0004 0.0003 0.0004 0.0006 0.0012 0.0005 0.0056 0.0045 0.0594 0.0174 0.0590 0.0190 0.0131 0.0120 0.0358 0.0045 0.0084 0.0026 0.0088 0.0680 0.0505 0.0166 0.0259 0.0410 0.8988 0.9584 0.9644 0.9997 1.0000 0.9997 0.9822 0.9750 0.9218 0.0097 0.0020 0.0015 0.0005 0.0000 0.0000 0.0000 0.0000 0.0000 0.0000 0.0001 0.0001 0.0008 0.0062 0.0142 0.2377 0.1268 0.0887 0.0882 0.0016 0.0051 0.0001 0.0003 0.0001 0.0001 0.0000 0.0001 0.0003 0.0000 0.0002 0.0006 0.0002 0.0010 0.0141 0.0050 0.0688 0.0214 0.0715 0.0210 0.0077 0.0346 0.0043 0.0463 0.0022 0.0074 0.0016 0.0010 0.0017 0.0002 0.0022 0.0002 0.0117 0.0010 0.0653 0.0028 0.0232 0.0025 0.0035 0.0045 0.0017 0.0021
0.0016 0.0071 0.0011 0.0017 0.0043 0.0008 0.0042 0.0010 0.0025 0.0033 0.0071 0.0086 0.0746 0.0040 0.0735 0.0007 0.0082 0.0006 0.0004 0.0019 0.0065 0.0184 0.0042 0.2405 0.0357 0.3752 0.0477 0.1115 0.0257 0.0148 0.0077 0.0202 0.0022 0.0034 0.0013 0.0025 0.0428 0.0259 0.0062 0.0094 0.0053 0.0240 0.9406 0.9629 0.9764 0.9997 1.0000 0.9997 0.9865 0.9865 0.9477 0.0062 0.0012 0.0023 0.0014 0.0001 0.0000 0.0001 0.0001 0.0001 0.0006 0.0004 0.0038 0.1438 0.0710 0.5453 0.1459 0.0753 0.4277 0.0175 0.2634 0.0019 0.0128 0.0003 0.0003 0.0000 0.0001 0.0003 0.0000 0.0002 0.0012 0.0002 0.0004 0.0125 0.0016 0.0585 0.0043 0.0277 0.0033 0.0012 0.0050 0.0014 0.0261 0.0009 0.0078 0.0036 0.0021 0.0114 0.0012 0.0375 0.0028 0.3079 0.0171 0.5954 0.0188 0.0809 0.0031 0.0027 0.0044 0.0010 0.0012
0.0015 0.0037 0.0008 0.0010 0.0011 0.0004 0.0008 0.0005 0.0009 0.0016 0.0025 0.0015 0.0066 0.0006 0.0058 0.0004 0.0035 0.0008 0.0004 0.0011 0.0013 0.0015 0.0020 0.0215 0.0148 0.0374 0.0057 0.0061 0.0021 0.0018 0.0009 0.0013 0.0004 0.0007 0.0004 0.0004 0.0017 0.0017 0.0010 0.0025 0.0041 0.0050 0.0123 0.8924 0.9625 0.9822 0.9997 1.0000 0.9998 0.9878 0.9848 0.9553 0.0063 0.0012 0.0025 0.0011 0.0004 0.0006 0.0001 0.0004 0.0017 0.0022 0.0149 0.1769 0.0991 0.4549 0.1210 0.0434 0.1432 0.0080 0.0701 0.0008 0.0031 0.0001 0.0001 0.0001 0.0001 0.0001 0.0000 0.0000 0.0001 0.0000 0.0000 0.0006 0.0002 0.0053 0.0011 0.0069 0.0019 0.0014 0.0041 0.0007 0.0023 0.0002 0.0013 0.0006 0.0005 0.0034 0.0002 0.0014 0.0002 0.0135 0.0010 0.0732 0.0021 0.0210 0.0018 0.0014 0.0022 0.0011 0.0012
0.0018 0.0031 0.0009 0.0010 0.0008 0.0003 0.0006 0.0003 0.0004 0.0004 0.0005 0.0003 0.0014 0.0001 0.0015 0.0002 0.0014 0.0004 0.0002 0.0005 0.0004 0.0007 0.0001 0.0022 0.0003 0.0048 0.0005 0.0016 0.0009 0.0009 0.0007 0.0010 0.0003 0.0005 0.0004 0.0004 0.0010 0.0007 0.0003 0.0003 0.0014 0.0037 0.0028 0.0077 0.8880 0.9750 0.9865 0.9998 1.0000 0.9997 0.9868 0.9888 0.9437 0.0105 0.0021 0.0016 0.0009 0.0010 0.0001 0.0003 0.0009 0.0007 0.0038 0.0273 0.0107 0.0923 0.0096 0.0035 0.0108 0.0009 0.0052 0.0001 0.0005 0.0001 0.0001 0.0001 0.0002 0.0003 0.0001 0.0004 0.0012 0.0003 0.0007 0.0057 0.0023 0.0282 0.0073 0.0244 0.0061 0.0030 0.0126 0.0013 0.0049 0.0004 0.0010 0.0004 0.0001 0.0004 0.0000 0.0004 0.0000 0.0026 0.0001 0.0092 0.0003 0.0040 0.0008 0.0008 0.0010 0.0007 0.0010
0.0019 0.0069 0.0011 0.0013 0.0019 0.0005 0.0016 0.0005 0.0005 0.0005 0.0020 0.0025 0.0359 0.0036 0.0965 0.0016 0.0178 0.0015 0.0006 0.0036 0.0114 0.0317 0.0038 0.1276 0.0062 0.1053 0.0044 0.0116 0.0032 0.0027 0.0016 0.0032 0.0005 0.0007 0.0003 0.0004 0.0019 0.0010 0.0001 0.0001 0.0001 0.0011 0.0069 0.0022 0.0082 0.9218 0.9865 0.9878 0.9997 1.0000 0.9998 0.9885 0.9826 0.9399 0.0387 0.0026 0.0022 0.0023 0.0001 0.0008 0.0033 0.0012 0.0161 0.2461 0.0527 0.2663 0.0145 0.0117 0.1339 0.0088 0.3169 0.0036 0.0168 0.0005 0.0003 0.0002 0.0017 0.0048 0.0006 0.0036 0.0149 0.0015 0.0040 0.0504 0.0216 0.0712 0.0139 0.0286 0.0054 0.0027 0.0158 0.0029 0.0448 0.0014 0.0120 0.0034 0.0012 0.0049 0.0007 0.0242 0.0030 0.2071 0.0098 0.2228 0.0038 0.0099 0.0010 0.0008 0.0010 0.0004 0.0007
0.0015 0.0060 0.0008 0.0008 0.0017 0.0003 0.0014 0.0004 0.0005 0.0005 0.0017 0.0038 0.0501 0.0147 0.2930 0.0090 0.1045 0.0062 0.0023 0.0092 0.0326 0.1560 0.0298 0.4329 0.0193 0.1222 0.0025 0.0028 0.0012 0.0007 0.0004 0.0005 0.0001 0.0002 0.0001 0.0001 0.0005 0.0003 0.0000 0.0000 0.0000 0.0000 0.0010 0.0016 0.0016 0.0097 0.9477 0.9848 0.9868 0.9998 1.0000 0.9998 0.9827 0.9754 0.9439 0.0380 0.0102 0.0126 0.0012 0.0061 0.0569 0.0203 0.1093 0.6316 0.0850 0.3280 0.0066 0.0033 0.1224 0.0164 0.6415 0.0172 0.1797 0.0019 0.0010 0.0002 0.0008 0.0022 0.0001 0.0005 0.0031 0.0003 0.0002 0.0063 0.0005 0.0084 0.0008 0.0021 0.0005 0.0002 0.0006 0.0002 0.0027 0.0002 0.0019 0.0014 0.0009 0.0053 0.0010 0.1014 0.0057 0.5137 0.0141 0.2835 0.0024 0.0031 0.0004 0.0004 0.0005 0.0003 0.0004
