1.0000 0.9982 0.7558 0.3982 0.1953 0.0627 0.0163 0.0071 0.0022 0.0009 0.0004 0.0003 0.0002 0.0003 0.0002 0.0002 0.0003 0.0003 0.0002 0.0004 0.0005 0.0004 0.0005 0.0012 0.0012 0.0011 0.0017 0.0028 0.0026 0.0037 0.0066 0.0087 0.0161 0.0152 0.0163 0.0082 0.0089 0.0050 0.0032 0.0034 0.0028 0.0030 0.0041 0.0037 0.0059 0.0083 0.0188 0.0211 0.0162 0.0182 0.0070 0.0081 0.0156 0.0048 0.0026 0.0040 0.0055 0.0038 0.0063 0.0047 0.0071 0.0058 0.0048 0.0055 0.0052 0.0052 0.0080 0.0048 0.0113 0.0071 0.0100 0.0212 0.0109 0.0256 0.0131 0.0076 0.0104 0.0288 0.0164 0.0273 0.0241 0.0225 0.0379 0.0133 0.0100 0.0072 0.0065 0.0130 0.0173 0.0236 0.0082 0.0057 0.0049 0.0059 0.0055 0.0041 0.0090 0.0161 0.0700 0.0644 0.0819 0.0875 0.0457 0.0460 0.0693 0.0382 0.0338 0.0816 0.0425 0.0145 0.0319 0.0377 0.0066 0.0049 0.0106 0.0034 0.0011 0.0013 0.0012 0.0006 0.0004 0.0005 0.0005 0.0003 0.0003 0.0004 0.0003 0.0004 0.0004 0.0005 0.0012 0.0032 0.0135 0.0289 0.1003 0.0703 0.0720 0.0503 0.0219 0.0166 0.0091 0.0069 0.0115 0.0110 0.0214 0.0216 0.0277 0.0230 0.0158 0.0180 0.0220 0.0273 0.0333 0.0464 0.0280
0.9982 1.0000 0.9997 0.8059 0.2873 0.1675 0.0170 0.0041 0.0011 0.0007 0.0001 0.0001 0.0001 0.0001 0.0001 0.0001 0.0001 0.0001 0.0001 0.0002 0.0003 0.0002 0.0003 0.0008 0.0010 0.0010 0.0015 0.0030 0.0036 0.0052 0.0074 0.0130 0.0268 0.0187 0.0258 0.0089 0.0123 0.0053 0.0032 0.0033 0.0027 0.0030 0.0038 0.0038 0.0062 0.0093 0.0244 0.0258 0.0156 0.0171 0.0062 0.0065 0.0159 0.0059 0.0033 0.0042 0.0076 0.0051 0.0077 0.0053 0.0080 0.0072 0.0053 0.0060 0.0046 0.0046 0.0076 0.0049 0.0127 0.0094 0.0098 0.0212 0.0134 0.0268 0.0190 0.0085 0.0104 0.0232 0.0159 0.0263 0.0284 0.0267 0.0405 0.0137 0.0084 0.0067 0.0063 0.0180 0.0253 0.0300 0.0117 0.0069 0.0043 0.0035 0.0054 0.0033 0.0085 0.0193 0.1120 0.1125 0.1319 0.1330 0.0694 0.0746 0.1108 0.0566 0.0452 0.1179 0.0630 0.0176 0.0419 0.0400 0.0066 0.0053 0.0088 0.0025 0.0008 0.0008 0.0008 0.0003 0.0003 0.0003 0.0002 0.0001 0.0001 0.0001 0.0001 0.0002 0.0003 0.0004 0.0009 0.0029 0.0148 0.0422 0.1559 0.1436 0.1341 0.0868 0.0387 0.0260 0.0145 0.0113 0.0189 0.0125 0.0237 0.0271 0.0439 0.0390 0.0223 0.0254 0.0290 0.0337 0.0342 0.0536 0.0284
0.7558 0.9997 1.0000 0.9994 0.8061 0.2589 0.1105 0.0047 0.0009 0.0005 0.0002 0.0000 0.0000 0.0001 0.0000 0.0001 0.0001 0.0001 0.0001 0.0001 0.0003 0.0002 0.0003 0.0010 0.0010 0.0009 0.0015 0.0031 0.0027 0.0047 0.0092 0.0131 0.0276 0.0259 0.0353 0.0143 0.0186 0.0062 0.0030 0.0036 0.0025 0.0031 0.0050 0.0061 0.0109 0.0160 0.0433 0.0459 0.0285 0.0302 0.0100 0.0160 0.0400 0.0104 0.0046 0.0063 0.0104 0.0056 0.0101 0.0051 0.0092 0.0069 0.0060 0.0064 0.0061 0.0056 0.0120 0.0054 0.0153 0.0087 0.0092 0.0234 0.0101 0.0293 0.0158 0.0063 0.0078 0.0212 0.0123 0.0276 0.0253 0.0277 0.0486 0.0178 0.0142 0.0096 0.0178 0.0386 0.0397 0.0422 0.0113 0.0050 0.0025 0.0030 0.0071 0.0050 0.0095 0.0414 0.1590 0.1696 0.1130 0.1235 0.0533 0.0859 0.1747 0.0598 0.0437 0.1606 0.0525 0.0199 0.0773 0.0514 0.0064 0.0062 0.0074 0.0026 0.0006 0.0008 0.0010 0.0004 0.0002 0.0002 0.0003 0.0000 0.0000 0.0001 0.0000 0.0001 0.0002 0.0005 0.0015 0.0064 0.0230 0.0727 0.3278 0.2776 0.1998 0.1130 0.0435 0.0254 0.0118 0.0090 0.0225 0.0163 0.0237 0.0350 0.0501 0.0386 0.0189 0.0259 0.0315 0.0366 0.0358 0.0663 0.0322
0.3982 0.8059 0.9994 1.0000 0.9994 0.8763 0.1645 0.0941 0.0015 0.0005 0.0001 0.0001 0.0000 0.0001 0.0001 0.0001 0.0001 0.0001 0.0001 0.0003 0.0005 0.0002 0.0004 0.0026 0.0012 0.0007 0.0014 0.0044 0.0018 0.0034 0.0122 0.0108 0.0169 0.0338 0.0303 0.0195 0.0211 0.0079 0.0027 0.0053 0.0029 0.0038 0.0066 0.0066 0.0099 0.0117 0.0419 0.0581 0.0204 0.0182 0.0063 0.0193 0.0434 0.0079 0.0046 0.0127 0.0129 0.0047 0.0134 0.0041 0.0091 0.0063 0.0077 0.0148 0.0202 0.0188 0.0530 0.0109 0.0437 0.0125 0.0125 0.0529 0.0111 0.0518 0.0193 0.0062 0.0095 0.0517 0.0164 0.0794 0.0336 0.0568 0.1585 0.0910 0.0687 0.0531 0.0720 0.0777 0.0647 0.0525 0.0085 0.0044 0.0032 0.0055 0.0251 0.0139 0.1616 0.2131 0.2307 0.2080 0.0330 0.0448 0.0116 0.0284 0.0879 0.0157 0.0184 0.1341 0.0345 0.0070 0.0741 0.0992 0.0060 0.0061 0.0404 0.0088 0.0005 0.0025 0.0041 0.0004 0.0002 0.0007 0.0004 0.0000 0.0001 0.0002 0.0000 0.0003 0.0003 0.0005 0.0037 0.0131 0.0734 0.2171 0.5604 0.3927 0.2099 0.1280 0.0316 0.0222 0.0082 0.0064 0.0335 0.0250 0.0793 0.0844 0.0812 0.0401 0.0184 0.0325 0.0508 0.0708 0.0680 0.1722 0.0569
0.1953 0.2873 0.8061 0.9994 1.0000 0.9996 0.9117 0.1438 0.0619 0.0015 0.0002 0.0004 0.0000 0.0001 0.0000 0.0001 0.0006 0.0001 0.0001 0.0016 0.0018 0.0002 0.0006 0.0112 0.0014 0.0005 0.0012 0.0045 0.0011 0.0017 0.0168 0.0059 0.0094 0.0371 0.0235 0.0325 0.0240 0.0092 0.0021 0.0045 0.0017 0.0021 0.0036 0.0027 0.0049 0.0042 0.0183 0.0306 0.0085 0.0100 0.0023 0.0076 0.0308 0.0052 0.0040 0.0209 0.0195 0.0048 0.0178 0.0030 0.0105 0.0043 0.0150 0.0156 0.0775 0.0271 0.1241 0.0134 0.1027 0.0126 0.0071 0.0928 0.0044 0.0366 0.0049 0.0021 0.0030 0.0202 0.0061 0.0950 0.0141 0.0307 0.2311 0.1824 0.2892 0.1935 0.1989 0.1072 0.0355 0.0215 0.0018 0.0007 0.0006 0.0027 0.0093 0.0882 0.2027 0.4782 0.1966 0.3000 0.0129 0.0219 0.0041 0.0192 0.1277 0.0099 0.0103 0.1900 0.0263 0.0067 0.2582 0.3797 0.0073 0.0236 0.4988 0.0509 0.0015 0.0209 0.0339 0.0005 0.0003 0.0022 0.0007 0.0000 0.0001 0.0003 0.0000 0.0007 0.0003 0.0011 0.0137 0.0435 0.6008 0.7214 0.7535 0.3763 0.1151 0.0996 0.0102 0.0097 0.0038 0.0033 0.0278 0.0338 0.0730 0.0940 0.0446 0.0183 0.0065 0.0103 0.0207 0.0350 0.0250 0.0822 0.0203
0.0627 0.1675 0.2589 0.8763 0.9996 1.0000 0.9997 0.9344 0.1005 0.0589 0.0012 0.0013 0.0000 0.0002 0.0000 0.0001 0.0005 0.0000 0.0000 0.0014 0.0010 0.0001 0.0003 0.0025 0.0004 0.0002 0.0004 0.0011 0.0003 0.0005 0.0046 0.0022 0.0054 0.0186 0.0234 0.0351 0.0507 0.0221 0.0031 0.0052 0.0016 0.0017 0.0025 0.0015 0.0027 0.0024 0.0099 0.0209 0.0044 0.0046 0.0013 0.0047 0.0216 0.0036 0.0027 0.0140 0.0142 0.0030 0.0113 0.0020 0.0052 0.0035 0.0067 0.0190 0.0292 0.0178 0.0296 0.0025 0.0124 0.0023 0.0010 0.0063 0.0008 0.0060 0.0016 0.0007 0.0009 0.0033 0.0010 0.0077 0.0014 0.0036 0.0363 0.0539 0.2140 0.2357 0.1939 0.1449 0.0403 0.0300 0.0016 0.0011 0.0022 0.0075 0.2115 0.2673 0.2455 0.2666 0.0326 0.0158 0.0019 0.0017 0.0007 0.0014 0.0048 0.0009 0.0008 0.0069 0.0008 0.0003 0.0042 0.0077 0.0003 0.0008 0.0219 0.0030 0.0002 0.0028 0.0089 0.0003 0.0001 0.0012 0.0008 0.0000 0.0001 0.0004 0.0001 0.0018 0.0005 0.0044 0.0342 0.2900 0.7665 0.8678 0.6020 0.5839 0.4246 0.4413 0.0668 0.0714 0.0154 0.0136 0.1687 0.1269 0.1894 0.1354 0.0664 0.0237 0.0077 0.0147 0.0341 0.0695 0.0611 0.1800 0.0364
0.0163 0.0170 0.1105 0.1645 0.9117 0.9997 1.0000 0.9998 0.9146 0.1106 0.0264 0.0197 0.0001 0.0004 0.0000 0.0010 0.0137 0.0002 0.0003 0.0485 0.0132 0.0003 0.0010 0.0329 0.0007 0.0001 0.0005 0.0013 0.0003 0.0004 0.0056 0.0012 0.0019 0.0180 0.0074 0.0270 0.0212 0.0154 0.0017 0.0036 0.0012 0.0014 0.0020 0.0010 0.0024 0.0021 0.0104 0.0223 0.0045 0.0028 0.0010 0.0050 0.0242 0.0019 0.0014 0.0195 0.0131 0.0014 0.0081 0.0011 0.0028 0.0019 0.0148 0.0177 0.1079 0.0171 0.1241 0.0030 0.0580 0.0024 0.0011 0.0193 0.0007 0.0072 0.0012 0.0005 0.0007 0.0037 0.0012 0.0245 0.0021 0.0055 0.1259 0.1279 0.4805 0.3057 0.3541 0.1044 0.0137 0.0055 0.0005 0.0005 0.0016 0.0411 0.2054 0.4571 0.2149 0.4409 0.0166 0.0270 0.0008 0.0011 0.0003 0.0009 0.0060 0.0006 0.0005 0.0063 0.0007 0.0003 0.0111 0.0432 0.0010 0.0039 0.3795 0.1255 0.0015 0.0872 0.4965 0.0073 0.0012 0.0813 0.0244 0.0001 0.0004 0.0050 0.0003 0.0208 0.0019 0.0123 0.5911 0.7020 0.8248 0.5227 0.1206 0.0573 0.0697 0.2138 0.0197 0.0164 0.0048 0.0047 0.0406 0.0375 0.0824 0.0745 0.0275 0.0135 0.0044 0.0051 0.0115 0.0192 0.0176 0.0504 0.0119
0.0071 0.0041 0.0047 0.0941 0.1438 0.9344 0.9998 1.0000 0.9996 0.8630 0.0910 0.1658 0.0008 0.0008 0.0001 0.0026 0.0228 0.0001 0.0002 0.0170 0.0022 0.0000 0.0002 0.0018 0.0001 0.0000 0.0001 0.0003 0.0001 0.0001 0.0011 0.0004 0.0006 0.0033 0.0019 0.0074 0.0127 0.0104 0.0025 0.0047 0.0017 0.0015 0.0021 0.0011 0.0020 0.0015 0.0044 0.0091 0.0019 0.0019 0.0008 0.0030 0.0150 0.0015 0.0015 0.0179 0.0138 0.0016 0.0109 0.0018 0.0054 0.0049 0.0171 0.0289 0.0511 0.0107 0.0202 0.0009 0.0075 0.0009 0.0004 0.0031 0.0003 0.0022 0.0005 0.0003 0.0004 0.0012 0.0005 0.0063 0.0016 0.0090 0.0543 0.0906 0.2167 0.2396 0.2589 0.2201 0.0405 0.0531 0.0045 0.0075 0.0936 0.2326 0.2659 0.3253 0.0716 0.0658 0.0172 0.0044 0.0007 0.0007 0.0003 0.0005 0.0015 0.0003 0.0001 0.0006 0.0001 0.0000 0.0004 0.0009 0.0001 0.0002 0.0117 0.0026 0.0002 0.0066 0.0729 0.0007 0.0003 0.0375 0.0134 0.0001 0.0004 0.0176 0.0016 0.0578 0.0101 0.1711 0.7828 0.8056 0.6125 0.3612 0.0444 0.0564 0.1748 0.4286 0.1533 0.1022 0.0351 0.0245 0.1958 0.1064 0.1710 0.0914 0.0477 0.0182 0.0065 0.0084 0.0133 0.0258 0.0202 0.0583 0.0124
0.0022 0.0011 0.0009 0.0015 0.0619 0.1005 0.9146 0.9996 1.0000 0.9995 0.8059 0.9432 0.0156 0.0214 0.0007 0.0549 0.4559 0.0016 0.0015 0.2508 0.0143 0.0003 0.0007 0.0067 0.0002 0.0001 0.0001 0.0003 0.0001 0.0001 0.0009 0.0003 0.0004 0.0021 0.0008 0.0046 0.0041 0.0044 0.0013 0.0025 0.0012 0.0011 0.0014 0.0008 0.0016 0.0011 0.0021 0.0037 0.0011 0.0015 0.0007 0.0015 0.0063 0.0010 0.0010 0.0104 0.0076 0.0014 0.0082 0.0019 0.0047 0.0036 0.0191 0.0103 0.0591 0.0041 0.0264 0.0013 0.0104 0.0010 0.0005 0.0043 0.0003 0.0022 0.0005 0.0004 0.0004 0.0020 0.0012 0.0172 0.0080 0.0323 0.0564 0.0679 0.1653 0.1030 0.3723 0.1782 0.0756 0.0892 0.0063 0.0192 0.1336 0.3628 0.2576 0.5306 0.0378 0.0549 0.0033 0.0056 0.0004 0.0005 0.0002 0.0002 0.0005 0.0002 0.0001 0.0003 0.0000 0.0000 0.0003 0.0005 0.0000 0.0003 0.0227 0.0067 0.0006 0.0390 0.4303 0.0186 0.0052 0.4222 0.4126 0.0032 0.0076 0.2866 0.0342 0.7452 0.2609 0.5914 0.8332 0.5321 0.1670 0.0337 0.0080 0.0082 0.0190 0.0881 0.0237 0.0151 0.0078 0.0073 0.0342 0.0220 0.0403 0.0245 0.0154 0.0076 0.0027 0.0030 0.0048 0.0083 0.0070 0.0176 0.0064
0.0009 0.0007 0.0005 0.0005 0.0015 0.0589 0.1106 0.8630 0.9995 1.0000 0.9999 0.8335 0.0147 0.0034 0.0002 0.0042 0.0127 0.0000 0.0000 0.0008 0.0001 0.0000 0.0000 0.0001 0.0000 0.0000 0.0000 0.0001 0.0001 0.0001 0.0003 0.0002 0.0003 0.0006 0.0006 0.0013 0.0020 0.0023 0.0018 0.0022 0.0016 0.0015 0.0017 0.0013 0.0019 0.0014 0.0021 0.0032 0.0017 0.0026 0.0011 0.0015 0.0047 0.0019 0.0016 0.0053 0.0086 0.0027 0.0091 0.0037 0.0055 0.0043 0.0047 0.0034 0.0047 0.0019 0.0033 0.0014 0.0026 0.0010 0.0006 0.0009 0.0003 0.0009 0.0005 0.0004 0.0004 0.0010 0.0019 0.0069 0.0136 0.0300 0.0282 0.0328 0.0258 0.0365 0.0534 0.0586 0.0477 0.0887 0.0207 0.0615 0.1901 0.2061 0.0564 0.0573 0.0059 0.0019 0.0032 0.0016 0.0012 0.0008 0.0003 0.0002 0.0003 0.0002 0.0000 0.0001 0.0000 0.0000 0.0000 0.0000 0.0000 0.0000 0.0003 0.0003 0.0001 0.0010 0.0055 0.0020 0.0005 0.0119 0.0417 0.0011 0.0018 0.0333 0.0351 0.3880 0.5243 0.6906 0.5213 0.3597 0.0195 0.0069 0.0019 0.0032 0.0091 0.0593 0.0721 0.0368 0.0260 0.0177 0.0399 0.0340 0.0322 0.0222 0.0340 0.0272 0.0104 0.0077 0.0093 0.0119 0.0105 0.0192 0.0084
0.0004 0.0001 0.0002 0.0001 0.0002 0.0012 0.0264 0.0910 0.8059 0.9999 1.0000 0.9994 0.4983 0.0141 0.0013 0.0397 0.0148 0.0001 0.0001 0.0010 0.0001 0.0000 0.0000 0.0000 0.0000 0.0000 0.0000 0.0000 0.0000 0.0001 0.0001 0.0001 0.0001 0.0003 0.0004 0.0006 0.0009 0.0012 0.0010 0.0012 0.0010 0.0011 0.0011 0.0010 0.0012 0.0011 0.0013 0.0019 0.0015 0.0024 0.0011 0.0014 0.0041 0.0022 0.0019 0.0050 0.0083 0.0032 0.0095 0.0039 0.0052 0.0027 0.0019 0.0008 0.0009 0.0002 0.0005 0.0004 0.0013 0.0005 0.0003 0.0002 0.0001 0.0005 0.0003 0.0003 0.0003 0.0004 0.0007 0.0019 0.0042 0.0109 0.0107 0.0069 0.0058 0.0048 0.0268 0.0361 0.0776 0.1924 0.1213 0.1786 0.3437 0.2761 0.0558 0.0303 0.0010 0.0003 0.0003 0.0002 0.0003 0.0003 0.0001 0.0001 0.0001 0.0000 0.0000 0.0000 0.0000 0.0000 0.0000 0.0000 0.0000 0.0000 0.0000 0.0000 0.0000 0.0002 0.0014 0.0004 0.0003 0.0107 0.0531 0.0033 0.0067 0.1978 0.3408 0.5915 0.5410 0.4353 0.0914 0.0222 0.0018 0.0008 0.0004 0.0005 0.0019 0.0071 0.0104 0.0062 0.0067 0.0055 0.0078 0.0053 0.0045 0.0035 0.0062 0.0055 0.0033 0.0024 0.0033 0.0037 0.0039 0.0058 0.0038
0.0003 0.0001 0.0000 0.0001 0.0004 0.0013 0.0197 0.1658 0.9432 0.8335 0.9994 1.0000 0.9994 0.6273 0.0512 0.9779 0.9635 0.0096 0.0348 0.5936 0.0079 0.0003 0.0009 0.0012 0.0001 0.0000 0.0000 0.0001 0.0000 0.0000 0.0003 0.0001 0.0001 0.0006 0.0004 0.0014 0.0009 0.0012 0.0008 0.0014 0.0010 0.0009 0.0008 0.0007 0.0012 0.0010 0.0022 0.0056 0.0021 0.0038 0.0014 0.0032 0.0157 0.0028 0.0024 0.0264 0.0263 0.0038 0.0236 0.0045 0.0077 0.0035 0.0075 0.0022 0.0045 0.0007 0.0022 0.0004 0.0019 0.0004 0.0002 0.0003 0.0001 0.0004 0.0002 0.0001 0.0001 0.0003 0.0004 0.0019 0.0019 0.0035 0.0132 0.0060 0.0420 0.0086 0.2266 0.1476 0.1900 0.2159 0.0562 0.1013 0.3047 0.5490 0.1024 0.2014 0.0022 0.0021 0.0005 0.0002 0.0001 0.0001 0.0000 0.0000 0.0000 0.0000 0.0000 0.0000 0.0000 0.0000 0.0000 0.0000 0.0000 0.0000 0.0001 0.0000 0.0000 0.0013 0.0115 0.0010 0.0030 0.3000 0.2309 0.0103 0.0982 0.8044 0.4743 0.7056 0.1945 0.0776 0.1181 0.0096 0.0014 0.0003 0.0002 0.0003 0.0009 0.0032 0.0027 0.0020 0.0019 0.0016 0.0036 0.0022 0.0048 0.0033 0.0047 0.0029 0.0014 0.0011 0.0016 0.0019 0.0021 0.0041 0.0022
0.0002 0.0001 0.0000 0.0000 0.0000 0.0000 0.0001 0.0008 0.0156 0.0147 0.4983 0.9994 1.0000 0.9993 0.9967 0.9936 0.8523 0.0281 0.0215 0.0104 0.0008 0.0001 0.0000 0.0000 0.0000 0.0000 0.0000 0.0000 0.0000 0.0000 0.0000 0.0001 0.0001 0.0001 0.0002 0.0004 0.0005 0.0012 0.0008 0.0011 0.0008 0.0010 0.0009 0.0009 0.0015 0.0019 0.0022 0.0049 0.0041 0.0075 0.0018 0.0022 0.0088 0.0040 0.0022 0.0083 0.0225 0.0050 0.0106 0.0033 0.0033 0.0011 0.0007 0.0001 0.0002 0.0000 0.0001 0.0001 0.0004 0.0002 0.0000 0.0000 0.0000 0.0002 0.0002 0.0002 0.0002 0.0002 0.0001 0.0002 0.0004 0.0004 0.0003 0.0000 0.0004 0.0001 0.0049 0.0041 0.0308 0.0362 0.0651 0.1704 0.2178 0.1700 0.0041 0.0038 0.0000 0.0000 0.0000 0.0000 0.0000 0.0000 0.0000 0.0000 0.0000 0.0000 0.0000 0.0000 0.0000 0.0000 0.0000 0.0000 0.0000 0.0000 0.0000 0.0000 0.0000 0.0001 0.0001 0.0001 0.0005 0.0148 0.0109 0.0063 0.0661 0.4320 0.2761 0.1707 0.0472 0.0047 0.0014 0.0003 0.0000 0.0000 0.0000 0.0001 0.0002 0.0004 0.0005 0.0005 0.0008 0.0007 0.0006 0.0004 0.0005 0.0007 0.0012 0.0014 0.0010 0.0008 0.0008 0.0008 0.0009 0.0012 0.0014
0.0003 0.0001 0.0001 0.0001 0.0001 0.0002 0.0004 0.0008 0.0214 0.0034 0.0141 0.6273 0.9993 1.0000 0.9999 0.9642 0.9748 0.6635 0.0215 0.0177 0.0054 0.0022 0.0019 0.0001 0.0000 0.0001 0.0001 0.0001 0.0000 0.0000 0.0003 0.0002 0.0003 0.0007 0.0007 0.0027 0.0020 0.0050 0.0026 0.0082 0.0037 0.0036 0.0030 0.0029 0.0070 0.0105 0.0172 0.0518 0.0430 0.0636 0.0165 0.0275 0.1152 0.0579 0.0243 0.0749 0.2656 0.0768 0.0921 0.0272 0.0224 0.0053 0.0034 0.0005 0.0008 0.0002 0.0007 0.0004 0.0029 0.0010 0.0004 0.0005 0.0005 0.0039 0.0022 0.0019 0.0026 0.0069 0.0005 0.0010 0.0010 0.0013 0.0015 0.0003 0.0025 0.0005 0.0267 0.0169 0.1431 0.0618 0.1040 0.2652 0.2869 0.3710 0.0173 0.0253 0.0004 0.0004 0.0000 0.0000 0.0000 0.0000 0.0000 0.0000 0.0000 0.0000 0.0000 0.0000 0.0000 0.0000 0.0000 0.0000 0.0000 0.0000 0.0000 0.0000 0.0000 0.0000 0.0000 0.0000 0.0000 0.0007 0.0003 0.0001 0.0026 0.0199 0.0179 0.0247 0.0077 0.0011 0.0008 0.0002 0.0001 0.0000 0.0000 0.0001 0.0002 0.0004 0.0005 0.0007 0.0010 0.0006 0.0007 0.0007 0.0019 0.0040 0.0091 0.0109 0.0047 0.0024 0.0015 0.0014 0.0014 0.0017 0.0015
0.0002 0.0001 0.0000 0.0001 0.0000 0.0000 0.0000 0.0001 0.0007 0.0002 0.0013 0.0512 0.9967 0.9999 1.0000 0.9998 0.9602 0.7706 0.6774 0.0134 0.0014 0.0012 0.0009 0.0000 0.0000 0.0000 0.0000 0.0001 0.0001 0.0001 0.0001 0.0002 0.0002 0.0003 0.0003 0.0008 0.0007 0.0012 0.0011 0.0018 0.0015 0.0020 0.0019 0.0018 0.0030 0.0044 0.0055 0.0169 0.0162 0.0277 0.0060 0.0071 0.0239 0.0148 0.0060 0.0134 0.0336 0.0077 0.0109 0.0034 0.0044 0.0014 0.0012 0.0001 0.0002 0.0000 0.0001 0.0001 0.0005 0.0002 0.0001 0.0001 0.0001 0.0007 0.0008 0.0014 0.0007 0.0012 0.0001 0.0002 0.0002 0.0002 0.0002 0.0000 0.0001 0.0000 0.0015 0.0007 0.0039 0.0043 0.0070 0.0338 0.0202 0.0242 0.0006 0.0014 0.0000 0.0000 0.0000 0.0000 0.0000 0.0000 0.0000 0.0000 0.0000 0.0000 0.0000 0.0000 0.0000 0.0000 0.0000 0.0000 0.0000 0.0000 0.0000 0.0000 0.0000 0.0001 0.0000 0.0000 0.0009 0.0036 0.0005 0.0010 0.0470 0.1060 0.0501 0.0118 0.0018 0.0002 0.0002 0.0000 0.0000 0.0000 0.0000 0.0000 0.0001 0.0002 0.0003 0.0003 0.0003 0.0003 0.0003 0.0002 0.0004 0.0005 0.0009 0.0014 0.0012 0.0008 0.0007 0.0007 0.0009 0.0010 0.0010
0.0002 0.0001 0.0001 0.0001 0.0001 0.0001 0.0010 0.0026 0.0549 0.0042 0.0397 0.9779 0.9936 0.9642 0.9998 1.0000 0.9994 0.9706 0.9667 0.9109 0.0115 0.0025 0.0022 0.0005 0.0000 0.0000 0.0000 0.0001 0.0001 0.0001 0.0003 0.0002 0.0002 0.0005 0.0003 0.0010 0.0007 0.0011 0.0010 0.0019 0.0013 0.0015 0.0012 0.0011 0.0019 0.0015 0.0021 0.0057 0.0029 0.0069 0.0012 0.0030 0.0122 0.0030 0.0018 0.0089 0.0132 0.0026 0.0072 0.0019 0.0037 0.0012 0.0055 0.0005 0.0009 0.0001 0.0003 0.0000 0.0007 0.0002 0.0001 0.0001 0.0000 0.0004 0.0002 0.0003 0.0002 0.0004 0.0001 0.0002 0.0002 0.0002 0.0005 0.0002 0.0021 0.0004 0.0224 0.0048 0.0195 0.0133 0.0056 0.0201 0.0261 0.1218 0.0033 0.0188 0.0002 0.0003 0.0000 0.0000 0.0000 0.0000 0.0000 0.0000 0.0000 0.0000 0.0000 0.0000 0.0000 0.0000 0.0000 0.0000 0.0000 0.0000 0.0000 0.0000 0.0002 0.0042 0.0015 0.0005 0.0397 0.2621 0.0516 0.0240 0.6302 0.9174 0.4186 0.2808 0.0129 0.0023 0.0038 0.0002 0.0001 0.0000 0.0000 0.0001 0.0001 0.0003 0.0002 0.0003 0.0002 0.0002 0.0003 0.0003 0.0004 0.0005 0.0007 0.0008 0.0006 0.0005 0.0006 0.0005 0.0007 0.0009 0.0010
0.0003 0.0001 0.0001 0.0001 0.0006 0.0005 0.0137 0.0228 0.4559 0.0127 0.0148 0.9635 0.8523 0.9748 0.9602 0.9994 1.0000 0.9999 0.9812 0.9920 0.9722 0.0052 0.0008 0.0020 0.0007 0.0000 0.0000 0.0001 0.0001 0.0002 0.0022 0.0004 0.0006 0.0056 0.0014 0.0167 0.0036 0.0099 0.0056 0.0278 0.0060 0.0084 0.0043 0.0029 0.0089 0.0055 0.0179 0.0624 0.0192 0.0431 0.0082 0.0405 0.2483 0.0255 0.0130 0.1837 0.2539 0.0201 0.0873 0.0088 0.0193 0.0058 0.0260 0.0046 0.0382 0.0010 0.0148 0.0015 0.0157 0.0014 0.0004 0.0037 0.0004 0.0085 0.0014 0.0004 0.0009 0.0080 0.0006 0.0067 0.0004 0.0007 0.0124 0.0035 0.1092 0.0096 0.4636 0.0778 0.1576 0.0552 0.0104 0.0311 0.0826 0.5458 0.0541 0.3920 0.0030 0.0124 0.0001 0.0001 0.0000 0.0000 0.0000 0.0000 0.0000 0.0000 0.0000 0.0000 0.0000 0.0000 0.0000 0.0000 0.0000 0.0000 0.0001 0.0000 0.0001 0.0026 0.0014 0.0001 0.0028 0.1262 0.0055 0.0005 0.0443 0.4326 0.0472 0.1329 0.0025 0.0009 0.0112 0.0004 0.0003 0.0001 0.0001 0.0001 0.0003 0.0004 0.0003 0.0003 0.0003 0.0002 0.0005 0.0004 0.0016 0.0026 0.0025 0.0022 0.0010 0.0008 0.0012 0.0013 0.0013 0.0021 0.0014
0.0003 0.0001 0.0001 0.0001 0.0001 0.0000 0.0002 0.0001 0.0016 0.0000 0.0001 0.0096 0.0281 0.6635 0.7706 0.9706 0.9999 1.0000 0.9999 0.9892 0.9926 0.9698 0.0034 0.0005 0.0021 0.0008 0.0001 0.0001 0.0001 0.0003 0.0020 0.0009 0.0010 0.0060 0.0018 0.0084 0.0038 0.0114 0.0120 0.0239 0.0115 0.0192 0.0132 0.0087 0.0171 0.0180 0.0375 0.0994 0.0595 0.1427 0.0338 0.0859 0.3295 0.1254 0.0329 0.1449 0.2439 0.0323 0.0373 0.0078 0.0124 0.0039 0.0055 0.0018 0.0042 0.0002 0.0032 0.0008 0.0143 0.0024 0.0007 0.0053 0.0012 0.0219 0.0095 0.0031 0.0042 0.0149 0.0010 0.0031 0.0004 0.0003 0.0012 0.0003 0.0035 0.0003 0.0124 0.0015 0.0092 0.0036 0.0012 0.0027 0.0041 0.0459 0.0016 0.0199 0.0001 0.0003 0.0000 0.0000 0.0000 0.0000 0.0000 0.0000 0.0000 0.0000 0.0000 0.0000 0.0000 0.0000 0.0000 0.0000 0.0000 0.0000 0.0000 0.0000 0.0000 0.0006 0.0001 0.0000 0.0014 0.0037 0.0004 0.0004 0.0116 0.0541 0.0079 0.0065 0.0002 0.0000 0.0002 0.0000 0.0000 0.0000 0.0000 0.0001 0.0001 0.0001 0.0001 0.0001 0.0002 0.0001 0.0002 0.0002 0.0004 0.0008 0.0014 0.0022 0.0013 0.0009 0.0010 0.0010 0.0013 0.0017 0.0015
0.0002 0.0001 0.0001 0.0001 0.0001 0.0000 0.0003 0.0002 0.0015 0.0000 0.0001 0.0348 0.0215 0.0215 0.6774 0.9667 0.9812 0.9999 1.0000 0.9999 0.9923 0.9929 0.9613 0.0043 0.0012 0.0016 0.0009 0.0005 0.0002 0.0003 0.0016 0.0004 0.0004 0.0015 0.0004 0.0016 0.0009 0.0018 0.0017 0.0038 0.0024 0.0041 0.0027 0.0023 0.0036 0.0030 0.0040 0.0099 0.0030 0.0102 0.0010 0.0030 0.0182 0.0032 0.0016 0.0077 0.0092 0.0014 0.0046 0.0012 0.0056 0.0022 0.0149 0.0007 0.0014 0.0001 0.0008 0.0001 0.0020 0.0002 0.0001 0.0004 0.0001 0.0008 0.0003 0.0002 0.0003 0.0004 0.0001 0.0003 0.0001 0.0000 0.0002 0.0001 0.0012 0.0001 0.0036 0.0004 0.0010 0.0009 0.0004 0.0005 0.0010 0.0058 0.0005 0.0052 0.0001 0.0003 0.0000 0.0000 0.0000 0.0000 0.0000 0.0000 0.0000 0.0000 0.0000 0.0000 0.0000 0.0000 0.0001 0.0000 0.0001 0.0010 0.0004 0.0002 0.0074 0.0399 0.0021 0.0017 0.0932 0.1633 0.0051 0.0096 0.4108 0.5673 0.0487 0.0285 0.0003 0.0001 0.0004 0.0000 0.0000 0.0000 0.0000 0.0001 0.0001 0.0001 0.0001 0.0001 0.0002 0.0001 0.0002 0.0002 0.0003 0.0005 0.0004 0.0004 0.0004 0.0004 0.0005 0.0006 0.0008 0.0011 0.0010
0.0004 0.0002 0.0001 0.0003 0.0016 0.0014 0.0485 0.0170 0.2508 0.0008 0.0010 0.5936 0.0104 0.0177 0.0134 0.9109 0.9920 0.9892 0.9999 1.0000 0.9998 0.9925 0.9927 0.9650 0.0113 0.0016 0.0019 0.0059 0.0004 0.0006 0.0135 0.0007 0.0007 0.0063 0.0006 0.0044 0.0009 0.0017 0.0009 0.0054 0.0018 0.0022 0.0015 0.0014 0.0031 0.0016 0.0047 0.0147 0.0021 0.0030 0.0007 0.0048 0.0369 0.0015 0.0017 0.0380 0.0208 0.0010 0.0064 0.0006 0.0023 0.0011 0.0272 0.0038 0.1031 0.0020 0.0312 0.0008 0.0119 0.0005 0.0002 0.0028 0.0002 0.0018 0.0004 0.0003 0.0003 0.0010 0.0001 0.0029 0.0001 0.0003 0.0122 0.0070 0.1928 0.0102 0.4758 0.0137 0.0181 0.0065 0.0005 0.0009 0.0030 0.1440 0.0110 0.4011 0.0044 0.0598 0.0003 0.0003 0.0000 0.0001 0.0000 0.0000 0.0001 0.0000 0.0000 0.0001 0.0000 0.0001 0.0004 0.0002 0.0001 0.0037 0.0186 0.0009 0.0059 0.2326 0.1115 0.0039 0.0934 0.8284 0.0563 0.0071 0.3121 0.7773 0.0300 0.1861 0.0008 0.0007 0.0217 0.0007 0.0012 0.0001 0.0001 0.0001 0.0002 0.0003 0.0001 0.0001 0.0001 0.0001 0.0004 0.0004 0.0008 0.0011 0.0006 0.0005 0.0004 0.0004 0.0005 0.0006 0.0009 0.0017 0.0011
0.0005 0.0003 0.0003 0.0005 0.0018 0.0010 0.0132 0.0022 0.0143 0.0001 0.0001 0.0079 0.0008 0.0054 0.0014 0.0115 0.9722 0.9926 0.9923 0.9998 1.0000 0.9998 0.9900 0.9908 0.9533 0.0221 0.0047 0.0172 0.0027 0.0036 0.1045 0.0048 0.0068 0.0875 0.0077 0.0399 0.0055 0.0126 0.0061 0.0292 0.0152 0.0287 0.0202 0.0125 0.0283 0.0195 0.0558 0.1914 0.0427 0.0692 0.0099 0.1046 0.3745 0.0251 0.0170 0.2315 0.1579 0.0066 0.0211 0.0021 0.0074 0.0028 0.0169 0.0181 0.1622 0.0078 0.1766 0.0190 0.1285 0.0146 0.0063 0.0803 0.0050 0.0437 0.0061 0.0008 0.0021 0.0202 0.0023 0.0443 0.0019 0.0018 0.0561 0.0164 0.2722 0.0125 0.2575 0.0070 0.0099 0.0025 0.0003 0.0007 0.0018 0.0887 0.0076 0.2768 0.0038 0.0461 0.0004 0.0005 0.0001 0.0001 0.0000 0.0000 0.0001 0.0000 0.0000 0.0001 0.0000 0.0000 0.0001 0.0001 0.0000 0.0004 0.0009 0.0000 0.0001 0.0110 0.0018 0.0001 0.0016 0.0338 0.0033 0.0004 0.0030 0.0212 0.0007 0.0039 0.0001 0.0000 0.0014 0.0001 0.0005 0.0001 0.0002 0.0001 0.0002 0.0003 0.0001 0.0001 0.0001 0.0001 0.0003 0.0004 0.0007 0.0011 0.0009 0.0008 0.0005 0.0006 0.0010 0.0016 0.0020 0.0041 0.0019
0.0004 0.0002 0.0002 0.0002 0.0002 0.0001 0.0003 0.0000 0.0003 0.0000 0.0000 0.0003 0.0001 0.0022 0.0012 0.0025 0.0052 0.9698 0.9929 0.9925 0.9998 1.0000 0.9999 0.9833 0.9779 0.8766 0.0343 0.0173 0.0027 0.0021 0.0134 0.0010 0.0010 0.0074 0.0009 0.0034 0.0010 0.0020 0.0017 0.0034 0.0034 0.0070 0.0078 0.0080 0.0130 0.0141 0.0236 0.0793 0.0342 0.0874 0.0073 0.0165 0.1295 0.0114 0.0039 0.0204 0.0232 0.0022 0.0033 0.0010 0.0019 0.0005 0.0029 0.0009 0.0038 0.0003 0.0068 0.0022 0.0249 0.0079 0.0023 0.0067 0.0011 0.0090 0.0036 0.0012 0.0016 0.0038 0.0007 0.0019 0.0004 0.0003 0.0012 0.0003 0.0028 0.0002 0.0026 0.0001 0.0003 0.0003 0.0001 0.0001 0.0002 0.0011 0.0001 0.0027 0.0000 0.0005 0.0000 0.0001 0.0001 0.0001 0.0000 0.0001 0.0001 0.0001 0.0000 0.0001 0.0001 0.0002 0.0002 0.0001 0.0004 0.0023 0.0004 0.0001 0.0016 0.0148 0.0007 0.0001 0.0050 0.0077 0.0003 0.0002 0.0120 0.0153 0.0002 0.0007 0.0000 0.0000 0.0000 0.0000 0.0000 0.0000 0.0001 0.0001 0.0001 0.0001 0.0001 0.0001 0.0001 0.0001 0.0001 0.0001 0.0002 0.0003 0.0004 0.0005 0.0004 0.0004 0.0012 0.0013 0.0020 0.0022 0.0015
0.0005 0.0003 0.0003 0.0004 0.0006 0.0003 0.0010 0.0002 0.0007 0.0000 0.0000 0.0009 0.0000 0.0019 0.0009 0.0022 0.0008 0.0034 0.9613 0.9927 0.9900 0.9999 1.0000 0.9998 0.9776 0.9358 0.7056 0.1126 0.0120 0.0064 0.0250 0.0015 0.0008 0.0044 0.0005 0.0021 0.0005 0.0007 0.0007 0.0015 0.0011 0.0017 0.0016 0.0018 0.0036 0.0033 0.0055 0.0122 0.0036 0.0067 0.0010 0.0028 0.0072 0.0009 0.0010 0.0067 0.0055 0.0011 0.0037 0.0007 0.0030 0.0012 0.0174 0.0025 0.0234 0.0007 0.0104 0.0016 0.0167 0.0023 0.0013 0.0071 0.0016 0.0085 0.0028 0.0011 0.0010 0.0021 0.0004 0.0011 0.0003 0.0006 0.0047 0.0014 0.0168 0.0008 0.0143 0.0004 0.0009 0.0003 0.0001 0.0001 0.0002 0.0022 0.0003 0.0127 0.0003 0.0035 0.0001 0.0003 0.0001 0.0003 0.0001 0.0001 0.0005 0.0003 0.0002 0.0007 0.0008 0.0042 0.0099 0.0013 0.0060 0.1121 0.0430 0.0049 0.0971 0.4028 0.0329 0.0051 0.1889 0.3838 0.0068 0.0054 0.2573 0.2635 0.0060 0.0091 0.0001 0.0001 0.0005 0.0001 0.0001 0.0001 0.0002 0.0001 0.0002 0.0003 0.0001 0.0001 0.0001 0.0001 0.0002 0.0002 0.0003 0.0005 0.0005 0.0005 0.0003 0.0004 0.0007 0.0010 0.0014 0.0022 0.0013
0.0012 0.0008 0.0010 0.0026 0.0112 0.0025 0.0329 0.0018 0.0067 0.0001 0.0000 0.0012 0.0000 0.0001 0.0000 0.0005 0.0020 0.0005 0.0043 0.9650 0.9908 0.9833 0.9998 1.0000 0.9998 0.9439 0.8414 0.7223 0.0960 0.0870 0.5365 0.0213 0.0110 0.0755 0.0028 0.0090 0.0011 0.0010 0.0006 0.0030 0.0015 0.0033 0.0025 0.0027 0.0104 0.0129 0.0239 0.0684 0.0095 0.0088 0.0016 0.0125 0.0548 0.0015 0.0019 0.0374 0.0192 0.0016 0.0077 0.0008 0.0026 0.0008 0.0085 0.0060 0.1981 0.0193 0.4017 0.0416 0.4732 0.0330 0.0229 0.2052 0.0171 0.0580 0.0081 0.0026 0.0040 0.0258 0.0029 0.0536 0.0043 0.0107 0.2585 0.0634 0.5864 0.0239 0.2453 0.0040 0.0065 0.0012 0.0001 0.0001 0.0003 0.0152 0.0030 0.2767 0.0053 0.2066 0.0021 0.0081 0.0005 0.0006 0.0002 0.0003 0.0016 0.0004 0.0004 0.0013 0.0004 0.0013 0.0186 0.0017 0.0010 0.0479 0.1231 0.0025 0.0079 0.3413 0.0618 0.0014 0.0168 0.2565 0.0031 0.0005 0.0124 0.0340 0.0003 0.0029 0.0001 0.0001 0.0025 0.0003 0.0025 0.0005 0.0009 0.0003 0.0003 0.0004 0.0002 0.0002 0.0002 0.0001 0.0003 0.0004 0.0008 0.0016 0.0007 0.0006 0.0003 0.0004 0.0007 0.0010 0.0012 0.0030 0.0015
0.0012 0.0010 0.0010 0.0012 0.0014 0.0004 0.0007 0.0001 0.0002 0.0000 0.0000 0.0001 0.0000 0.0000 0.0000 0.0000 0.0007 0.0021 0.0012 0.0113 0.9533 0.9779 0.9776 0.9998 1.0000 0.9998 0.8788 0.7169 0.2106 0.0953 0.3437 0.0384 0.0197 0.0602 0.0035 0.0070 0.0018 0.0021 0.0016 0.0051 0.0042 0.0156 0.0115 0.0159 0.0381 0.0791 0.1157 0.1603 0.0787 0.0716 0.0096 0.0610 0.1370 0.0121 0.0047 0.0384 0.0192 0.0025 0.0055 0.0013 0.0021 0.0006 0.0011 0.0058 0.0168 0.0071 0.1230 0.0844 0.2499 0.0729 0.0512 0.1483 0.0412 0.0767 0.0279 0.0091 0.0140 0.0453 0.0106 0.0364 0.0070 0.0086 0.0612 0.0110 0.0638 0.0023 0.0156 0.0005 0.0020 0.0004 0.0001 0.0001 0.0003 0.0019 0.0008 0.0137 0.0005 0.0068 0.0006 0.0014 0.0007 0.0008 0.0004 0.0006 0.0012 0.0005 0.0003 0.0005 0.0004 0.0005 0.0016 0.0004 0.0003 0.0038 0.0033 0.0004 0.0011 0.0135 0.0021 0.0002 0.0010 0.0037 0.0004 0.0000 0.0008 0.0008 0.0000 0.0003 0.0000 0.0000 0.0002 0.0001 0.0003 0.0001 0.0004 0.0002 0.0003 0.0004 0.0003 0.0003 0.0003 0.0002 0.0004 0.0004 0.0005 0.0007 0.0007 0.0007 0.0005 0.0005 0.0009 0.0012 0.0014 0.0025 0.0018
0.0011 0.0010 0.0009 0.0007 0.0005 0.0002 0.0001 0.0000 0.0001 0.0000 0.0000 0.0000 0.0000 0.0001 0.0000 0.0000 0.0000 0.0008 0.0016 0.0016 0.0221 0.8766 0.9358 0.9439 0.9998 1.0000 0.9997 0.7772 0.1702 0.0492 0.0432 0.0066 0.0028 0.0055 0.0012 0.0019 0.0008 0.0007 0.0006 0.0014 0.0019 0.0038 0.0044 0.0054 0.0126 0.0192 0.0302 0.0360 0.0292 0.0458 0.0095 0.0087 0.0193 0.0031 0.0016 0.0036 0.0035 0.0017 0.0025 0.0011 0.0010 0.0003 0.0005 0.0005 0.0016 0.0008 0.0094 0.0097 0.0378 0.0263 0.0187 0.0304 0.0252 0.0404 0.0256 0.0099 0.0082 0.0109 0.0019 0.0033 0.0015 0.0020 0.0062 0.0011 0.0033 0.0003 0.0015 0.0001 0.0004 0.0002 0.0001 0.0001 0.0002 0.0005 0.0001 0.0011 0.0001 0.0010 0.0003 0.0008 0.0008 0.0011 0.0006 0.0008 0.0015 0.0012 0.0011 0.0016 0.0016 0.0089 0.0093 0.0012 0.0032 0.0424 0.0044 0.0009 0.0090 0.0333 0.0012 0.0005 0.0067 0.0055 0.0003 0.0004 0.0066 0.0025 0.0001 0.0003 0.0001 0.0000 0.0001 0.0000 0.0001 0.0001 0.0004 0.0002 0.0003 0.0004 0.0003 0.0003 0.0004 0.0003 0.0004 0.0004 0.0004 0.0005 0.0005 0.0007 0.0004 0.0005 0.0006 0.0008 0.0011 0.0015 0.0014
0.0017 0.0015 0.0015 0.0014 0.0012 0.0004 0.0005 0.0001 0.0001 0.0000 0.0000 0.0000 0.0000 0.0001 0.0000 0.0000 0.0000 0.0001 0.0009 0.0019 0.0047 0.0343 0.7056 0.8414 0.8788 0.9997 1.0000 0.9995 0.7912 0.1677 0.1673 0.0133 0.0039 0.0056 0.0010 0.0010 0.0004 0.0005 0.0005 0.0009 0.0012 0.0022 0.0026 0.0036 0.0080 0.0116 0.0152 0.0258 0.0163 0.0246 0.0070 0.0083 0.0104 0.0019 0.0019 0.0052 0.0035 0.0021 0.0034 0.0013 0.0012 0.0005 0.0008 0.0009 0.0044 0.0036 0.0375 0.0324 0.1483 0.0948 0.0998 0.1048 0.0672 0.0505 0.0274 0.0090 0.0089 0.0171 0.0069 0.0115 0.0082 0.0137 0.0391 0.0077 0.0156 0.0012 0.0081 0.0005 0.0023 0.0004 0.0003 0.0003 0.0005 0.0014 0.0006 0.0055 0.0004 0.0033 0.0007 0.0018 0.0012 0.0017 0.0010 0.0016 0.0041 0.0036 0.0048 0.0092 0.0061 0.0400 0.0826 0.0069 0.0149 0.1790 0.0574 0.0038 0.0353 0.1669 0.0059 0.0018 0.0318 0.0250 0.0008 0.0012 0.0099 0.0044 0.0003 0.0003 0.0001 0.0001 0.0001 0.0001 0.0002 0.0003 0.0006 0.0004 0.0004 0.0007 0.0005 0.0004 0.0005 0.0005 0.0006 0.0005 0.0005 0.0005 0.0007 0.0007 0.0006 0.0005 0.0007 0.0007 0.0010 0.0015 0.0012
0.0028 0.0030 0.0031 0.0044 0.0045 0.0011 0.0013 0.0003 0.0003 0.0001 0.0000 0.0001 0.0000 0.0001 0.0001 0.0001 0.0001 0.0001 0.0005 0.0059 0.0172 0.0173 0.1126 0.7223 0.7169 0.7772 0.9995 1.0000 0.9995 0.7498 0.6014 0.1058 0.0140 0.0239 0.0026 0.0024 0.0008 0.0007 0.0005 0.0014 0.0016 0.0035 0.0045 0.0071 0.0162 0.0298 0.0474 0.0637 0.0400 0.0342 0.0098 0.0217 0.0295 0.0044 0.0066 0.0265 0.0103 0.0045 0.0083 0.0023 0.0026 0.0011 0.0026 0.0039 0.0292 0.0356 0.1817 0.1659 0.5421 0.3688 0.3359 0.3045 0.1402 0.0897 0.0288 0.0082 0.0154 0.0592 0.0265 0.0716 0.0364 0.0417 0.1292 0.0235 0.0660 0.0054 0.0426 0.0044 0.0174 0.0022 0.0010 0.0009 0.0020 0.0082 0.0044 0.0364 0.0027 0.0134 0.0018 0.0039 0.0019 0.0025 0.0012 0.0018 0.0040 0.0020 0.0027 0.0082 0.0038 0.0105 0.0501 0.0061 0.0045 0.0630 0.0496 0.0036 0.0102 0.0724 0.0064 0.0011 0.0050 0.0093 0.0005 0.0003 0.0009 0.0008 0.0001 0.0002 0.0001 0.0001 0.0002 0.0003 0.0005 0.0004 0.0012 0.0005 0.0008 0.0011 0.0007 0.0007 0.0007 0.0005 0.0008 0.0007 0.0008 0.0007 0.0008 0.0007 0.0007 0.0005 0.0007 0.0007 0.0009 0.0015 0.0014
0.0026 0.0036 0.0027 0.0018 0.0011 0.0003 0.0003 0.0001 0.0001 0.0001 0.0000 0.0000 0.0000 0.0000 0.0001 0.0001 0.0001 0.0001 0.0002 0.0004 0.0027 0.0027 0.0120 0.0960 0.2106 0.1702 0.7912 0.9995 1.0000 0.9996 0.7237 0.0868 0.0135 0.0075 0.0015 0.0013 0.0008 0.0007 0.0006 0.0011 0.0018 0.0030 0.0044 0.0078 0.0161 0.0280 0.0365 0.0369 0.0308 0.0261 0.0075 0.0095 0.0088 0.0024 0.0047 0.0069 0.0043 0.0030 0.0030 0.0012 0.0011 0.0005 0.0006 0.0007 0.0027 0.0082 0.0476 0.1020 0.3356 0.5077 0.4142 0.1663 0.1094 0.0346 0.0139 0.0060 0.0078 0.0186 0.0247 0.0257 0.0243 0.0199 0.0216 0.0040 0.0041 0.0005 0.0030 0.0008 0.0054 0.0018 0.0020 0.0016 0.0021 0.0034 0.0010 0.0030 0.0004 0.0012 0.0005 0.0011 0.0013 0.0016 0.0011 0.0015 0.0026 0.0023 0.0025 0.0045 0.0029 0.0106 0.0220 0.0031 0.0040 0.0388 0.0126 0.0016 0.0057 0.0113 0.0010 0.0004 0.0010 0.0010 0.0002 0.0001 0.0003 0.0003 0.0000 0.0000 0.0000 0.0000 0.0001 0.0001 0.0001 0.0003 0.0005 0.0005 0.0008 0.0010 0.0010 0.0009 0.0009 0.0007 0.0007 0.0005 0.0005 0.0004 0.0005 0.0006 0.0005 0.0004 0.0005 0.0005 0.0007 0.0012 0.0012
0.0037 0.0052 0.0047 0.0034 0.0017 0.0005 0.0004 0.0001 0.0001 0.0001 0.0001 0.0000 0.0000 0.0000 0.0001 0.0001 0.0002 0.0003 0.0003 0.0006 0.0036 0.0021 0.0064 0.0870 0.0953 0.0492 0.1677 0.7498 0.9996 1.0000 0.9994 0.8447 0.0552 0.0386 0.0036 0.0027 0.0010 0.0008 0.0007 0.0014 0.0021 0.0039 0.0052 0.0091 0.0221 0.0447 0.0532 0.0532 0.0333 0.0192 0.0092 0.0164 0.0101 0.0030 0.0093 0.0097 0.0049 0.0029 0.0028 0.0009 0.0009 0.0005 0.0007 0.0013 0.0052 0.0171 0.1260 0.1885 0.5577 0.6193 0.4448 0.1562 0.0302 0.0087 0.0033 0.0016 0.0018 0.0057 0.0118 0.0261 0.0241 0.0367 0.0236 0.0073 0.0053 0.0009 0.0058 0.0014 0.0118 0.0058 0.0066 0.0056 0.0051 0.0062 0.0016 0.0049 0.0007 0.0011 0.0009 0.0010 0.0013 0.0015 0.0011 0.0016 0.0022 0.0019 0.0018 0.0044 0.0026 0.0090 0.0323 0.0033 0.0033 0.0329 0.0131 0.0010 0.0018 0.0092 0.0008 0.0003 0.0007 0.0005 0.0001 0.0001 0.0002 0.0002 0.0000 0.0000 0.0000 0.0001 0.0001 0.0001 0.0001 0.0003 0.0005 0.0005 0.0009 0.0014 0.0013 0.0011 0.0012 0.0008 0.0008 0.0006 0.0005 0.0004 0.0005 0.0006 0.0007 0.0004 0.0005 0.0005 0.0007 0.0011 0.0012
0.0066 0.0074 0.0092 0.0122 0.0168 0.0046 0.0056 0.0011 0.0009 0.0003 0.0001 0.0003 0.0000 0.0003 0.0001 0.0003 0.0022 0.0020 0.0016 0.0135 0.1045 0.0134 0.0250 0.5365 0.3437 0.0432 0.1673 0.6014 0.7237 0.9994 1.0000 0.9995 0.7866 0.6287 0.0305 0.0238 0.0038 0.0021 0.0013 0.0053 0.0052 0.0107 0.0129 0.0184 0.0564 0.0928 0.1096 0.1410 0.0386 0.0225 0.0129 0.0565 0.0483 0.0053 0.0181 0.0528 0.0149 0.0046 0.0113 0.0017 0.0035 0.0026 0.0071 0.0179 0.1519 0.1617 0.7873 0.7123 0.7260 0.4722 0.1574 0.1949 0.0130 0.0126 0.0021 0.0008 0.0011 0.0060 0.0060 0.0732 0.0160 0.0331 0.1140 0.0593 0.1706 0.0133 0.1435 0.0209 0.0491 0.0217 0.0099 0.0074 0.0091 0.0386 0.0128 0.0945 0.0087 0.0320 0.0054 0.0064 0.0021 0.0023 0.0010 0.0018 0.0060 0.0018 0.0019 0.0096 0.0025 0.0082 0.0768 0.0135 0.0031 0.0551 0.0945 0.0030 0.0036 0.0601 0.0070 0.0005 0.0012 0.0038 0.0003 0.0001 0.0003 0.0004 0.0001 0.0001 0.0001 0.0001 0.0003 0.0003 0.0007 0.0010 0.0021 0.0010 0.0015 0.0027 0.0014 0.0013 0.0012 0.0010 0.0014 0.0012 0.0012 0.0011 0.0008 0.0007 0.0005 0.0004 0.0006 0.0008 0.0009 0.0017 0.0014
0.0087 0.0130 0.0131 0.0108 0.0059 0.0022 0.0012 0.0004 0.0003 0.0002 0.0001 0.0001 0.0001 0.0002 0.0002 0.0002 0.0004 0.0009 0.0004 0.0007 0.0048 0.0010 0.0015 0.0213 0.0384 0.0066 0.0133 0.1058 0.0868 0.8447 0.9995 1.0000 0.9997 0.6386 0.0357 0.0172 0.0049 0.0036 0.0021 0.0064 0.0080 0.0158 0.0212 0.0387 0.0885 0.1445 0.1232 0.1042 0.0440 0.0195 0.0133 0.0370 0.0184 0.0053 0.0226 0.0267 0.0088 0.0041 0.0074 0.0017 0.0024 0.0021 0.0028 0.0105 0.0566 0.1464 0.5122 0.7401 0.4905 0.5086 0.0924 0.0350 0.0058 0.0037 0.0018 0.0007 0.0008 0.0016 0.0033 0.0137 0.0134 0.0676 0.0199 0.0235 0.0093 0.0048 0.0154 0.0134 0.0465 0.0333 0.0262 0.0165 0.0138 0.0176 0.0062 0.0105 0.0037 0.0035 0.0058 0.0025 0.0023 0.0024 0.0011 0.0016 0.0031 0.0016 0.0017 0.0042 0.0016 0.0033 0.0105 0.0019 0.0010 0.0080 0.0050 0.0005 0.0006 0.0027 0.0005 0.0001 0.0003 0.0003 0.0001 0.0001 0.0001 0.0001 0.0000 0.0000 0.0001 0.0000 0.0001 0.0002 0.0003 0.0005 0.0012 0.0012 0.0019 0.0030 0.0022 0.0016 0.0017 0.0012 0.0014 0.0010 0.0008 0.0007 0.0007 0.0007 0.0007 0.0005 0.0007 0.0008 0.0010 0.0015 0.0012
0.0161 0.0268 0.0276 0.0169 0.0094 0.0054 0.0019 0.0006 0.0004 0.0003 0.0001 0.0001 0.0001 0.0003 0.0002 0.0002 0.0006 0.0010 0.0004 0.0007 0.0068 0.0010 0.0008 0.0110 0.0197 0.0028 0.0039 0.0140 0.0135 0.0552 0.7866 0.9997 1.0000 0.9992 0.8600 0.0756 0.0214 0.0088 0.0050 0.0145 0.0149 0.0293 0.0461 0.0733 0.1534 0.1660 0.1312 0.1032 0.0368 0.0153 0.0091 0.0295 0.0175 0.0038 0.0158 0.0259 0.0098 0.0038 0.0071 0.0033 0.0052 0.0069 0.0099 0.0767 0.1226 0.4105 0.6072 0.6042 0.1393 0.0521 0.0109 0.0049 0.0018 0.0016 0.0010 0.0005 0.0004 0.0007 0.0007 0.0021 0.0018 0.0087 0.0058 0.0173 0.0142 0.0073 0.0305 0.0122 0.0604 0.0355 0.0311 0.0251 0.0179 0.0269 0.0082 0.0088 0.0038 0.0031 0.0059 0.0021 0.0021 0.0022 0.0012 0.0018 0.0046 0.0022 0.0022 0.0057 0.0021 0.0045 0.0121 0.0011 0.0010 0.0083 0.0031 0.0005 0.0007 0.0014 0.0003 0.0001 0.0001 0.0001 0.0001 0.0000 0.0001 0.0001 0.0000 0.0000 0.0000 0.0000 0.0000 0.0001 0.0003 0.0007 0.0016 0.0018 0.0030 0.0063 0.0040 0.0025 0.0030 0.0015 0.0021 0.0012 0.0010 0.0008 0.0007 0.0007 0.0006 0.0005 0.0007 0.0008 0.0010 0.0015 0.0012
0.0152 0.0187 0.0259 0.0338 0.0371 0.0186 0.0180 0.0033 0.0021 0.0006 0.0003 0.0006 0.0001 0.0007 0.0003 0.0005 0.0056 0.0060 0.0015 0.0063 0.0875 0.0074 0.0044 0.0755 0.0602 0.0055 0.0056 0.0239 0.0075 0.0386 0.6287 0.6386 0.9992 1.0000 0.9995 0.8679 0.0531 0.0283 0.0121 0.0677 0.0474 0.0853 0.1049 0.1066 0.2481 0.2171 0.2799 0.3602 0.0709 0.0260 0.0180 0.1517 0.1072 0.0099 0.0437 0.1561 0.0306 0.0077 0.0393 0.0082 0.0194 0.0204 0.0850 0.1464 0.7479 0.7613 0.7261 0.4646 0.0542 0.0130 0.0078 0.0074 0.0019 0.0021 0.0010 0.0004 0.0005 0.0010 0.0010 0.0044 0.0029 0.0147 0.0143 0.1088 0.0618 0.0585 0.0989 0.0611 0.0770 0.0565 0.0263 0.0154 0.0157 0.0532 0.0235 0.0507 0.0247 0.0199 0.0333 0.0077 0.0034 0.0033 0.0011 0.0027 0.0150 0.0027 0.0033 0.0230 0.0041 0.0109 0.0512 0.0048 0.0023 0.0263 0.0302 0.0020 0.0019 0.0095 0.0011 0.0002 0.0003 0.0004 0.0001 0.0001 0.0001 0.0002 0.0000 0.0001 0.0001 0.0000 0.0003 0.0003 0.0006 0.0009 0.0025 0.0017 0.0025 0.0036 0.0024 0.0016 0.0015 0.0009 0.0011 0.0009 0.0012 0.0012 0.0009 0.0006 0.0005 0.0005 0.0007 0.0008 0.0011 0.0019 0.0014
0.0163 0.0258 0.0353 0.0303 0.0235 0.0234 0.0074 0.0019 0.0008 0.0006 0.0004 0.0004 0.0002 0.0007 0.0003 0.0003 0.0014 0.0018 0.0004 0.0006 0.0077 0.0009 0.0005 0.0028 0.0035 0.0012 0.0010 0.0026 0.0015 0.0036 0.0305 0.0357 0.8600 0.9995 1.0000 0.9995 0.7541 0.0893 0.0388 0.0842 0.0668 0.0670 0.0751 0.0652 0.1470 0.0940 0.1059 0.0918 0.0319 0.0083 0.0057 0.0335 0.0175 0.0028 0.0126 0.0410 0.0138 0.0054 0.0151 0.0066 0.0158 0.0557 0.1023 0.3126 0.6703 0.6730 0.3904 0.2258 0.0034 0.0027 0.0019 0.0009 0.0008 0.0007 0.0005 0.0002 0.0003 0.0004 0.0005 0.0004 0.0007 0.0021 0.0019 0.0168 0.0096 0.0469 0.0259 0.0199 0.0532 0.0336 0.0287 0.0245 0.0189 0.0181 0.0129 0.0067 0.0100 0.0034 0.0213 0.0029 0.0040 0.0033 0.0015 0.0025 0.0071 0.0027 0.0027 0.0088 0.0019 0.0041 0.0120 0.0009 0.0007 0.0042 0.0012 0.0004 0.0004 0.0004 0.0002 0.0001 0.0001 0.0001 0.0001 0.0000 0.0000 0.0001 0.0000 0.0001 0.0001 0.0000 0.0001 0.0001 0.0003 0.0008 0.0016 0.0033 0.0071 0.0134 0.0147 0.0051 0.0041 0.0015 0.0012 0.0010 0.0008 0.0007 0.0007 0.0007 0.0006 0.0005 0.0008 0.0008 0.0010 0.0015 0.0013
0.0082 0.0089 0.0143 0.0195 0.0325 0.0351 0.0270 0.0074 0.0046 0.0013 0.0006 0.0014 0.0004 0.0027 0.0008 0.0010 0.0167 0.0084 0.0016 0.0044 0.0399 0.0034 0.0021 0.0090 0.0070 0.0019 0.0010 0.0024 0.0013 0.0027 0.0238 0.0172 0.0756 0.8679 0.9995 1.0000 0.9995 0.8409 0.2190 0.5662 0.3029 0.2819 0.2701 0.1473 0.2616 0.1371 0.2597 0.3272 0.0715 0.0193 0.0178 0.1914 0.1387 0.0129 0.0578 0.3755 0.1186 0.0236 0.1611 0.0298 0.0970 0.1218 0.6394 0.7069 0.7587 0.4739 0.0641 0.0089 0.0055 0.0023 0.0015 0.0016 0.0008 0.0010 0.0005 0.0002 0.0004 0.0006 0.0004 0.0007 0.0006 0.0029 0.0029 0.0089 0.0143 0.0492 0.0690 0.0855 0.0749 0.0366 0.0148 0.0117 0.0140 0.0306 0.0201 0.0292 0.0290 0.0137 0.0244 0.0066 0.0047 0.0048 0.0016 0.0035 0.0184 0.0041 0.0044 0.0261 0.0041 0.0047 0.0243 0.0032 0.0012 0.0044 0.0031 0.0003 0.0004 0.0004 0.0002 0.0001 0.0001 0.0002 0.0001 0.0000 0.0001 0.0001 0.0001 0.0001 0.0001 0.0001 0.0003 0.0003 0.0006 0.0013 0.0028 0.0031 0.0058 0.0101 0.0069 0.0033 0.0022 0.0011 0.0014 0.0012 0.0015 0.0015 0.0011 0.0008 0.0007 0.0006 0.0008 0.0010 0.0011 0.0023 0.0016
