1.0000 0.9995 0.7219 0.1147 0.0591 0.1231 0.0884 0.1050 0.1364 0.1565 0.1065 0.0868 0.0521 0.0913 0.0181 0.0283 0.0966 0.0419 0.0168 0.0721 0.0817 0.0321 0.0406 0.0329 0.0211 0.0132 0.0102 0.0089 0.0081 0.0072 0.0080 0.0072 0.0052 0.0048 0.0055 0.0055 0.0050 0.0042 0.0045 0.0047 0.0043 0.0044 0.0048 0.0047 0.0066 0.0104 0.0103 0.0100 0.0050 0.0065 0.0041 0.0061 0.0080 0.0130 0.0206 0.0143 0.0074 0.0049 0.0046 0.0049 0.0049 0.0052 0.0052 0.0052 0.0038 0.0033 0.0034 0.0032 0.0033 0.0036 0.0031 0.0046 0.0046 0.0055 0.0062 0.0047 0.0054 0.0054 0.0039 0.0040 0.0041 0.0043 0.0044 0.0044 0.0038 0.0030 0.0027 0.0027 0.0025 0.0025 0.0025 0.0026 0.0027 0.0030 0.0030 0.0032 0.0035 0.0037 0.0041 0.0043 0.0043 0.0038 0.0033 0.0029 0.0026 0.0023 0.0020 0.0019 0.0021 0.0022 0.0021 0.0021 0.0022 0.0020 0.0022 0.0018 0.0022 0.0020 0.0020 0.0020 0.0019 0.0020 0.0018 0.0018 0.0020 0.0020 0.0022 0.0023 0.0022 0.0021 0.0019 0.0018 0.0023 0.0026 0.0029 0.0016 0.0015 0.0012 0.0014 0.0014 0.0015 0.0016 0.0016 0.0018 0.0019 0.0020 0.0019 0.0019 0.0020 0.0023 0.0025 0.0027 0.0030 0.0031 0.0030 0.0033 0.0034 0.0030 0.0033 0.0032 0.0025 0.0025 0.0025 0.0022 0.0019 0.0020 0.0020 0.0019 0.0017 0.0016 0.0015 0.0016 0.0016 0.0018 0.0018 0.0018 0.0018 0.0017 0.0018 0.0017 0.0016 0.0016 0.0016 0.0017 0.0020 0.0022 0.0025 0.0026 0.0026 0.0025 0.0026 0.0028 0.0027 0.0026 0.0028 0.0024 0.0024 0.0022 0.0022 0.0019 0.0017 0.0019 0.0019 0.0022 0.0022 0.0022 0.0021 0.0021 0.0022 0.0022 0.0021 0.0019 0.0016 0.0014 0.0012 0.0011 0.0011 0.0012 0.0014 0.0014 0.0015 0.0014 0.0016 0.0017 0.0019 0.0023 0.0029 0.0029 0.0030 0.0040 0.0044 0.0038 0.0041 0.0045 0.0044 0.0047 0.0048 0.0054 0.0063 0.0057 0.0077 0.0091 0.0096 0.0084 0.0070 0.0073
0.9995 1.0000 0.9998 0.8219 0.1581 0.6709 0.4790 0.3920 0.2876 0.3052 0.2864 0.1506 0.0776 0.1834 0.0264 0.0845 0.3889 0.1436 0.0413 0.2862 0.3510 0.0811 0.1540 0.1135 0.0598 0.0340 0.0195 0.0167 0.0145 0.0110 0.0178 0.0105 0.0075 0.0069 0.0102 0.0153 0.0094 0.0061 0.0103 0.0068 0.0054 0.0052 0.0063 0.0066 0.0108 0.0277 0.0285 0.0410 0.0135 0.0301 0.0091 0.0137 0.0115 0.0145 0.0351 0.0213 0.0143 0.0065 0.0071 0.0068 0.0067 0.0074 0.0099 0.0086 0.0057 0.0043 0.0045 0.0051 0.0054 0.0066 0.0081 0.0097 0.0151 0.0118 0.0148 0.0082 0.0075 0.0071 0.0041 0.0042 0.0049 0.0052 0.0070 0.0096 0.0079 0.0072 0.0058 0.0061 0.0042 0.0035 0.0035 0.0026 0.0029 0.0030 0.0031 0.0033 0.0044 0.0041 0.0051 0.0048 0.0053 0.0045 0.0036 0.0030 0.0029 0.0027 0.0023 0.0022 0.0021 0.0022 0.0022 0.0019 0.0027 0.0022 0.0027 0.0022 0.0029 0.0025 0.0025 0.0027 0.0022 0.0024 0.0016 0.0016 0.0018 0.0021 0.0027 0.0027 0.0027 0.0029 0.0027 0.0022 0.0024 0.0024 0.0025 0.0012 0.0011 0.0010 0.0012 0.0011 0.0014 0.0014 0.0015 0.0016 0.0018 0.0021 0.0021 0.0018 0.0019 0.0023 0.0026 0.0033 0.0038 0.0046 0.0040 0.0053 0.0056 0.0043 0.0052 0.0047 0.0030 0.0028 0.0029 0.0023 0.0019 0.0019 0.0026 0.0021 0.0018 0.0016 0.0014 0.0016 0.0014 0.0015 0.0016 0.0016 0.0018 0.0016 0.0019 0.0019 0.0019 0.0017 0.0022 0.0018 0.0022 0.0026 0.0027 0.0026 0.0023 0.0023 0.0023 0.0028 0.0027 0.0029 0.0045 0.0032 0.0039 0.0031 0.0034 0.0023 0.0021 0.0020 0.0019 0.0026 0.0022 0.0022 0.0021 0.0019 0.0022 0.0022 0.0024 0.0027 0.0018 0.0018 0.0014 0.0012 0.0010 0.0011 0.0012 0.0010 0.0012 0.0011 0.0017 0.0015 0.0021 0.0032 0.0038 0.0037 0.0065 0.0071 0.0072 0.0061 0.0066 0.0077 0.0070 0.0092 0.0079 0.0081 0.0093 0.0090 0.0128 0.0143 0.0169 0.0103 0.0085 0.0070
0.7219 0.9998 1.0000 0.9998 0.9728 0.9068 0.6271 0.3569 0.2618 0.2732 0.2407 0.1517 0.0816 0.1356 0.0175 0.0498 0.2004 0.0451 0.0134 0.1126 0.0873 0.0155 0.0262 0.0242 0.0164 0.0114 0.0102 0.0084 0.0071 0.0060 0.0060 0.0054 0.0041 0.0035 0.0043 0.0044 0.0047 0.0034 0.0036 0.0039 0.0032 0.0032 0.0042 0.0039 0.0063 0.0116 0.0137 0.0147 0.0074 0.0108 0.0039 0.0065 0.0049 0.0061 0.0113 0.0077 0.0052 0.0047 0.0050 0.0050 0.0050 0.0046 0.0050 0.0043 0.0035 0.0030 0.0030 0.0029 0.0031 0.0036 0.0033 0.0040 0.0049 0.0058 0.0089 0.0066 0.0076 0.0058 0.0035 0.0033 0.0037 0.0042 0.0049 0.0049 0.0046 0.0033 0.0033 0.0030 0.0025 0.0024 0.0022 0.0022 0.0021 0.0023 0.0023 0.0024 0.0027 0.0028 0.0032 0.0034 0.0036 0.0033 0.0027 0.0025 0.0024 0.0020 0.0016 0.0015 0.0015 0.0015 0.0015 0.0014 0.0018 0.0014 0.0018 0.0013 0.0019 0.0014 0.0016 0.0016 0.0018 0.0021 0.0016 0.0014 0.0014 0.0015 0.0017 0.0018 0.0019 0.0018 0.0016 0.0016 0.0014 0.0017 0.0021 0.0010 0.0010 0.0009 0.0010 0.0011 0.0012 0.0013 0.0014 0.0014 0.0016 0.0017 0.0017 0.0016 0.0015 0.0019 0.0021 0.0027 0.0030 0.0032 0.0026 0.0030 0.0030 0.0029 0.0034 0.0031 0.0023 0.0023 0.0023 0.0020 0.0017 0.0017 0.0019 0.0016 0.0014 0.0012 0.0011 0.0011 0.0011 0.0012 0.0013 0.0014 0.0012 0.0012 0.0014 0.0014 0.0014 0.0013 0.0015 0.0015 0.0018 0.0022 0.0024 0.0022 0.0020 0.0019 0.0019 0.0022 0.0021 0.0022 0.0025 0.0021 0.0021 0.0020 0.0020 0.0019 0.0018 0.0016 0.0016 0.0018 0.0019 0.0018 0.0018 0.0016 0.0017 0.0018 0.0019 0.0015 0.0013 0.0010 0.0010 0.0008 0.0008 0.0009 0.0010 0.0010 0.0011 0.0010 0.0012 0.0013 0.0016 0.0022 0.0027 0.0030 0.0031 0.0046 0.0052 0.0053 0.0057 0.0059 0.0056 0.0062 0.0058 0.0071 0.0082 0.0083 0.0099 0.0094 0.0094 0.0079 0.0068 0.0063
0.1147 0.8219 0.9998 1.0000 0.9999 0.8777 0.7337 0.6600 0.3855 0.4606 0.5543 0.2765 0.1482 0.3277 0.0336 0.1698 0.7342 0.1598 0.0540 0.5244 0.5444 0.0747 0.1633 0.1135 0.0490 0.0347 0.0219 0.0164 0.0141 0.0076 0.0148 0.0074 0.0049 0.0052 0.0073 0.0140 0.0088 0.0056 0.0101 0.0063 0.0047 0.0040 0.0057 0.0055 0.0099 0.0279 0.0400 0.0647 0.0237 0.0532 0.0095 0.0196 0.0092 0.0115 0.0226 0.0148 0.0144 0.0078 0.0085 0.0070 0.0072 0.0074 0.0102 0.0090 0.0064 0.0044 0.0051 0.0068 0.0072 0.0127 0.0112 0.0137 0.0215 0.0153 0.0264 0.0113 0.0105 0.0072 0.0036 0.0036 0.0045 0.0052 0.0082 0.0136 0.0104 0.0110 0.0072 0.0080 0.0048 0.0042 0.0047 0.0030 0.0029 0.0030 0.0030 0.0033 0.0049 0.0040 0.0049 0.0048 0.0050 0.0039 0.0030 0.0027 0.0030 0.0029 0.0024 0.0022 0.0020 0.0021 0.0020 0.0016 0.0023 0.0022 0.0030 0.0025 0.0040 0.0028 0.0033 0.0029 0.0025 0.0027 0.0018 0.0017 0.0017 0.0019 0.0027 0.0022 0.0025 0.0029 0.0025 0.0022 0.0025 0.0021 0.0021 0.0012 0.0010 0.0010 0.0011 0.0012 0.0018 0.0018 0.0018 0.0018 0.0019 0.0022 0.0022 0.0018 0.0017 0.0022 0.0025 0.0035 0.0039 0.0047 0.0037 0.0052 0.0055 0.0042 0.0052 0.0044 0.0026 0.0027 0.0027 0.0023 0.0022 0.0023 0.0034 0.0028 0.0022 0.0019 0.0015 0.0018 0.0014 0.0015 0.0016 0.0017 0.0018 0.0017 0.0021 0.0022 0.0023 0.0019 0.0024 0.0021 0.0025 0.0030 0.0028 0.0026 0.0021 0.0022 0.0022 0.0025 0.0023 0.0027 0.0049 0.0032 0.0043 0.0035 0.0041 0.0030 0.0027 0.0023 0.0022 0.0029 0.0026 0.0024 0.0022 0.0019 0.0023 0.0022 0.0023 0.0028 0.0018 0.0019 0.0015 0.0012 0.0010 0.0011 0.0010 0.0010 0.0012 0.0012 0.0020 0.0018 0.0022 0.0035 0.0047 0.0045 0.0082 0.0083 0.0103 0.0083 0.0100 0.0140 0.0131 0.0166 0.0118 0.0115 0.0138 0.0135 0.0171 0.0158 0.0197 0.0090 0.0069 0.0071
0.0591 0.1581 0.9728 0.9999 1.0000 0.9998 0.8672 0.5457 0.2326 0.2626 0.2787 0.1942 0.0770 0.1295 0.0125 0.0453 0.2300 0.0304 0.0156 0.1377 0.1057 0.0226 0.0325 0.0469 0.0234 0.0166 0.0135 0.0109 0.0083 0.0061 0.0069 0.0059 0.0044 0.0041 0.0055 0.0067 0.0068 0.0049 0.0050 0.0050 0.0038 0.0033 0.0047 0.0047 0.0088 0.0182 0.0263 0.0291 0.0121 0.0225 0.0058 0.0113 0.0062 0.0054 0.0074 0.0069 0.0062 0.0059 0.0060 0.0059 0.0062 0.0055 0.0054 0.0048 0.0044 0.0039 0.0044 0.0044 0.0042 0.0059 0.0044 0.0072 0.0072 0.0089 0.0127 0.0081 0.0077 0.0068 0.0044 0.0040 0.0044 0.0046 0.0060 0.0054 0.0066 0.0041 0.0044 0.0036 0.0031 0.0032 0.0029 0.0025 0.0024 0.0025 0.0026 0.0029 0.0036 0.0035 0.0038 0.0041 0.0042 0.0037 0.0032 0.0028 0.0026 0.0023 0.0019 0.0018 0.0015 0.0016 0.0015 0.0014 0.0018 0.0016 0.0021 0.0015 0.0021 0.0017 0.0022 0.0022 0.0026 0.0027 0.0020 0.0019 0.0018 0.0018 0.0020 0.0018 0.0020 0.0018 0.0016 0.0016 0.0016 0.0022 0.0019 0.0012 0.0010 0.0010 0.0011 0.0012 0.0015 0.0016 0.0016 0.0016 0.0019 0.0020 0.0019 0.0017 0.0018 0.0020 0.0023 0.0027 0.0029 0.0032 0.0028 0.0033 0.0030 0.0029 0.0032 0.0029 0.0022 0.0025 0.0025 0.0022 0.0020 0.0021 0.0025 0.0022 0.0019 0.0015 0.0015 0.0014 0.0014 0.0015 0.0015 0.0016 0.0015 0.0015 0.0016 0.0016 0.0017 0.0016 0.0017 0.0018 0.0021 0.0025 0.0025 0.0022 0.0022 0.0020 0.0020 0.0022 0.0022 0.0022 0.0025 0.0023 0.0021 0.0023 0.0022 0.0023 0.0021 0.0020 0.0020 0.0022 0.0024 0.0024 0.0023 0.0022 0.0022 0.0022 0.0024 0.0019 0.0016 0.0012 0.0012 0.0009 0.0010 0.0009 0.0010 0.0009 0.0010 0.0011 0.0016 0.0015 0.0018 0.0023 0.0030 0.0035 0.0041 0.0060 0.0077 0.0082 0.0103 0.0124 0.0124 0.0134 0.0099 0.0106 0.0126 0.0112 0.0126 0.0114 0.0109 0.0080 0.0058 0.0058
0.1231 0.6709 0.9068 0.8777 0.9998 1.0000 0.9999 0.7970 0.2129 0.2764 0.2301 0.1382 0.0571 0.0606 0.0087 0.0444 0.1191 0.0146 0.0128 0.0942 0.0627 0.0121 0.0210 0.0264 0.0147 0.0141 0.0112 0.0083 0.0070 0.0055 0.0062 0.0050 0.0040 0.0038 0.0051 0.0057 0.0061 0.0044 0.0044 0.0043 0.0036 0.0030 0.0042 0.0041 0.0075 0.0133 0.0171 0.0185 0.0116 0.0205 0.0061 0.0146 0.0063 0.0054 0.0075 0.0068 0.0060 0.0056 0.0060 0.0062 0.0076 0.0073 0.0071 0.0049 0.0045 0.0042 0.0046 0.0044 0.0041 0.0042 0.0041 0.0049 0.0062 0.0069 0.0096 0.0087 0.0093 0.0086 0.0049 0.0049 0.0052 0.0053 0.0058 0.0063 0.0064 0.0051 0.0041 0.0040 0.0032 0.0033 0.0029 0.0025 0.0025 0.0025 0.0027 0.0029 0.0037 0.0036 0.0037 0.0039 0.0041 0.0038 0.0032 0.0029 0.0025 0.0025 0.0022 0.0021 0.0017 0.0015 0.0013 0.0012 0.0016 0.0013 0.0016 0.0012 0.0016 0.0015 0.0020 0.0022 0.0025 0.0029 0.0022 0.0022 0.0021 0.0019 0.0021 0.0019 0.0021 0.0016 0.0016 0.0014 0.0014 0.0018 0.0019 0.0012 0.0011 0.0011 0.0013 0.0012 0.0019 0.0018 0.0018 0.0016 0.0018 0.0019 0.0018 0.0016 0.0017 0.0020 0.0022 0.0025 0.0030 0.0029 0.0029 0.0033 0.0030 0.0025 0.0030 0.0025 0.0021 0.0022 0.0025 0.0023 0.0019 0.0022 0.0024 0.0023 0.0021 0.0016 0.0015 0.0014 0.0013 0.0015 0.0015 0.0016 0.0015 0.0016 0.0016 0.0016 0.0018 0.0016 0.0017 0.0018 0.0020 0.0022 0.0023 0.0022 0.0020 0.0020 0.0020 0.0021 0.0019 0.0019 0.0023 0.0019 0.0018 0.0019 0.0019 0.0020 0.0019 0.0019 0.0017 0.0020 0.0022 0.0023 0.0024 0.0022 0.0022 0.0021 0.0020 0.0017 0.0015 0.0011 0.0011 0.0009 0.0010 0.0010 0.0010 0.0010 0.0010 0.0010 0.0016 0.0016 0.0019 0.0022 0.0026 0.0033 0.0041 0.0061 0.0086 0.0091 0.0108 0.0123 0.0128 0.0134 0.0104 0.0115 0.0134 0.0112 0.0118 0.0098 0.0092 0.0070 0.0060 0.0052
0.0884 0.4790 0.6271 0.7337 0.8672 0.9999 1.0000 1.0000 0.7829 0.4779 0.4839 0.1848 0.0851 0.0624 0.0114 0.0857 0.3388 0.0254 0.0232 0.2840 0.1643 0.0217 0.0345 0.0276 0.0127 0.0112 0.0095 0.0071 0.0060 0.0050 0.0055 0.0044 0.0033 0.0032 0.0041 0.0050 0.0059 0.0041 0.0043 0.0042 0.0036 0.0030 0.0048 0.0046 0.0090 0.0177 0.0200 0.0264 0.0133 0.0488 0.0093 0.0307 0.0088 0.0060 0.0086 0.0081 0.0076 0.0060 0.0060 0.0062 0.0073 0.0080 0.0066 0.0059 0.0044 0.0039 0.0044 0.0040 0.0037 0.0055 0.0034 0.0052 0.0045 0.0060 0.0090 0.0080 0.0092 0.0097 0.0052 0.0052 0.0050 0.0045 0.0049 0.0047 0.0052 0.0035 0.0033 0.0035 0.0028 0.0030 0.0029 0.0024 0.0025 0.0025 0.0025 0.0028 0.0034 0.0034 0.0039 0.0041 0.0044 0.0037 0.0029 0.0025 0.0023 0.0022 0.0019 0.0019 0.0015 0.0015 0.0013 0.0013 0.0016 0.0014 0.0018 0.0014 0.0017 0.0015 0.0017 0.0020 0.0023 0.0029 0.0024 0.0023 0.0024 0.0023 0.0022 0.0022 0.0020 0.0016 0.0013 0.0012 0.0014 0.0015 0.0016 0.0011 0.0010 0.0010 0.0011 0.0012 0.0015 0.0015 0.0016 0.0016 0.0017 0.0018 0.0016 0.0014 0.0015 0.0017 0.0019 0.0022 0.0024 0.0024 0.0023 0.0027 0.0025 0.0022 0.0026 0.0023 0.0019 0.0022 0.0023 0.0022 0.0020 0.0022 0.0024 0.0024 0.0022 0.0018 0.0015 0.0014 0.0014 0.0015 0.0016 0.0017 0.0016 0.0015 0.0018 0.0018 0.0019 0.0020 0.0019 0.0017 0.0020 0.0021 0.0022 0.0021 0.0018 0.0019 0.0018 0.0018 0.0016 0.0016 0.0019 0.0016 0.0015 0.0016 0.0014 0.0017 0.0017 0.0016 0.0015 0.0017 0.0020 0.0022 0.0022 0.0021 0.0021 0.0020 0.0019 0.0016 0.0014 0.0010 0.0010 0.0008 0.0009 0.0010 0.0010 0.0010 0.0010 0.0010 0.0012 0.0013 0.0016 0.0018 0.0022 0.0026 0.0036 0.0057 0.0077 0.0077 0.0108 0.0127 0.0123 0.0137 0.0116 0.0121 0.0140 0.0119 0.0130 0.0102 0.0094 0.0072 0.0057 0.0060
0.1050 0.3920 0.3569 0.6600 0.5457 0.7970 1.0000 1.0000 0.9999 0.8956 0.6923 0.2646 0.0873 0.0921 0.0131 0.1644 0.6708 0.0704 0.0557 0.5398 0.3361 0.0367 0.0619 0.0447 0.0158 0.0128 0.0094 0.0079 0.0063 0.0051 0.0068 0.0043 0.0030 0.0029 0.0046 0.0071 0.0071 0.0047 0.0060 0.0051 0.0042 0.0034 0.0061 0.0058 0.0120 0.0328 0.0359 0.0554 0.0206 0.0704 0.0137 0.0333 0.0093 0.0067 0.0097 0.0088 0.0109 0.0071 0.0071 0.0067 0.0077 0.0113 0.0087 0.0104 0.0047 0.0042 0.0050 0.0047 0.0047 0.0069 0.0043 0.0060 0.0053 0.0073 0.0137 0.0092 0.0093 0.0088 0.0049 0.0040 0.0043 0.0043 0.0058 0.0072 0.0074 0.0049 0.0044 0.0049 0.0036 0.0037 0.0035 0.0026 0.0027 0.0027 0.0027 0.0029 0.0038 0.0036 0.0043 0.0042 0.0049 0.0041 0.0029 0.0025 0.0026 0.0028 0.0023 0.0019 0.0016 0.0017 0.0016 0.0015 0.0019 0.0016 0.0021 0.0015 0.0021 0.0016 0.0019 0.0021 0.0025 0.0031 0.0023 0.0024 0.0025 0.0026 0.0027 0.0024 0.0020 0.0018 0.0014 0.0012 0.0015 0.0015 0.0015 0.0011 0.0010 0.0009 0.0011 0.0011 0.0015 0.0015 0.0016 0.0016 0.0016 0.0019 0.0017 0.0014 0.0014 0.0017 0.0019 0.0021 0.0022 0.0022 0.0020 0.0024 0.0025 0.0021 0.0025 0.0024 0.0018 0.0023 0.0024 0.0022 0.0021 0.0023 0.0027 0.0025 0.0025 0.0022 0.0018 0.0016 0.0014 0.0016 0.0018 0.0019 0.0017 0.0016 0.0019 0.0022 0.0022 0.0022 0.0022 0.0020 0.0024 0.0026 0.0026 0.0024 0.0020 0.0019 0.0018 0.0018 0.0016 0.0015 0.0022 0.0018 0.0018 0.0020 0.0019 0.0021 0.0019 0.0017 0.0016 0.0021 0.0022 0.0023 0.0022 0.0021 0.0022 0.0019 0.0017 0.0017 0.0014 0.0012 0.0010 0.0008 0.0009 0.0011 0.0011 0.0011 0.0012 0.0010 0.0011 0.0012 0.0014 0.0018 0.0022 0.0026 0.0044 0.0064 0.0078 0.0068 0.0096 0.0129 0.0121 0.0150 0.0124 0.0117 0.0153 0.0147 0.0179 0.0125 0.0120 0.0074 0.0057 0.0056
0.1364 0.2876 0.2618 0.3855 0.2326 0.2129 0.7829 0.9999 1.0000 0.9999 0.7839 0.2202 0.0926 0.0501 0.0103 0.1409 0.4617 0.0265 0.0411 0.4065 0.1691 0.0227 0.0406 0.0226 0.0120 0.0080 0.0076 0.0068 0.0051 0.0041 0.0038 0.0032 0.0022 0.0022 0.0028 0.0038 0.0043 0.0036 0.0043 0.0045 0.0039 0.0036 0.0061 0.0059 0.0099 0.0170 0.0180 0.0249 0.0104 0.0365 0.0067 0.0177 0.0072 0.0060 0.0076 0.0082 0.0078 0.0064 0.0062 0.0063 0.0068 0.0100 0.0063 0.0091 0.0039 0.0035 0.0038 0.0032 0.0027 0.0035 0.0025 0.0033 0.0027 0.0041 0.0050 0.0052 0.0064 0.0065 0.0040 0.0037 0.0038 0.0037 0.0040 0.0037 0.0034 0.0022 0.0025 0.0027 0.0024 0.0030 0.0027 0.0025 0.0029 0.0028 0.0027 0.0027 0.0030 0.0032 0.0037 0.0038 0.0041 0.0035 0.0027 0.0025 0.0027 0.0026 0.0019 0.0016 0.0014 0.0016 0.0015 0.0015 0.0017 0.0015 0.0017 0.0012 0.0016 0.0014 0.0016 0.0019 0.0022 0.0029 0.0022 0.0021 0.0022 0.0023 0.0022 0.0022 0.0018 0.0014 0.0012 0.0011 0.0012 0.0014 0.0016 0.0010 0.0009 0.0008 0.0009 0.0010 0.0012 0.0013 0.0012 0.0013 0.0014 0.0015 0.0015 0.0013 0.0012 0.0014 0.0014 0.0015 0.0015 0.0014 0.0014 0.0016 0.0018 0.0015 0.0019 0.0019 0.0016 0.0021 0.0022 0.0020 0.0019 0.0021 0.0023 0.0022 0.0022 0.0018 0.0016 0.0014 0.0014 0.0016 0.0017 0.0017 0.0014 0.0016 0.0018 0.0020 0.0022 0.0021 0.0019 0.0018 0.0023 0.0025 0.0025 0.0024 0.0019 0.0019 0.0018 0.0018 0.0016 0.0014 0.0018 0.0015 0.0013 0.0015 0.0015 0.0016 0.0016 0.0015 0.0015 0.0018 0.0021 0.0022 0.0022 0.0020 0.0020 0.0018 0.0015 0.0014 0.0013 0.0011 0.0010 0.0008 0.0008 0.0010 0.0010 0.0010 0.0011 0.0009 0.0009 0.0009 0.0011 0.0014 0.0019 0.0023 0.0033 0.0056 0.0069 0.0059 0.0093 0.0124 0.0144 0.0180 0.0133 0.0124 0.0150 0.0164 0.0178 0.0126 0.0115 0.0077 0.0053 0.0049
0.1565 0.3052 0.2732 0.4606 0.2626 0.2764 0.4779 0.8956 0.9999 1.0000 0.9999 0.7664 0.1718 0.1017 0.0173 0.2901 0.5206 0.0221 0.0369 0.3577 0.0649 0.0093 0.0186 0.0118 0.0073 0.0066 0.0053 0.0051 0.0044 0.0037 0.0046 0.0032 0.0022 0.0023 0.0027 0.0034 0.0039 0.0031 0.0037 0.0036 0.0032 0.0030 0.0057 0.0055 0.0087 0.0180 0.0187 0.0279 0.0084 0.0243 0.0049 0.0081 0.0060 0.0050 0.0064 0.0069 0.0067 0.0055 0.0058 0.0056 0.0059 0.0068 0.0050 0.0059 0.0038 0.0036 0.0038 0.0031 0.0023 0.0025 0.0021 0.0023 0.0026 0.0036 0.0046 0.0046 0.0055 0.0053 0.0036 0.0033 0.0043 0.0040 0.0047 0.0040 0.0035 0.0021 0.0023 0.0031 0.0024 0.0028 0.0025 0.0025 0.0028 0.0027 0.0026 0.0026 0.0031 0.0031 0.0034 0.0035 0.0038 0.0029 0.0024 0.0022 0.0022 0.0023 0.0016 0.0015 0.0012 0.0014 0.0012 0.0012 0.0015 0.0011 0.0016 0.0011 0.0016 0.0013 0.0016 0.0017 0.0020 0.0024 0.0017 0.0015 0.0015 0.0016 0.0016 0.0016 0.0014 0.0012 0.0010 0.0010 0.0011 0.0012 0.0015 0.0009 0.0009 0.0009 0.0010 0.0010 0.0012 0.0014 0.0012 0.0013 0.0014 0.0014 0.0013 0.0011 0.0010 0.0012 0.0012 0.0014 0.0013 0.0013 0.0013 0.0016 0.0016 0.0016 0.0018 0.0018 0.0014 0.0017 0.0018 0.0018 0.0018 0.0019 0.0022 0.0019 0.0019 0.0015 0.0012 0.0012 0.0012 0.0013 0.0014 0.0015 0.0014 0.0014 0.0017 0.0018 0.0019 0.0018 0.0018 0.0018 0.0023 0.0027 0.0026 0.0023 0.0019 0.0017 0.0016 0.0015 0.0014 0.0013 0.0015 0.0014 0.0012 0.0012 0.0011 0.0013 0.0014 0.0014 0.0014 0.0018 0.0020 0.0022 0.0022 0.0020 0.0020 0.0016 0.0012 0.0013 0.0011 0.0011 0.0010 0.0007 0.0007 0.0008 0.0009 0.0009 0.0010 0.0009 0.0008 0.0007 0.0008 0.0012 0.0018 0.0022 0.0033 0.0047 0.0059 0.0049 0.0081 0.0105 0.0127 0.0150 0.0123 0.0116 0.0158 0.0184 0.0222 0.0137 0.0118 0.0071 0.0053 0.0047
0.1065 0.2864 0.2407 0.5543 0.2787 0.2301 0.4839 0.6923 0.7839 0.9999 1.0000 0.9998 0.8630 0.3399 0.1319 0.9241 0.9638 0.0791 0.1479 0.6334 0.1772 0.0102 0.0280 0.0127 0.0099 0.0065 0.0055 0.0046 0.0031 0.0022 0.0026 0.0021 0.0016 0.0018 0.0020 0.0022 0.0025 0.0023 0.0025 0.0025 0.0022 0.0023 0.0042 0.0047 0.0073 0.0203 0.0202 0.0375 0.0061 0.0180 0.0033 0.0050 0.0040 0.0036 0.0042 0.0049 0.0049 0.0043 0.0049 0.0055 0.0056 0.0049 0.0041 0.0038 0.0028 0.0026 0.0025 0.0020 0.0014 0.0017 0.0012 0.0018 0.0017 0.0030 0.0037 0.0045 0.0048 0.0044 0.0029 0.0027 0.0031 0.0033 0.0042 0.0030 0.0026 0.0014 0.0015 0.0017 0.0016 0.0019 0.0019 0.0019 0.0022 0.0021 0.0021 0.0021 0.0023 0.0022 0.0022 0.0022 0.0022 0.0020 0.0018 0.0016 0.0017 0.0015 0.0012 0.0010 0.0009 0.0010 0.0009 0.0010 0.0011 0.0009 0.0014 0.0009 0.0010 0.0008 0.0010 0.0012 0.0015 0.0019 0.0012 0.0012 0.0011 0.0012 0.0012 0.0012 0.0010 0.0009 0.0007 0.0007 0.0009 0.0009 0.0012 0.0008 0.0008 0.0008 0.0008 0.0008 0.0011 0.0011 0.0011 0.0011 0.0012 0.0011 0.0010 0.0008 0.0008 0.0009 0.0010 0.0010 0.0010 0.0009 0.0009 0.0011 0.0012 0.0012 0.0013 0.0013 0.0011 0.0012 0.0013 0.0012 0.0012 0.0014 0.0015 0.0014 0.0012 0.0010 0.0009 0.0008 0.0009 0.0009 0.0010 0.0011 0.0010 0.0010 0.0012 0.0012 0.0012 0.0012 0.0012 0.0012 0.0016 0.0019 0.0020 0.0018 0.0015 0.0014 0.0012 0.0012 0.0011 0.0010 0.0010 0.0008 0.0007 0.0006 0.0005 0.0007 0.0008 0.0008 0.0009 0.0012 0.0015 0.0016 0.0017 0.0015 0.0015 0.0012 0.0009 0.0008 0.0007 0.0006 0.0005 0.0005 0.0004 0.0005 0.0005 0.0006 0.0007 0.0005 0.0005 0.0005 0.0006 0.0009 0.0013 0.0015 0.0018 0.0025 0.0030 0.0031 0.0047 0.0056 0.0071 0.0099 0.0082 0.0087 0.0118 0.0140 0.0153 0.0098 0.0072 0.0051 0.0041 0.0040
0.0868 0.1506 0.1517 0.2765 0.1942 0.1382 0.1848 0.2646 0.2202 0.7664 0.9998 1.0000 0.9997 0.4856 0.1050 0.8509 0.6363 0.0186 0.0269 0.1410 0.0138 0.0019 0.0039 0.0031 0.0033 0.0032 0.0025 0.0023 0.0018 0.0012 0.0015 0.0014 0.0014 0.0015 0.0014 0.0015 0.0018 0.0016 0.0017 0.0021 0.0019 0.0022 0.0033 0.0038 0.0058 0.0101 0.0085 0.0087 0.0030 0.0060 0.0022 0.0039 0.0029 0.0023 0.0023 0.0025 0.0022 0.0022 0.0028 0.0032 0.0035 0.0030 0.0025 0.0024 0.0018 0.0019 0.0019 0.0014 0.0010 0.0011 0.0008 0.0010 0.0010 0.0019 0.0022 0.0031 0.0036 0.0036 0.0030 0.0026 0.0026 0.0022 0.0020 0.0015 0.0016 0.0008 0.0010 0.0010 0.0011 0.0014 0.0015 0.0016 0.0019 0.0018 0.0018 0.0018 0.0018 0.0018 0.0018 0.0018 0.0021 0.0018 0.0016 0.0014 0.0013 0.0011 0.0010 0.0009 0.0009 0.0009 0.0008 0.0008 0.0009 0.0007 0.0010 0.0007 0.0007 0.0006 0.0008 0.0011 0.0015 0.0018 0.0012 0.0010 0.0009 0.0008 0.0008 0.0008 0.0008 0.0007 0.0006 0.0006 0.0007 0.0009 0.0012 0.0007 0.0007 0.0006 0.0007 0.0008 0.0010 0.0009 0.0008 0.0008 0.0009 0.0009 0.0008 0.0007 0.0007 0.0007 0.0007 0.0007 0.0007 0.0007 0.0007 0.0007 0.0008 0.0008 0.0008 0.0009 0.0008 0.0010 0.0010 0.0010 0.0009 0.0011 0.0011 0.0009 0.0008 0.0006 0.0007 0.0006 0.0005 0.0007 0.0007 0.0008 0.0007 0.0008 0.0009 0.0010 0.0010 0.0008 0.0008 0.0010 0.0012 0.0014 0.0014 0.0012 0.0012 0.0011 0.0010 0.0009 0.0009 0.0008 0.0008 0.0005 0.0005 0.0004 0.0004 0.0005 0.0005 0.0007 0.0007 0.0009 0.0010 0.0011 0.0011 0.0012 0.0010 0.0009 0.0007 0.0005 0.0004 0.0004 0.0004 0.0004 0.0003 0.0004 0.0004 0.0004 0.0004 0.0004 0.0004 0.0004 0.0005 0.0007 0.0009 0.0012 0.0012 0.0018 0.0021 0.0025 0.0037 0.0040 0.0048 0.0056 0.0051 0.0051 0.0061 0.0062 0.0068 0.0050 0.0049 0.0034 0.0033 0.0033
0.0521 0.0776 0.0816 0.1482 0.0770 0.0571 0.0851 0.0873 0.0926 0.1718 0.8630 0.9997 1.0000 0.9997 0.9914 0.9926 0.8995 0.0535 0.0305 0.0178 0.0076 0.0011 0.0034 0.0019 0.0044 0.0025 0.0019 0.0019 0.0012 0.0010 0.0010 0.0012 0.0011 0.0011 0.0009 0.0008 0.0008 0.0008 0.0009 0.0012 0.0014 0.0015 0.0022 0.0029 0.0032 0.0051 0.0030 0.0033 0.0014 0.0021 0.0014 0.0021 0.0015 0.0014 0.0018 0.0015 0.0012 0.0012 0.0016 0.0019 0.0022 0.0020 0.0019 0.0016 0.0012 0.0011 0.0012 0.0008 0.0007 0.0007 0.0004 0.0006 0.0006 0.0010 0.0014 0.0019 0.0022 0.0023 0.0018 0.0015 0.0013 0.0011 0.0009 0.0008 0.0007 0.0003 0.0004 0.0005 0.0007 0.0009 0.0010 0.0011 0.0012 0.0012 0.0012 0.0012 0.0011 0.0011 0.0011 0.0012 0.0014 0.0013 0.0012 0.0010 0.0010 0.0008 0.0006 0.0006 0.0007 0.0007 0.0006 0.0007 0.0007 0.0004 0.0005 0.0004 0.0004 0.0004 0.0005 0.0006 0.0010 0.0011 0.0009 0.0008 0.0007 0.0008 0.0007 0.0007 0.0006 0.0004 0.0004 0.0004 0.0005 0.0007 0.0010 0.0007 0.0007 0.0006 0.0007 0.0007 0.0007 0.0007 0.0007 0.0006 0.0007 0.0006 0.0006 0.0005 0.0005 0.0005 0.0005 0.0005 0.0005 0.0005 0.0005 0.0005 0.0005 0.0005 0.0005 0.0005 0.0005 0.0006 0.0006 0.0006 0.0005 0.0007 0.0007 0.0005 0.0005 0.0004 0.0004 0.0003 0.0004 0.0004 0.0005 0.0005 0.0005 0.0005 0.0006 0.0007 0.0006 0.0006 0.0005 0.0007 0.0007 0.0010 0.0011 0.0010 0.0009 0.0009 0.0008 0.0007 0.0006 0.0005 0.0005 0.0003 0.0003 0.0002 0.0002 0.0004 0.0004 0.0004 0.0004 0.0006 0.0008 0.0008 0.0009 0.0009 0.0008 0.0007 0.0005 0.0003 0.0003 0.0002 0.0002 0.0002 0.0003 0.0003 0.0003 0.0003 0.0003 0.0003 0.0003 0.0003 0.0004 0.0004 0.0006 0.0007 0.0007 0.0010 0.0010 0.0014 0.0017 0.0018 0.0021 0.0019 0.0020 0.0022 0.0027 0.0024 0.0030 0.0030 0.0028 0.0023 0.0025 0.0029
0.0913 0.1834 0.1356 0.3277 0.1295 0.0606 0.0624 0.0921 0.0501 0.1017 0.3399 0.4856 0.9997 1.0000 0.9999 0.9779 0.9803 0.9151 0.0147 0.0040 0.0075 0.0052 0.0329 0.0172 0.0522 0.0203 0.0133 0.0108 0.0043 0.0030 0.0032 0.0025 0.0019 0.0022 0.0019 0.0019 0.0015 0.0012 0.0019 0.0025 0.0027 0.0034 0.0046 0.0060 0.0088 0.0316 0.0206 0.0309 0.0036 0.0070 0.0022 0.0045 0.0022 0.0021 0.0034 0.0023 0.0019 0.0016 0.0021 0.0023 0.0029 0.0033 0.0035 0.0029 0.0021 0.0016 0.0019 0.0013 0.0008 0.0011 0.0007 0.0014 0.0011 0.0022 0.0025 0.0034 0.0037 0.0037 0.0022 0.0019 0.0021 0.0031 0.0029 0.0032 0.0024 0.0012 0.0014 0.0012 0.0012 0.0014 0.0014 0.0014 0.0014 0.0015 0.0013 0.0012 0.0014 0.0014 0.0014 0.0015 0.0016 0.0015 0.0014 0.0013 0.0010 0.0010 0.0009 0.0009 0.0010 0.0011 0.0010 0.0010 0.0010 0.0007 0.0007 0.0004 0.0005 0.0005 0.0006 0.0008 0.0010 0.0014 0.0011 0.0010 0.0010 0.0012 0.0011 0.0010 0.0009 0.0007 0.0007 0.0007 0.0009 0.0010 0.0015 0.0011 0.0012 0.0011 0.0011 0.0010 0.0012 0.0011 0.0010 0.0009 0.0009 0.0008 0.0007 0.0006 0.0005 0.0006 0.0006 0.0006 0.0006 0.0005 0.0005 0.0006 0.0006 0.0006 0.0007 0.0008 0.0007 0.0008 0.0008 0.0007 0.0006 0.0007 0.0007 0.0007 0.0005 0.0005 0.0004 0.0003 0.0004 0.0005 0.0005 0.0005 0.0005 0.0006 0.0007 0.0008 0.0009 0.0008 0.0008 0.0009 0.0010 0.0012 0.0014 0.0012 0.0010 0.0010 0.0009 0.0009 0.0008 0.0007 0.0007 0.0005 0.0004 0.0004 0.0004 0.0004 0.0005 0.0007 0.0007 0.0009 0.0009 0.0010 0.0011 0.0012 0.0010 0.0010 0.0006 0.0004 0.0004 0.0002 0.0002 0.0002 0.0003 0.0003 0.0003 0.0003 0.0003 0.0003 0.0003 0.0003 0.0004 0.0005 0.0008 0.0009 0.0010 0.0014 0.0013 0.0016 0.0020 0.0021 0.0030 0.0033 0.0034 0.0034 0.0036 0.0036 0.0048 0.0058 0.0060 0.0038 0.0041 0.0036
0.0181 0.0264 0.0175 0.0336 0.0125 0.0087 0.0114 0.0131 0.0103 0.0173 0.1319 0.1050 0.9914 0.9999 1.0000 0.9999 0.9850 0.9624 0.9348 0.0136 0.0034 0.0036 0.0152 0.0123 0.0378 0.0095 0.0071 0.0057 0.0025 0.0017 0.0016 0.0015 0.0011 0.0011 0.0009 0.0009 0.0008 0.0008 0.0010 0.0015 0.0019 0.0027 0.0039 0.0054 0.0056 0.0121 0.0052 0.0044 0.0014 0.0017 0.0011 0.0016 0.0010 0.0008 0.0009 0.0007 0.0007 0.0007 0.0011 0.0013 0.0015 0.0014 0.0014 0.0013 0.0010 0.0010 0.0010 0.0008 0.0005 0.0005 0.0004 0.0006 0.0006 0.0010 0.0014 0.0018 0.0019 0.0019 0.0015 0.0012 0.0012 0.0011 0.0009 0.0008 0.0007 0.0004 0.0005 0.0004 0.0005 0.0008 0.0007 0.0009 0.0011 0.0011 0.0010 0.0010 0.0010 0.0010 0.0010 0.0011 0.0011 0.0010 0.0010 0.0010 0.0009 0.0008 0.0007 0.0007 0.0007 0.0008 0.0008 0.0008 0.0007 0.0005 0.0005 0.0003 0.0004 0.0004 0.0004 0.0006 0.0007 0.0010 0.0008 0.0007 0.0007 0.0009 0.0008 0.0007 0.0008 0.0005 0.0006 0.0007 0.0008 0.0010 0.0014 0.0009 0.0010 0.0011 0.0011 0.0009 0.0010 0.0009 0.0009 0.0008 0.0007 0.0007 0.0006 0.0005 0.0006 0.0007 0.0007 0.0005 0.0006 0.0006 0.0005 0.0005 0.0005 0.0005 0.0006 0.0006 0.0005 0.0007 0.0006 0.0006 0.0005 0.0005 0.0005 0.0005 0.0004 0.0004 0.0003 0.0003 0.0003 0.0004 0.0004 0.0004 0.0005 0.0005 0.0004 0.0005 0.0006 0.0006 0.0005 0.0006 0.0007 0.0008 0.0009 0.0008 0.0008 0.0007 0.0006 0.0005 0.0005 0.0005 0.0005 0.0003 0.0003 0.0002 0.0002 0.0004 0.0004 0.0005 0.0005 0.0007 0.0008 0.0008 0.0010 0.0009 0.0009 0.0008 0.0005 0.0004 0.0003 0.0002 0.0002 0.0002 0.0002 0.0003 0.0003 0.0003 0.0003 0.0003 0.0003 0.0003 0.0003 0.0004 0.0005 0.0008 0.0007 0.0008 0.0010 0.0010 0.0012 0.0010 0.0010 0.0012 0.0013 0.0015 0.0017 0.0018 0.0025 0.0026 0.0025 0.0017 0.0020 0.0022
0.0283 0.0845 0.0498 0.1698 0.0453 0.0444 0.0857 0.1644 0.1409 0.2901 0.9241 0.8509 0.9926 0.9779 0.9999 1.0000 0.9998 0.9847 0.9787 0.9243 0.0351 0.0066 0.0170 0.0070 0.0063 0.0037 0.0025 0.0024 0.0019 0.0014 0.0016 0.0014 0.0009 0.0009 0.0009 0.0010 0.0010 0.0009 0.0011 0.0014 0.0017 0.0021 0.0034 0.0043 0.0050 0.0095 0.0071 0.0049 0.0023 0.0027 0.0018 0.0018 0.0014 0.0012 0.0012 0.0010 0.0009 0.0009 0.0014 0.0014 0.0015 0.0015 0.0015 0.0015 0.0012 0.0011 0.0012 0.0010 0.0007 0.0007 0.0005 0.0008 0.0007 0.0015 0.0016 0.0054 0.0030 0.0029 0.0017 0.0014 0.0014 0.0012 0.0010 0.0010 0.0011 0.0005 0.0010 0.0006 0.0008 0.0009 0.0010 0.0011 0.0013 0.0015 0.0013 0.0012 0.0012 0.0012 0.0011 0.0012 0.0013 0.0011 0.0011 0.0010 0.0009 0.0008 0.0008 0.0007 0.0006 0.0007 0.0006 0.0006 0.0005 0.0004 0.0005 0.0004 0.0005 0.0004 0.0005 0.0007 0.0010 0.0011 0.0007 0.0006 0.0005 0.0007 0.0008 0.0007 0.0006 0.0006 0.0006 0.0006 0.0008 0.0010 0.0013 0.0009 0.0009 0.0010 0.0012 0.0010 0.0012 0.0012 0.0011 0.0012 0.0011 0.0009 0.0008 0.0007 0.0006 0.0008 0.0007 0.0007 0.0007 0.0008 0.0008 0.0009 0.0009 0.0009 0.0009 0.0008 0.0007 0.0008 0.0007 0.0008 0.0007 0.0007 0.0007 0.0006 0.0005 0.0005 0.0005 0.0004 0.0005 0.0005 0.0005 0.0006 0.0005 0.0005 0.0006 0.0007 0.0008 0.0008 0.0007 0.0007 0.0008 0.0008 0.0008 0.0008 0.0007 0.0008 0.0006 0.0006 0.0005 0.0005 0.0006 0.0004 0.0004 0.0003 0.0002 0.0004 0.0004 0.0005 0.0006 0.0007 0.0008 0.0009 0.0010 0.0009 0.0009 0.0008 0.0005 0.0004 0.0004 0.0003 0.0002 0.0002 0.0002 0.0002 0.0004 0.0004 0.0003 0.0004 0.0004 0.0004 0.0004 0.0005 0.0008 0.0010 0.0012 0.0019 0.0025 0.0023 0.0025 0.0027 0.0027 0.0028 0.0033 0.0033 0.0044 0.0052 0.0083 0.0088 0.0069 0.0034 0.0029 0.0033
0.0966 0.3889 0.2004 0.7342 0.2300 0.1191 0.3388 0.6708 0.4617 0.5206 0.9638 0.6363 0.8995 0.9803 0.9850 0.9998 1.0000 0.9999 0.9853 0.9710 0.9326 0.0618 0.2164 0.0654 0.0373 0.0202 0.0122 0.0094 0.0060 0.0037 0.0077 0.0029 0.0019 0.0019 0.0019 0.0032 0.0022 0.0020 0.0041 0.0032 0.0033 0.0038 0.0066 0.0074 0.0136 0.0449 0.0465 0.0529 0.0142 0.0192 0.0071 0.0056 0.0044 0.0038 0.0063 0.0035 0.0039 0.0024 0.0036 0.0033 0.0030 0.0033 0.0052 0.0063 0.0042 0.0030 0.0033 0.0029 0.0022 0.0022 0.0016 0.0043 0.0027 0.0061 0.0044 0.0101 0.0058 0.0050 0.0023 0.0022 0.0028 0.0058 0.0033 0.0057 0.0050 0.0029 0.0036 0.0024 0.0019 0.0032 0.0027 0.0021 0.0023 0.0022 0.0018 0.0017 0.0023 0.0016 0.0018 0.0017 0.0019 0.0017 0.0015 0.0014 0.0012 0.0012 0.0010 0.0009 0.0009 0.0011 0.0010 0.0008 0.0009 0.0007 0.0008 0.0007 0.0008 0.0009 0.0015 0.0016 0.0017 0.0016 0.0009 0.0008 0.0007 0.0008 0.0014 0.0011 0.0010 0.0012 0.0011 0.0012 0.0019 0.0018 0.0021 0.0015 0.0017 0.0021 0.0031 0.0023 0.0032 0.0032 0.0022 0.0026 0.0020 0.0018 0.0014 0.0010 0.0010 0.0011 0.0012 0.0013 0.0013 0.0014 0.0012 0.0016 0.0015 0.0014 0.0014 0.0013 0.0010 0.0010 0.0011 0.0011 0.0010 0.0010 0.0011 0.0010 0.0008 0.0008 0.0007 0.0007 0.0006 0.0007 0.0008 0.0008 0.0009 0.0010 0.0012 0.0014 0.0014 0.0014 0.0014 0.0014 0.0015 0.0014 0.0012 0.0011 0.0008 0.0008 0.0008 0.0008 0.0008 0.0009 0.0015 0.0009 0.0008 0.0007 0.0007 0.0008 0.0008 0.0009 0.0010 0.0012 0.0011 0.0012 0.0012 0.0013 0.0015 0.0012 0.0008 0.0010 0.0005 0.0005 0.0004 0.0003 0.0004 0.0004 0.0005 0.0005 0.0005 0.0004 0.0005 0.0005 0.0005 0.0009 0.0012 0.0013 0.0022 0.0036 0.0040 0.0032 0.0045 0.0058 0.0058 0.0074 0.0082 0.0076 0.0107 0.0127 0.0184 0.0175 0.0137 0.0055 0.0040 0.0049
0.0419 0.1436 0.0451 0.1598 0.0304 0.0146 0.0254 0.0704 0.0265 0.0221 0.0791 0.0186 0.0535 0.9151 0.9624 0.9847 0.9999 1.0000 0.9999 0.9642 0.9396 0.7346 0.5706 0.3814 0.2879 0.1397 0.0734 0.0378 0.0141 0.0067 0.0077 0.0038 0.0027 0.0022 0.0018 0.0026 0.0025 0.0027 0.0058 0.0051 0.0060 0.0093 0.0175 0.0213 0.0290 0.1064 0.0758 0.0750 0.0108 0.0193 0.0060 0.0074 0.0036 0.0022 0.0024 0.0015 0.0017 0.0015 0.0021 0.0024 0.0026 0.0027 0.0035 0.0043 0.0030 0.0025 0.0030 0.0029 0.0024 0.0025 0.0017 0.0034 0.0029 0.0133 0.0162 0.0213 0.0124 0.0096 0.0046 0.0041 0.0044 0.0068 0.0037 0.0046 0.0038 0.0019 0.0023 0.0016 0.0015 0.0027 0.0022 0.0021 0.0020 0.0021 0.0017 0.0018 0.0019 0.0015 0.0016 0.0016 0.0018 0.0016 0.0016 0.0016 0.0014 0.0012 0.0011 0.0011 0.0011 0.0014 0.0012 0.0012 0.0013 0.0010 0.0010 0.0008 0.0010 0.0010 0.0022 0.0017 0.0023 0.0019 0.0009 0.0009 0.0009 0.0011 0.0015 0.0014 0.0012 0.0014 0.0013 0.0015 0.0025 0.0033 0.0037 0.0033 0.0034 0.0047 0.0063 0.0056 0.0073 0.0077 0.0045 0.0041 0.0028 0.0023 0.0020 0.0014 0.0015 0.0016 0.0016 0.0018 0.0018 0.0019 0.0018 0.0023 0.0023 0.0019 0.0016 0.0016 0.0011 0.0014 0.0013 0.0012 0.0011 0.0012 0.0012 0.0011 0.0009 0.0007 0.0007 0.0007 0.0007 0.0008 0.0009 0.0009 0.0009 0.0010 0.0012 0.0014 0.0014 0.0012 0.0012 0.0014 0.0016 0.0016 0.0013 0.0010 0.0009 0.0010 0.0009 0.0009 0.0008 0.0010 0.0014 0.0009 0.0008 0.0008 0.0007 0.0009 0.0010 0.0010 0.0011 0.0014 0.0014 0.0014 0.0015 0.0015 0.0018 0.0014 0.0010 0.0009 0.0006 0.0005 0.0004 0.0002 0.0003 0.0005 0.0006 0.0005 0.0005 0.0005 0.0005 0.0005 0.0006 0.0009 0.0013 0.0014 0.0014 0.0023 0.0024 0.0021 0.0023 0.0024 0.0021 0.0027 0.0032 0.0038 0.0049 0.0053 0.0059 0.0059 0.0047 0.0035 0.0033 0.0035
0.0168 0.0413 0.0134 0.0540 0.0156 0.0128 0.0232 0.0557 0.0411 0.0369 0.1479 0.0269 0.0305 0.0147 0.9348 0.9787 0.9853 0.9999 1.0000 0.9999 0.9237 0.7797 0.4999 0.1160 0.0789 0.0269 0.0162 0.0106 0.0049 0.0034 0.0033 0.0023 0.0019 0.0019 0.0014 0.0018 0.0021 0.0023 0.0030 0.0043 0.0059 0.0071 0.0104 0.0131 0.0126 0.0241 0.0133 0.0113 0.0043 0.0047 0.0030 0.0032 0.0022 0.0016 0.0017 0.0012 0.0011 0.0012 0.0015 0.0017 0.0019 0.0022 0.0023 0.0027 0.0022 0.0022 0.0025 0.0024 0.0024 0.0022 0.0015 0.0022 0.0018 0.0044 0.0038 0.0079 0.0055 0.0063 0.0043 0.0041 0.0038 0.0033 0.0016 0.0012 0.0021 0.0008 0.0027 0.0010 0.0010 0.0016 0.0016 0.0015 0.0016 0.0016 0.0015 0.0015 0.0016 0.0014 0.0014 0.0015 0.0018 0.0017 0.0016 0.0014 0.0012 0.0010 0.0010 0.0010 0.0010 0.0010 0.0010 0.0010 0.0010 0.0009 0.0010 0.0006 0.0011 0.0012 0.0029 0.0019 0.0022 0.0016 0.0010 0.0009 0.0009 0.0011 0.0014 0.0012 0.0012 0.0011 0.0011 0.0013 0.0020 0.0024 0.0028 0.0022 0.0026 0.0034 0.0044 0.0039 0.0055 0.0050 0.0036 0.0031 0.0025 0.0022 0.0019 0.0015 0.0015 0.0018 0.0020 0.0020 0.0023 0.0031 0.0032 0.0036 0.0028 0.0023 0.0019 0.0017 0.0015 0.0018 0.0015 0.0013 0.0012 0.0012 0.0012 0.0012 0.0010 0.0007 0.0007 0.0006 0.0007 0.0007 0.0008 0.0009 0.0009 0.0011 0.0014 0.0016 0.0014 0.0010 0.0009 0.0012 0.0013 0.0014 0.0012 0.0010 0.0009 0.0010 0.0010 0.0010 0.0009 0.0009 0.0010 0.0007 0.0006 0.0005 0.0005 0.0006 0.0007 0.0008 0.0009 0.0011 0.0012 0.0013 0.0014 0.0014 0.0014 0.0012 0.0010 0.0008 0.0005 0.0004 0.0004 0.0003 0.0003 0.0004 0.0005 0.0006 0.0005 0.0005 0.0005 0.0005 0.0006 0.0008 0.0013 0.0014 0.0012 0.0018 0.0019 0.0019 0.0026 0.0027 0.0027 0.0032 0.0033 0.0036 0.0044 0.0044 0.0052 0.0047 0.0036 0.0030 0.0030 0.0032
0.0721 0.2862 0.1126 0.5244 0.1377 0.0942 0.2840 0.5398 0.4065 0.3577 0.6334 0.1410 0.0178 0.0040 0.0136 0.9243 0.9710 0.9642 0.9999 1.0000 0.9998 0.8966 0.5908 0.3399 0.0406 0.0298 0.0136 0.0098 0.0068 0.0046 0.0060 0.0033 0.0025 0.0027 0.0026 0.0043 0.0030 0.0040 0.0081 0.0064 0.0075 0.0086 0.0111 0.0112 0.0173 0.0323 0.0331 0.0258 0.0124 0.0135 0.0069 0.0055 0.0038 0.0030 0.0029 0.0020 0.0022 0.0020 0.0024 0.0025 0.0028 0.0035 0.0044 0.0052 0.0038 0.0034 0.0047 0.0059 0.0050 0.0054 0.0033 0.0063 0.0044 0.0097 0.0060 0.0129 0.0088 0.0088 0.0058 0.0052 0.0055 0.0056 0.0036 0.0037 0.0099 0.0047 0.0197 0.0044 0.0033 0.0038 0.0031 0.0022 0.0021 0.0023 0.0021 0.0022 0.0026 0.0016 0.0020 0.0021 0.0025 0.0021 0.0019 0.0016 0.0015 0.0013 0.0014 0.0014 0.0012 0.0015 0.0012 0.0011 0.0013 0.0012 0.0022 0.0012 0.0043 0.0043 0.0125 0.0052 0.0045 0.0024 0.0014 0.0014 0.0010 0.0014 0.0030 0.0018 0.0016 0.0022 0.0016 0.0016 0.0029 0.0028 0.0030 0.0027 0.0030 0.0038 0.0058 0.0057 0.0075 0.0073 0.0051 0.0051 0.0034 0.0033 0.0030 0.0021 0.0021 0.0025 0.0027 0.0036 0.0044 0.0047 0.0058 0.0075 0.0055 0.0033 0.0033 0.0026 0.0018 0.0021 0.0019 0.0016 0.0015 0.0015 0.0021 0.0021 0.0016 0.0013 0.0010 0.0010 0.0008 0.0009 0.0010 0.0012 0.0013 0.0015 0.0024 0.0029 0.0023 0.0018 0.0015 0.0016 0.0020 0.0019 0.0017 0.0015 0.0012 0.0013 0.0012 0.0015 0.0012 0.0016 0.0020 0.0014 0.0011 0.0012 0.0010 0.0010 0.0010 0.0010 0.0010 0.0014 0.0015 0.0016 0.0015 0.0016 0.0019 0.0015 0.0014 0.0014 0.0010 0.0008 0.0006 0.0005 0.0005 0.0007 0.0007 0.0007 0.0007 0.0006 0.0008 0.0008 0.0010 0.0015 0.0021 0.0019 0.0026 0.0036 0.0036 0.0031 0.0043 0.0063 0.0062 0.0088 0.0070 0.0065 0.0080 0.0090 0.0111 0.0116 0.0108 0.0060 0.0055 0.0065
0.0817 0.3510 0.0873 0.5444 0.1057 0.0627 0.1643 0.3361 0.1691 0.0649 0.1772 0.0138 0.0076 0.0075 0.0034 0.0351 0.9326 0.9396 0.9237 0.9998 1.0000 0.9998 0.9505 0.6038 0.2031 0.1316 0.0775 0.0600 0.0454 0.0186 0.0325 0.0074 0.0049 0.0073 0.0059 0.0140 0.0054 0.0066 0.0288 0.0159 0.0135 0.0135 0.0227 0.0279 0.0522 0.1587 0.1697 0.2111 0.0507 0.0620 0.0134 0.0075 0.0060 0.0040 0.0051 0.0028 0.0040 0.0029 0.0039 0.0036 0.0042 0.0054 0.0091 0.0108 0.0079 0.0057 0.0094 0.0109 0.0087 0.0101 0.0092 0.0156 0.0176 0.0860 0.0410 0.0455 0.0231 0.0143 0.0057 0.0059 0.0082 0.0112 0.0105 0.0230 0.0125 0.0065 0.0103 0.0077 0.0041 0.0073 0.0050 0.0027 0.0029 0.0030 0.0025 0.0024 0.0036 0.0019 0.0025 0.0023 0.0029 0.0023 0.0019 0.0016 0.0018 0.0021 0.0019 0.0021 0.0016 0.0019 0.0016 0.0014 0.0020 0.0019 0.0033 0.0022 0.0049 0.0057 0.0136 0.0058 0.0040 0.0026 0.0014 0.0015 0.0011 0.0016 0.0036 0.0022 0.0021 0.0029 0.0022 0.0025 0.0053 0.0044 0.0047 0.0044 0.0045 0.0056 0.0110 0.0113 0.0143 0.0124 0.0077 0.0089 0.0049 0.0044 0.0037 0.0024 0.0025 0.0028 0.0029 0.0039 0.0045 0.0048 0.0046 0.0057 0.0057 0.0036 0.0039 0.0034 0.0019 0.0022 0.0022 0.0019 0.0017 0.0018 0.0027 0.0029 0.0022 0.0019 0.0013 0.0013 0.0009 0.0010 0.0012 0.0015 0.0018 0.0019 0.0027 0.0035 0.0033 0.0030 0.0027 0.0026 0.0032 0.0027 0.0022 0.0019 0.0015 0.0017 0.0017 0.0021 0.0019 0.0023 0.0033 0.0020 0.0021 0.0018 0.0018 0.0014 0.0013 0.0014 0.0014 0.0021 0.0019 0.0020 0.0018 0.0018 0.0025 0.0019 0.0019 0.0022 0.0012 0.0012 0.0008 0.0007 0.0006 0.0007 0.0008 0.0007 0.0008 0.0007 0.0010 0.0008 0.0011 0.0019 0.0025 0.0023 0.0033 0.0046 0.0046 0.0035 0.0043 0.0057 0.0049 0.0068 0.0060 0.0049 0.0068 0.0081 0.0101 0.0131 0.0157 0.0078 0.0076 0.0083
0.0321 0.0811 0.0155 0.0747 0.0226 0.0121 0.0217 0.0367 0.0227 0.0093 0.0102 0.0019 0.0011 0.0052 0.0036 0.0066 0.0618 0.7346 0.7797 0.8966 0.9998 1.0000 0.9998 0.8739 0.3512 0.1960 0.1108 0.0631 0.0266 0.0101 0.0082 0.0048 0.0052 0.0050 0.0037 0.0041 0.0040 0.0049 0.0083 0.0117 0.0144 0.0159 0.0303 0.0439 0.0664 0.1621 0.1205 0.0954 0.0162 0.0213 0.0055 0.0046 0.0031 0.0023 0.0023 0.0016 0.0017 0.0015 0.0021 0.0023 0.0029 0.0033 0.0041 0.0044 0.0037 0.0038 0.0049 0.0046 0.0050 0.0061 0.0044 0.0133 0.0077 0.0672 0.0422 0.0309 0.0187 0.0135 0.0063 0.0062 0.0090 0.0093 0.0098 0.0139 0.0126 0.0035 0.0083 0.0033 0.0024 0.0032 0.0022 0.0021 0.0021 0.0022 0.0021 0.0020 0.0022 0.0016 0.0022 0.0022 0.0023 0.0019 0.0018 0.0016 0.0018 0.0019 0.0015 0.0014 0.0014 0.0016 0.0015 0.0015 0.0019 0.0016 0.0026 0.0014 0.0028 0.0023 0.0060 0.0034 0.0030 0.0022 0.0012 0.0012 0.0012 0.0015 0.0020 0.0018 0.0019 0.0020 0.0019 0.0023 0.0044 0.0052 0.0053 0.0045 0.0049 0.0063 0.0112 0.0119 0.0147 0.0135 0.0093 0.0104 0.0059 0.0049 0.0042 0.0031 0.0033 0.0034 0.0039 0.0052 0.0067 0.0058 0.0055 0.0053 0.0047 0.0040 0.0036 0.0027 0.0024 0.0022 0.0021 0.0017 0.0015 0.0016 0.0017 0.0018 0.0016 0.0016 0.0012 0.0010 0.0009 0.0009 0.0010 0.0012 0.0014 0.0014 0.0016 0.0019 0.0020 0.0020 0.0019 0.0019 0.0021 0.0018 0.0016 0.0016 0.0014 0.0019 0.0018 0.0022 0.0019 0.0023 0.0025 0.0019 0.0015 0.0015 0.0011 0.0011 0.0010 0.0011 0.0012 0.0014 0.0016 0.0017 0.0016 0.0016 0.0019 0.0017 0.0017 0.0014 0.0012 0.0010 0.0008 0.0005 0.0005 0.0007 0.0007 0.0007 0.0007 0.0009 0.0008 0.0009 0.0010 0.0014 0.0018 0.0019 0.0019 0.0030 0.0030 0.0028 0.0030 0.0029 0.0027 0.0029 0.0030 0.0032 0.0038 0.0041 0.0053 0.0065 0.0066 0.0049 0.0055 0.0057
0.0406 0.1540 0.0262 0.1633 0.0325 0.0210 0.0345 0.0619 0.0406 0.0186 0.0280 0.0039 0.0034 0.0329 0.0152 0.0170 0.2164 0.5706 0.4999 0.5908 0.9505 0.9998 1.0000 0.9999 0.6554 0.2757 0.2392 0.1187 0.0749 0.0183 0.0202 0.0073 0.0053 0.0060 0.0061 0.0101 0.0055 0.0074 0.0210 0.0155 0.0203 0.0211 0.0425 0.0575 0.1095 0.2961 0.3331 0.3920 0.0911 0.1040 0.0150 0.0102 0.0065 0.0041 0.0055 0.0032 0.0043 0.0030 0.0035 0.0035 0.0044 0.0049 0.0075 0.0077 0.0064 0.0061 0.0087 0.0113 0.0126 0.0193 0.0307 0.1256 0.0646 0.1909 0.0699 0.0466 0.0210 0.0134 0.0056 0.0056 0.0092 0.0178 0.0295 0.0835 0.0574 0.0438 0.0398 0.0163 0.0074 0.0073 0.0057 0.0029 0.0024 0.0023 0.0023 0.0023 0.0036 0.0025 0.0035 0.0031 0.0033 0.0025 0.0022 0.0019 0.0022 0.0024 0.0023 0.0021 0.0019 0.0023 0.0020 0.0021 0.0031 0.0033 0.0064 0.0041 0.0104 0.0098 0.0158 0.0070 0.0046 0.0032 0.0016 0.0016 0.0016 0.0022 0.0041 0.0033 0.0034 0.0052 0.0044 0.0048 0.0088 0.0077 0.0069 0.0052 0.0048 0.0054 0.0089 0.0099 0.0166 0.0162 0.0136 0.0148 0.0074 0.0075 0.0060 0.0038 0.0040 0.0047 0.0050 0.0098 0.0119 0.0103 0.0090 0.0113 0.0078 0.0053 0.0060 0.0048 0.0029 0.0031 0.0029 0.0023 0.0019 0.0017 0.0025 0.0025 0.0023 0.0025 0.0018 0.0019 0.0012 0.0014 0.0016 0.0019 0.0024 0.0023 0.0031 0.0043 0.0044 0.0057 0.0063 0.0053 0.0052 0.0038 0.0027 0.0027 0.0020 0.0029 0.0024 0.0027 0.0022 0.0030 0.0048 0.0038 0.0033 0.0027 0.0021 0.0016 0.0014 0.0014 0.0016 0.0021 0.0019 0.0020 0.0019 0.0020 0.0030 0.0022 0.0021 0.0025 0.0018 0.0020 0.0013 0.0010 0.0009 0.0009 0.0009 0.0008 0.0009 0.0010 0.0014 0.0011 0.0014 0.0021 0.0025 0.0023 0.0036 0.0049 0.0047 0.0038 0.0046 0.0052 0.0047 0.0057 0.0055 0.0053 0.0070 0.0075 0.0104 0.0114 0.0134 0.0073 0.0070 0.0068
