1.0000 0.9995 0.7516 0.3246 0.2123 0.0917 0.0839 0.0579 0.0408 0.0327 0.0244 0.0182 0.0146 0.0114 0.0098 0.0082 0.0092 0.0087 0.0091 0.0102 0.0107 0.0161 0.0190 0.0460 0.0581 0.0666 0.0527 0.0395 0.0391 0.0329 0.0177 0.0094 0.0074 0.0074 0.0080 0.0076 0.0079 0.0077 0.0077 0.0080 0.0083 0.0124 0.0146 0.0107 0.0113 0.0083 0.0060 0.0048 0.0038 0.0039 0.0034 0.0029 0.0032 0.0029 0.0026 0.0025 0.0028 0.0032 0.0029 0.0037 0.0053 0.0057 0.0054 0.0226 0.0121 0.0163 0.0085 0.0133 0.0096 0.0028 0.0031 0.0033 0.0021 0.0026 0.0038 0.0035 0.0026 0.0035 0.0047 0.0042 0.0043 0.0048 0.0052 0.0045 0.0049 0.0044 0.0040 0.0029 0.0021 0.0014 0.0011 0.0010 0.0010 0.0012 0.0015 0.0019 0.0017 0.0022 0.0025 0.0025 0.0021 0.0018 0.0014 0.0011 0.0010 0.0011 0.0011 0.0014 0.0016 0.0019 0.0020 0.0018 0.0019 0.0017 0.0018 0.0019 0.0015 0.0014 0.0012 0.0012 0.0012 0.0014 0.0015 0.0019 0.0022 0.0026 0.0027 0.0026 0.0027 0.0026 0.0028 0.0028 0.0026 0.0024 0.0022 0.0022 0.0025 0.0027 0.0030 0.0038 0.0044 0.0041 0.0042 0.0033 0.0029 0.0024 0.0021 0.0018 0.0014 0.0012 0.0014 0.0015 0.0020 0.0020 0.0021 0.0023 0.0029 0.0034 0.0041 0.0041 0.0034 0.0027 0.0025 0.0021 0.0022 0.0019 0.0027 0.0034 0.0037 0.0044 0.0054 0.0048 0.0036 0.0037 0.0034 0.0028 0.0031 0.0031 0.0030 0.0026 0.0019 0.0016 0.0014 0.0019 0.0021 0.0022 0.0028 0.0032 0.0029 0.0034 0.0037 0.0038 0.0035 0.0033 0.0033 0.0030 0.0027 0.0023 0.0025 0.0027 0.0027 0.0019 0.0013 0.0016 0.0017 0.0027 0.0032 0.0038 0.0030 0.0026 0.0030 0.0031 0.0022 0.0025 0.0032 0.0028 0.0021 0.0024 0.0021 0.0019 0.0014 0.0011 0.0008 0.0009 0.0010 0.0014 0.0015 0.0024
0.9995 1.0000 0.9997 0.8478 0.4188 0.2765 0.1810 0.1312 0.0826 0.0620 0.0391 0.0274 0.0195 0.0148 0.0142 0.0114 0.0132 0.0120 0.0131 0.0159 0.0184 0.0354 0.0596 0.0905 0.1004 0.0971 0.0685 0.0383 0.0514 0.0444 0.0271 0.0140 0.0110 0.0108 0.0121 0.0102 0.0112 0.0105 0.0109 0.0122 0.0130 0.0186 0.0224 0.0181 0.0204 0.0150 0.0098 0.0076 0.0057 0.0051 0.0043 0.0037 0.0037 0.0033 0.0031 0.0028 0.0033 0.0038 0.0037 0.0050 0.0083 0.0082 0.0069 0.0221 0.0109 0.0212 0.0124 0.0168 0.0095 0.0053 0.0049 0.0057 0.0027 0.0032 0.0053 0.0049 0.0035 0.0044 0.0068 0.0055 0.0054 0.0060 0.0066 0.0060 0.0060 0.0055 0.0043 0.0033 0.0023 0.0014 0.0011 0.0009 0.0010 0.0012 0.0016 0.0022 0.0018 0.0024 0.0027 0.0025 0.0019 0.0018 0.0014 0.0010 0.0008 0.0009 0.0009 0.0013 0.0014 0.0018 0.0018 0.0015 0.0018 0.0016 0.0018 0.0020 0.0014 0.0014 0.0010 0.0011 0.0011 0.0012 0.0014 0.0019 0.0023 0.0028 0.0030 0.0030 0.0030 0.0029 0.0034 0.0033 0.0032 0.0025 0.0023 0.0025 0.0032 0.0035 0.0037 0.0048 0.0058 0.0057 0.0060 0.0043 0.0037 0.0029 0.0021 0.0016 0.0012 0.0010 0.0013 0.0014 0.0021 0.0021 0.0022 0.0025 0.0033 0.0043 0.0049 0.0049 0.0041 0.0031 0.0032 0.0022 0.0028 0.0022 0.0034 0.0045 0.0053 0.0064 0.0082 0.0076 0.0049 0.0052 0.0044 0.0037 0.0038 0.0042 0.0039 0.0033 0.0019 0.0017 0.0013 0.0019 0.0022 0.0023 0.0032 0.0037 0.0034 0.0038 0.0043 0.0044 0.0045 0.0041 0.0041 0.0038 0.0032 0.0026 0.0028 0.0031 0.0033 0.0022 0.0013 0.0019 0.0019 0.0035 0.0038 0.0045 0.0037 0.0032 0.0033 0.0038 0.0025 0.0029 0.0037 0.0035 0.0023 0.0025 0.0021 0.0020 0.0013 0.0010 0.0007 0.0008 0.0009 0.0011 0.0019 0.0018
0.7516 0.9997 1.0000 0.9997 0.8094 0.3706 0.3434 0.1500 0.0914 0.0612 0.0349 0.0233 0.0175 0.0141 0.0126 0.0104 0.0125 0.0117 0.0126 0.0142 0.0149 0.0208 0.0309 0.0630 0.0805 0.0552 0.0426 0.0256 0.0377 0.0236 0.0143 0.0104 0.0100 0.0101 0.0109 0.0098 0.0104 0.0101 0.0099 0.0109 0.0113 0.0159 0.0177 0.0199 0.0286 0.0242 0.0145 0.0094 0.0066 0.0055 0.0041 0.0030 0.0033 0.0032 0.0027 0.0022 0.0030 0.0035 0.0031 0.0046 0.0085 0.0072 0.0049 0.0120 0.0048 0.0107 0.0063 0.0091 0.0061 0.0031 0.0043 0.0052 0.0022 0.0027 0.0053 0.0043 0.0028 0.0049 0.0077 0.0054 0.0058 0.0066 0.0071 0.0055 0.0060 0.0048 0.0039 0.0027 0.0019 0.0012 0.0009 0.0007 0.0007 0.0010 0.0012 0.0019 0.0016 0.0022 0.0023 0.0023 0.0016 0.0014 0.0011 0.0008 0.0007 0.0007 0.0007 0.0010 0.0012 0.0016 0.0015 0.0013 0.0015 0.0013 0.0014 0.0016 0.0012 0.0012 0.0008 0.0009 0.0010 0.0010 0.0014 0.0019 0.0022 0.0027 0.0029 0.0029 0.0029 0.0028 0.0031 0.0029 0.0027 0.0023 0.0022 0.0021 0.0027 0.0030 0.0032 0.0041 0.0052 0.0048 0.0054 0.0037 0.0033 0.0025 0.0018 0.0013 0.0009 0.0008 0.0010 0.0012 0.0018 0.0018 0.0019 0.0021 0.0029 0.0035 0.0043 0.0039 0.0032 0.0025 0.0025 0.0018 0.0022 0.0018 0.0032 0.0041 0.0044 0.0059 0.0078 0.0070 0.0046 0.0049 0.0040 0.0028 0.0032 0.0035 0.0032 0.0026 0.0015 0.0013 0.0009 0.0015 0.0018 0.0019 0.0027 0.0030 0.0026 0.0033 0.0037 0.0038 0.0036 0.0032 0.0037 0.0033 0.0029 0.0023 0.0026 0.0030 0.0028 0.0018 0.0011 0.0014 0.0014 0.0029 0.0034 0.0040 0.0031 0.0026 0.0032 0.0035 0.0021 0.0024 0.0036 0.0033 0.0019 0.0024 0.0019 0.0016 0.0011 0.0008 0.0005 0.0006 0.0007 0.0009 0.0015 0.0020
0.3246 0.8478 0.9997 1.0000 0.9997 0.8873 0.5586 0.3793 0.1366 0.0879 0.0472 0.0289 0.0177 0.0143 0.0124 0.0105 0.0134 0.0121 0.0138 0.0175 0.0192 0.0216 0.0323 0.0507 0.0504 0.0441 0.0280 0.0128 0.0277 0.0178 0.0128 0.0114 0.0105 0.0106 0.0121 0.0110 0.0122 0.0113 0.0110 0.0113 0.0110 0.0148 0.0197 0.0268 0.0447 0.0404 0.0213 0.0142 0.0111 0.0093 0.0050 0.0036 0.0043 0.0038 0.0033 0.0024 0.0032 0.0040 0.0033 0.0056 0.0110 0.0086 0.0054 0.0080 0.0034 0.0077 0.0059 0.0094 0.0054 0.0030 0.0054 0.0074 0.0028 0.0032 0.0072 0.0059 0.0034 0.0058 0.0096 0.0066 0.0063 0.0075 0.0088 0.0066 0.0066 0.0050 0.0038 0.0030 0.0022 0.0014 0.0010 0.0008 0.0008 0.0012 0.0016 0.0022 0.0018 0.0023 0.0025 0.0023 0.0017 0.0015 0.0012 0.0009 0.0008 0.0007 0.0008 0.0011 0.0014 0.0017 0.0015 0.0012 0.0015 0.0013 0.0015 0.0016 0.0012 0.0013 0.0009 0.0010 0.0011 0.0012 0.0016 0.0022 0.0023 0.0027 0.0030 0.0029 0.0029 0.0028 0.0033 0.0033 0.0031 0.0025 0.0025 0.0024 0.0031 0.0033 0.0036 0.0045 0.0060 0.0055 0.0064 0.0046 0.0038 0.0031 0.0022 0.0015 0.0012 0.0008 0.0011 0.0012 0.0019 0.0019 0.0021 0.0022 0.0031 0.0039 0.0049 0.0044 0.0035 0.0028 0.0028 0.0020 0.0027 0.0022 0.0037 0.0049 0.0056 0.0072 0.0098 0.0085 0.0052 0.0053 0.0044 0.0033 0.0034 0.0036 0.0033 0.0027 0.0016 0.0014 0.0010 0.0015 0.0020 0.0021 0.0031 0.0033 0.0028 0.0036 0.0038 0.0040 0.0039 0.0036 0.0041 0.0037 0.0030 0.0025 0.0028 0.0034 0.0034 0.0021 0.0012 0.0017 0.0017 0.0034 0.0038 0.0044 0.0034 0.0029 0.0034 0.0039 0.0022 0.0025 0.0040 0.0039 0.0022 0.0026 0.0021 0.0018 0.0011 0.0009 0.0006 0.0007 0.0008 0.0011 0.0016 0.0022
0.2123 0.4188 0.8094 0.9997 1.0000 0.9999 0.8713 0.5188 0.3284 0.1212 0.0683 0.0379 0.0208 0.0155 0.0145 0.0126 0.0187 0.0155 0.0172 0.0240 0.0276 0.0377 0.0556 0.0623 0.0555 0.0598 0.0307 0.0132 0.0284 0.0225 0.0199 0.0165 0.0137 0.0127 0.0179 0.0243 0.0244 0.0171 0.0162 0.0149 0.0112 0.0126 0.0192 0.0327 0.0530 0.0545 0.0296 0.0194 0.0181 0.0141 0.0070 0.0050 0.0056 0.0049 0.0041 0.0033 0.0037 0.0053 0.0048 0.0075 0.0139 0.0096 0.0068 0.0125 0.0055 0.0101 0.0067 0.0106 0.0073 0.0042 0.0075 0.0124 0.0045 0.0049 0.0120 0.0105 0.0052 0.0081 0.0151 0.0099 0.0081 0.0087 0.0114 0.0091 0.0081 0.0063 0.0045 0.0036 0.0029 0.0018 0.0014 0.0011 0.0011 0.0016 0.0020 0.0027 0.0022 0.0026 0.0030 0.0027 0.0019 0.0018 0.0015 0.0012 0.0011 0.0011 0.0011 0.0015 0.0016 0.0019 0.0017 0.0014 0.0016 0.0016 0.0019 0.0021 0.0016 0.0016 0.0011 0.0013 0.0014 0.0016 0.0020 0.0026 0.0027 0.0030 0.0030 0.0030 0.0032 0.0032 0.0040 0.0043 0.0040 0.0029 0.0029 0.0032 0.0040 0.0041 0.0038 0.0048 0.0063 0.0065 0.0082 0.0058 0.0052 0.0041 0.0031 0.0022 0.0015 0.0012 0.0014 0.0015 0.0022 0.0022 0.0024 0.0027 0.0034 0.0045 0.0051 0.0050 0.0041 0.0033 0.0036 0.0026 0.0034 0.0030 0.0046 0.0066 0.0075 0.0089 0.0113 0.0107 0.0068 0.0064 0.0051 0.0043 0.0042 0.0041 0.0041 0.0032 0.0020 0.0018 0.0013 0.0020 0.0025 0.0027 0.0038 0.0044 0.0037 0.0040 0.0043 0.0045 0.0051 0.0046 0.0050 0.0049 0.0039 0.0033 0.0038 0.0044 0.0046 0.0030 0.0018 0.0027 0.0024 0.0045 0.0045 0.0049 0.0043 0.0036 0.0040 0.0047 0.0029 0.0030 0.0043 0.0047 0.0030 0.0030 0.0023 0.0022 0.0014 0.0012 0.0009 0.0010 0.0011 0.0015 0.0019 0.0023
0.0917 0.2765 0.3706 0.8873 0.9999 1.0000 0.9999 0.8438 0.4401 0.3005 0.0742 0.0401 0.0241 0.0186 0.0154 0.0135 0.0203 0.0175 0.0203 0.0261 0.0276 0.0331 0.0474 0.0387 0.0325 0.0364 0.0186 0.0128 0.0152 0.0130 0.0133 0.0140 0.0120 0.0119 0.0151 0.0174 0.0195 0.0152 0.0136 0.0128 0.0104 0.0116 0.0165 0.0263 0.0485 0.0690 0.0358 0.0203 0.0227 0.0184 0.0097 0.0054 0.0056 0.0057 0.0043 0.0034 0.0039 0.0056 0.0047 0.0063 0.0119 0.0083 0.0065 0.0080 0.0046 0.0103 0.0074 0.0126 0.0072 0.0040 0.0082 0.0126 0.0044 0.0054 0.0131 0.0107 0.0046 0.0078 0.0158 0.0096 0.0075 0.0091 0.0117 0.0083 0.0077 0.0060 0.0044 0.0037 0.0029 0.0019 0.0015 0.0013 0.0012 0.0018 0.0022 0.0029 0.0022 0.0028 0.0032 0.0029 0.0019 0.0019 0.0015 0.0012 0.0010 0.0011 0.0011 0.0016 0.0017 0.0021 0.0017 0.0014 0.0016 0.0016 0.0018 0.0020 0.0016 0.0016 0.0012 0.0014 0.0014 0.0016 0.0022 0.0027 0.0026 0.0028 0.0029 0.0028 0.0032 0.0033 0.0041 0.0041 0.0037 0.0028 0.0030 0.0032 0.0039 0.0042 0.0038 0.0048 0.0065 0.0068 0.0085 0.0060 0.0054 0.0043 0.0030 0.0022 0.0015 0.0011 0.0013 0.0014 0.0022 0.0022 0.0023 0.0025 0.0033 0.0043 0.0049 0.0048 0.0039 0.0032 0.0033 0.0023 0.0033 0.0030 0.0050 0.0073 0.0080 0.0098 0.0126 0.0115 0.0069 0.0066 0.0051 0.0042 0.0041 0.0041 0.0038 0.0030 0.0019 0.0016 0.0013 0.0020 0.0025 0.0026 0.0039 0.0043 0.0036 0.0042 0.0044 0.0050 0.0054 0.0046 0.0050 0.0049 0.0041 0.0036 0.0039 0.0044 0.0045 0.0032 0.0019 0.0028 0.0025 0.0048 0.0049 0.0055 0.0043 0.0033 0.0040 0.0048 0.0026 0.0026 0.0043 0.0047 0.0027 0.0032 0.0024 0.0022 0.0015 0.0012 0.0009 0.0011 0.0011 0.0015 0.0019 0.0023
0.0839 0.1810 0.3434 0.5586 0.8713 0.9999 1.0000 0.9998 0.8505 0.4372 0.2679 0.0595 0.0345 0.0256 0.0209 0.0171 0.0281 0.0217 0.0251 0.0366 0.0384 0.0563 0.0827 0.0430 0.0292 0.0241 0.0146 0.0115 0.0128 0.0111 0.0129 0.0143 0.0119 0.0119 0.0143 0.0127 0.0137 0.0137 0.0134 0.0132 0.0097 0.0105 0.0143 0.0217 0.0392 0.0763 0.0427 0.0220 0.0322 0.0240 0.0108 0.0064 0.0073 0.0073 0.0055 0.0038 0.0050 0.0080 0.0053 0.0072 0.0154 0.0087 0.0082 0.0086 0.0055 0.0090 0.0077 0.0126 0.0083 0.0045 0.0088 0.0162 0.0054 0.0066 0.0194 0.0176 0.0055 0.0091 0.0196 0.0126 0.0088 0.0102 0.0136 0.0093 0.0077 0.0058 0.0046 0.0038 0.0032 0.0021 0.0018 0.0015 0.0014 0.0019 0.0022 0.0030 0.0022 0.0027 0.0030 0.0026 0.0019 0.0019 0.0015 0.0012 0.0011 0.0012 0.0011 0.0018 0.0018 0.0021 0.0017 0.0014 0.0016 0.0017 0.0019 0.0022 0.0018 0.0018 0.0012 0.0015 0.0015 0.0017 0.0022 0.0026 0.0025 0.0025 0.0026 0.0027 0.0032 0.0033 0.0043 0.0043 0.0037 0.0028 0.0030 0.0034 0.0040 0.0041 0.0036 0.0047 0.0066 0.0069 0.0093 0.0068 0.0060 0.0047 0.0034 0.0025 0.0016 0.0012 0.0015 0.0015 0.0024 0.0023 0.0025 0.0026 0.0032 0.0040 0.0047 0.0047 0.0039 0.0033 0.0033 0.0025 0.0036 0.0033 0.0055 0.0081 0.0088 0.0104 0.0131 0.0115 0.0073 0.0071 0.0053 0.0044 0.0041 0.0041 0.0038 0.0032 0.0021 0.0018 0.0014 0.0022 0.0025 0.0027 0.0040 0.0045 0.0038 0.0040 0.0043 0.0051 0.0058 0.0050 0.0053 0.0055 0.0045 0.0038 0.0042 0.0049 0.0051 0.0036 0.0022 0.0033 0.0027 0.0052 0.0051 0.0060 0.0052 0.0038 0.0044 0.0052 0.0030 0.0029 0.0047 0.0055 0.0033 0.0034 0.0025 0.0023 0.0016 0.0013 0.0010 0.0012 0.0011 0.0016 0.0019 0.0022
0.0579 0.1312 0.1500 0.3793 0.5188 0.8438 0.9998 1.0000 0.9998 0.8738 0.4429 0.2494 0.0613 0.0455 0.0387 0.0289 0.0506 0.0358 0.0398 0.0663 0.1023 0.1103 0.1087 0.0474 0.0219 0.0189 0.0153 0.0116 0.0146 0.0132 0.0148 0.0175 0.0143 0.0135 0.0276 0.0157 0.0184 0.0151 0.0158 0.0166 0.0108 0.0114 0.0159 0.0206 0.0390 0.0871 0.0480 0.0232 0.0501 0.0547 0.0198 0.0122 0.0181 0.0182 0.0094 0.0066 0.0065 0.0147 0.0099 0.0118 0.0269 0.0138 0.0137 0.0157 0.0113 0.0136 0.0120 0.0170 0.0161 0.0069 0.0127 0.0296 0.0097 0.0107 0.0318 0.0320 0.0087 0.0122 0.0267 0.0181 0.0113 0.0126 0.0174 0.0149 0.0108 0.0072 0.0055 0.0046 0.0041 0.0030 0.0025 0.0023 0.0022 0.0026 0.0030 0.0035 0.0025 0.0028 0.0034 0.0027 0.0020 0.0022 0.0019 0.0015 0.0014 0.0016 0.0015 0.0023 0.0023 0.0023 0.0019 0.0016 0.0022 0.0023 0.0027 0.0030 0.0022 0.0022 0.0016 0.0019 0.0019 0.0021 0.0022 0.0027 0.0026 0.0026 0.0026 0.0027 0.0032 0.0032 0.0045 0.0050 0.0045 0.0030 0.0033 0.0044 0.0048 0.0047 0.0038 0.0049 0.0071 0.0083 0.0123 0.0087 0.0080 0.0063 0.0045 0.0032 0.0020 0.0016 0.0019 0.0020 0.0027 0.0025 0.0029 0.0032 0.0035 0.0044 0.0047 0.0052 0.0046 0.0038 0.0041 0.0030 0.0046 0.0047 0.0071 0.0110 0.0120 0.0126 0.0139 0.0131 0.0086 0.0074 0.0056 0.0055 0.0047 0.0042 0.0044 0.0039 0.0029 0.0025 0.0020 0.0029 0.0032 0.0038 0.0049 0.0058 0.0052 0.0050 0.0052 0.0058 0.0077 0.0071 0.0069 0.0077 0.0063 0.0053 0.0057 0.0066 0.0071 0.0054 0.0034 0.0050 0.0043 0.0074 0.0066 0.0075 0.0077 0.0053 0.0053 0.0071 0.0051 0.0041 0.0065 0.0076 0.0047 0.0043 0.0030 0.0031 0.0021 0.0018 0.0014 0.0016 0.0016 0.0020 0.0022 0.0022
0.0408 0.0826 0.0914 0.1366 0.3284 0.4401 0.8505 0.9998 1.0000 0.9998 0.8248 0.3180 0.1851 0.0647 0.0499 0.0358 0.0537 0.0379 0.0535 0.0850 0.1143 0.1102 0.0873 0.0296 0.0160 0.0158 0.0124 0.0103 0.0126 0.0104 0.0126 0.0143 0.0123 0.0116 0.0229 0.0147 0.0158 0.0136 0.0139 0.0140 0.0099 0.0103 0.0119 0.0147 0.0172 0.0582 0.0266 0.0159 0.0366 0.0499 0.0137 0.0114 0.0261 0.0281 0.0093 0.0084 0.0080 0.0202 0.0136 0.0188 0.0376 0.0178 0.0186 0.0146 0.0149 0.0132 0.0129 0.0186 0.0152 0.0077 0.0128 0.0247 0.0111 0.0093 0.0310 0.0229 0.0069 0.0120 0.0279 0.0151 0.0128 0.0143 0.0193 0.0131 0.0141 0.0087 0.0064 0.0044 0.0033 0.0022 0.0020 0.0017 0.0016 0.0021 0.0023 0.0031 0.0021 0.0025 0.0027 0.0025 0.0019 0.0021 0.0018 0.0014 0.0013 0.0014 0.0014 0.0023 0.0021 0.0024 0.0020 0.0017 0.0023 0.0022 0.0027 0.0031 0.0022 0.0021 0.0014 0.0016 0.0016 0.0017 0.0021 0.0025 0.0023 0.0024 0.0025 0.0025 0.0028 0.0029 0.0041 0.0044 0.0039 0.0028 0.0030 0.0035 0.0041 0.0041 0.0038 0.0047 0.0065 0.0069 0.0116 0.0070 0.0061 0.0051 0.0038 0.0027 0.0018 0.0014 0.0016 0.0016 0.0025 0.0024 0.0025 0.0027 0.0032 0.0040 0.0046 0.0049 0.0044 0.0036 0.0036 0.0026 0.0043 0.0036 0.0072 0.0097 0.0097 0.0115 0.0138 0.0112 0.0073 0.0067 0.0050 0.0041 0.0041 0.0041 0.0038 0.0034 0.0024 0.0022 0.0016 0.0026 0.0029 0.0036 0.0051 0.0058 0.0050 0.0058 0.0053 0.0063 0.0079 0.0069 0.0077 0.0085 0.0061 0.0051 0.0052 0.0063 0.0064 0.0047 0.0027 0.0041 0.0035 0.0071 0.0068 0.0077 0.0071 0.0045 0.0055 0.0075 0.0038 0.0036 0.0073 0.0081 0.0036 0.0043 0.0032 0.0029 0.0019 0.0015 0.0012 0.0014 0.0014 0.0017 0.0019 0.0023
0.0327 0.0620 0.0612 0.0879 0.1212 0.3005 0.4372 0.8738 0.9998 1.0000 0.9998 0.8210 0.2635 0.2025 0.0869 0.0635 0.0950 0.0602 0.0866 0.1251 0.1170 0.0657 0.0393 0.0206 0.0140 0.0139 0.0110 0.0092 0.0121 0.0103 0.0126 0.0144 0.0117 0.0115 0.0151 0.0114 0.0137 0.0133 0.0148 0.0148 0.0093 0.0093 0.0118 0.0121 0.0125 0.0410 0.0207 0.0152 0.0426 0.0744 0.0237 0.0199 0.0595 0.0334 0.0120 0.0135 0.0096 0.0308 0.0234 0.0260 0.0408 0.0164 0.0189 0.0143 0.0115 0.0111 0.0097 0.0184 0.0150 0.0082 0.0167 0.0347 0.0123 0.0162 0.0471 0.0373 0.0127 0.0159 0.0346 0.0196 0.0179 0.0146 0.0211 0.0175 0.0175 0.0085 0.0061 0.0054 0.0044 0.0033 0.0028 0.0022 0.0021 0.0024 0.0027 0.0032 0.0022 0.0025 0.0029 0.0025 0.0019 0.0022 0.0020 0.0016 0.0016 0.0018 0.0018 0.0027 0.0024 0.0027 0.0021 0.0018 0.0027 0.0027 0.0034 0.0038 0.0027 0.0027 0.0018 0.0020 0.0019 0.0019 0.0021 0.0026 0.0025 0.0025 0.0024 0.0025 0.0028 0.0028 0.0042 0.0051 0.0050 0.0030 0.0033 0.0043 0.0047 0.0044 0.0038 0.0047 0.0066 0.0077 0.0139 0.0088 0.0081 0.0063 0.0050 0.0036 0.0024 0.0016 0.0019 0.0020 0.0026 0.0025 0.0027 0.0030 0.0034 0.0044 0.0046 0.0054 0.0049 0.0041 0.0044 0.0033 0.0052 0.0049 0.0079 0.0110 0.0118 0.0129 0.0148 0.0124 0.0081 0.0072 0.0056 0.0051 0.0048 0.0048 0.0046 0.0043 0.0031 0.0028 0.0020 0.0030 0.0034 0.0043 0.0055 0.0072 0.0066 0.0067 0.0055 0.0062 0.0090 0.0082 0.0086 0.0093 0.0070 0.0054 0.0058 0.0066 0.0073 0.0054 0.0034 0.0051 0.0044 0.0082 0.0071 0.0084 0.0088 0.0052 0.0053 0.0082 0.0052 0.0044 0.0077 0.0101 0.0046 0.0047 0.0033 0.0033 0.0023 0.0021 0.0015 0.0016 0.0016 0.0019 0.0021 0.0022
0.0244 0.0391 0.0349 0.0472 0.0683 0.0742 0.2679 0.4429 0.8248 0.9998 1.0000 0.9998 0.8494 0.3914 0.2781 0.1265 0.2653 0.2216 0.1027 0.1826 0.1576 0.0585 0.0284 0.0199 0.0138 0.0142 0.0114 0.0085 0.0116 0.0095 0.0127 0.0145 0.0107 0.0104 0.0154 0.0102 0.0126 0.0116 0.0131 0.0135 0.0079 0.0076 0.0110 0.0100 0.0084 0.0199 0.0115 0.0090 0.0358 0.0577 0.0160 0.0288 0.1163 0.0517 0.0212 0.0431 0.0216 0.0676 0.0808 0.0487 0.0651 0.0159 0.0325 0.0460 0.0319 0.0159 0.0106 0.0199 0.0249 0.0253 0.0280 0.0527 0.0467 0.0761 0.0641 0.0675 0.0794 0.0396 0.0421 0.0353 0.0510 0.0190 0.0210 0.0320 0.0276 0.0099 0.0068 0.0057 0.0055 0.0040 0.0030 0.0027 0.0022 0.0023 0.0027 0.0030 0.0022 0.0022 0.0028 0.0023 0.0018 0.0022 0.0022 0.0019 0.0019 0.0022 0.0021 0.0033 0.0029 0.0030 0.0023 0.0022 0.0032 0.0034 0.0040 0.0044 0.0033 0.0033 0.0022 0.0022 0.0020 0.0020 0.0020 0.0025 0.0025 0.0024 0.0022 0.0023 0.0029 0.0027 0.0042 0.0058 0.0065 0.0033 0.0036 0.0051 0.0050 0.0045 0.0038 0.0044 0.0066 0.0082 0.0169 0.0101 0.0089 0.0071 0.0058 0.0042 0.0027 0.0019 0.0022 0.0022 0.0029 0.0026 0.0029 0.0033 0.0033 0.0046 0.0047 0.0055 0.0051 0.0044 0.0049 0.0039 0.0055 0.0055 0.0082 0.0123 0.0152 0.0159 0.0160 0.0139 0.0096 0.0074 0.0057 0.0060 0.0053 0.0045 0.0051 0.0046 0.0034 0.0033 0.0023 0.0036 0.0038 0.0052 0.0056 0.0087 0.0090 0.0078 0.0055 0.0058 0.0101 0.0100 0.0093 0.0105 0.0085 0.0060 0.0066 0.0075 0.0083 0.0064 0.0039 0.0060 0.0056 0.0098 0.0075 0.0088 0.0114 0.0062 0.0055 0.0094 0.0071 0.0051 0.0077 0.0111 0.0056 0.0048 0.0033 0.0034 0.0025 0.0023 0.0018 0.0017 0.0016 0.0019 0.0020 0.0021
0.0182 0.0274 0.0233 0.0289 0.0379 0.0401 0.0595 0.2494 0.3180 0.8210 0.9998 1.0000 0.9998 0.8395 0.4159 0.2608 0.3817 0.2902 0.0967 0.0985 0.0848 0.0338 0.0204 0.0155 0.0115 0.0117 0.0099 0.0078 0.0102 0.0087 0.0110 0.0123 0.0104 0.0099 0.0127 0.0094 0.0108 0.0099 0.0106 0.0106 0.0071 0.0069 0.0087 0.0077 0.0071 0.0102 0.0083 0.0066 0.0151 0.0231 0.0085 0.0099 0.0545 0.0300 0.0138 0.0193 0.0152 0.0539 0.0318 0.0320 0.0353 0.0141 0.0161 0.0148 0.0078 0.0115 0.0093 0.0170 0.0159 0.0082 0.0183 0.0374 0.0119 0.0292 0.0477 0.0318 0.0303 0.0393 0.0404 0.0276 0.0526 0.0311 0.0188 0.0256 0.0456 0.0145 0.0076 0.0052 0.0044 0.0027 0.0022 0.0017 0.0016 0.0018 0.0022 0.0027 0.0019 0.0023 0.0025 0.0022 0.0018 0.0021 0.0019 0.0015 0.0015 0.0016 0.0017 0.0029 0.0027 0.0030 0.0025 0.0022 0.0033 0.0032 0.0040 0.0044 0.0033 0.0032 0.0020 0.0019 0.0017 0.0017 0.0019 0.0021 0.0021 0.0021 0.0020 0.0021 0.0026 0.0025 0.0036 0.0048 0.0051 0.0030 0.0033 0.0040 0.0043 0.0040 0.0037 0.0048 0.0072 0.0081 0.0171 0.0090 0.0074 0.0058 0.0046 0.0033 0.0022 0.0015 0.0018 0.0018 0.0025 0.0024 0.0027 0.0030 0.0033 0.0044 0.0050 0.0057 0.0049 0.0043 0.0044 0.0033 0.0048 0.0040 0.0076 0.0104 0.0119 0.0159 0.0171 0.0139 0.0082 0.0068 0.0052 0.0048 0.0048 0.0044 0.0045 0.0037 0.0025 0.0024 0.0018 0.0028 0.0033 0.0045 0.0057 0.0086 0.0081 0.0082 0.0051 0.0061 0.0093 0.0079 0.0082 0.0085 0.0072 0.0050 0.0052 0.0060 0.0066 0.0046 0.0030 0.0044 0.0042 0.0085 0.0072 0.0086 0.0091 0.0052 0.0058 0.0097 0.0052 0.0039 0.0071 0.0095 0.0046 0.0048 0.0033 0.0032 0.0022 0.0018 0.0012 0.0012 0.0011 0.0015 0.0018 0.0020
0.0146 0.0195 0.0175 0.0177 0.0208 0.0241 0.0345 0.0613 0.1851 0.2635 0.8494 0.9998 1.0000 0.9998 0.7711 0.3465 0.5118 0.3409 0.0751 0.0585 0.0375 0.0166 0.0143 0.0104 0.0086 0.0085 0.0079 0.0066 0.0080 0.0070 0.0082 0.0088 0.0077 0.0076 0.0088 0.0069 0.0077 0.0074 0.0075 0.0072 0.0056 0.0054 0.0061 0.0059 0.0055 0.0068 0.0062 0.0051 0.0172 0.0147 0.0059 0.0101 0.0481 0.0154 0.0121 0.0160 0.0114 0.0448 0.0226 0.0234 0.0219 0.0130 0.0179 0.0124 0.0065 0.0115 0.0077 0.0134 0.0094 0.0057 0.0121 0.0205 0.0103 0.0386 0.0367 0.0285 0.0635 0.0958 0.0403 0.0471 0.1074 0.0420 0.0168 0.0321 0.0658 0.0171 0.0084 0.0042 0.0027 0.0015 0.0012 0.0009 0.0009 0.0011 0.0014 0.0019 0.0015 0.0017 0.0018 0.0017 0.0014 0.0015 0.0013 0.0010 0.0010 0.0011 0.0012 0.0022 0.0020 0.0027 0.0022 0.0019 0.0026 0.0024 0.0031 0.0034 0.0023 0.0022 0.0013 0.0012 0.0011 0.0012 0.0015 0.0016 0.0015 0.0015 0.0016 0.0018 0.0021 0.0021 0.0028 0.0032 0.0032 0.0024 0.0025 0.0024 0.0027 0.0028 0.0030 0.0041 0.0062 0.0056 0.0115 0.0058 0.0047 0.0036 0.0030 0.0021 0.0014 0.0011 0.0014 0.0012 0.0019 0.0017 0.0020 0.0021 0.0026 0.0033 0.0041 0.0045 0.0037 0.0032 0.0029 0.0021 0.0033 0.0024 0.0055 0.0070 0.0080 0.0126 0.0146 0.0112 0.0058 0.0055 0.0039 0.0030 0.0037 0.0035 0.0031 0.0023 0.0014 0.0013 0.0010 0.0016 0.0022 0.0029 0.0045 0.0063 0.0054 0.0068 0.0044 0.0054 0.0071 0.0054 0.0060 0.0056 0.0043 0.0033 0.0031 0.0038 0.0034 0.0025 0.0016 0.0024 0.0025 0.0056 0.0055 0.0071 0.0063 0.0037 0.0052 0.0085 0.0033 0.0027 0.0062 0.0073 0.0031 0.0040 0.0028 0.0023 0.0015 0.0010 0.0007 0.0007 0.0007 0.0009 0.0012 0.0016
0.0114 0.0148 0.0141 0.0143 0.0155 0.0186 0.0256 0.0455 0.0647 0.2025 0.3914 0.8395 0.9998 1.0000 0.9998 0.9621 0.9433 0.6594 0.0990 0.0752 0.0373 0.0205 0.0141 0.0107 0.0083 0.0083 0.0076 0.0069 0.0081 0.0074 0.0085 0.0090 0.0079 0.0076 0.0088 0.0069 0.0080 0.0069 0.0069 0.0065 0.0051 0.0049 0.0057 0.0054 0.0052 0.0059 0.0059 0.0047 0.0055 0.0047 0.0045 0.0049 0.0134 0.0057 0.0125 0.0126 0.0093 0.0402 0.0250 0.0202 0.0154 0.0109 0.0242 0.0353 0.0183 0.0315 0.0111 0.0152 0.0217 0.0209 0.0132 0.0218 0.0099 0.0328 0.0345 0.0237 0.0439 0.0909 0.0356 0.0300 0.0984 0.0399 0.0169 0.0205 0.0377 0.0089 0.0066 0.0039 0.0026 0.0014 0.0011 0.0008 0.0008 0.0010 0.0014 0.0018 0.0014 0.0017 0.0017 0.0015 0.0014 0.0015 0.0012 0.0010 0.0010 0.0011 0.0012 0.0021 0.0019 0.0024 0.0021 0.0019 0.0026 0.0025 0.0033 0.0036 0.0025 0.0022 0.0013 0.0013 0.0011 0.0011 0.0014 0.0015 0.0014 0.0014 0.0015 0.0018 0.0020 0.0021 0.0027 0.0030 0.0028 0.0022 0.0025 0.0023 0.0025 0.0027 0.0030 0.0041 0.0061 0.0058 0.0114 0.0059 0.0050 0.0038 0.0030 0.0020 0.0014 0.0009 0.0012 0.0012 0.0018 0.0016 0.0018 0.0020 0.0025 0.0030 0.0038 0.0043 0.0033 0.0030 0.0025 0.0019 0.0032 0.0023 0.0053 0.0071 0.0081 0.0126 0.0150 0.0119 0.0059 0.0057 0.0039 0.0030 0.0036 0.0033 0.0030 0.0022 0.0012 0.0011 0.0009 0.0014 0.0019 0.0025 0.0040 0.0055 0.0042 0.0056 0.0039 0.0049 0.0061 0.0046 0.0049 0.0046 0.0036 0.0029 0.0028 0.0033 0.0030 0.0021 0.0014 0.0022 0.0024 0.0055 0.0054 0.0074 0.0066 0.0037 0.0051 0.0088 0.0034 0.0028 0.0066 0.0085 0.0033 0.0042 0.0030 0.0023 0.0014 0.0010 0.0006 0.0007 0.0007 0.0008 0.0011 0.0015
0.0098 0.0142 0.0126 0.0124 0.0145 0.0154 0.0209 0.0387 0.0499 0.0869 0.2781 0.4159 0.7711 0.9998 1.0000 0.9999 0.8951 0.7034 0.4632 0.0926 0.0484 0.0258 0.0212 0.0126 0.0102 0.0099 0.0092 0.0082 0.0098 0.0088 0.0105 0.0114 0.0094 0.0091 0.0112 0.0098 0.0132 0.0097 0.0081 0.0076 0.0056 0.0054 0.0067 0.0061 0.0060 0.0069 0.0070 0.0052 0.0049 0.0047 0.0045 0.0055 0.0077 0.0044 0.0135 0.0098 0.0050 0.0114 0.0122 0.0091 0.0074 0.0061 0.0132 0.0094 0.0117 0.0158 0.0132 0.0152 0.0175 0.0225 0.0228 0.0250 0.0092 0.0479 0.0447 0.0324 0.0589 0.1792 0.0520 0.0437 0.1629 0.1051 0.0224 0.0314 0.0582 0.0124 0.0075 0.0044 0.0032 0.0018 0.0013 0.0010 0.0010 0.0011 0.0016 0.0019 0.0015 0.0018 0.0020 0.0018 0.0015 0.0019 0.0016 0.0013 0.0012 0.0015 0.0015 0.0025 0.0023 0.0025 0.0022 0.0022 0.0030 0.0036 0.0044 0.0053 0.0035 0.0031 0.0018 0.0017 0.0013 0.0012 0.0014 0.0017 0.0016 0.0016 0.0017 0.0018 0.0022 0.0021 0.0030 0.0035 0.0034 0.0023 0.0026 0.0029 0.0032 0.0032 0.0033 0.0044 0.0064 0.0066 0.0134 0.0070 0.0060 0.0046 0.0037 0.0024 0.0016 0.0012 0.0014 0.0014 0.0019 0.0016 0.0020 0.0022 0.0027 0.0037 0.0044 0.0050 0.0040 0.0034 0.0030 0.0022 0.0036 0.0029 0.0061 0.0089 0.0094 0.0132 0.0154 0.0122 0.0066 0.0060 0.0044 0.0038 0.0041 0.0034 0.0033 0.0025 0.0014 0.0014 0.0011 0.0016 0.0022 0.0027 0.0039 0.0064 0.0051 0.0054 0.0044 0.0052 0.0075 0.0059 0.0056 0.0054 0.0045 0.0034 0.0035 0.0038 0.0036 0.0024 0.0017 0.0029 0.0032 0.0074 0.0065 0.0085 0.0084 0.0043 0.0055 0.0099 0.0045 0.0036 0.0080 0.0109 0.0044 0.0046 0.0032 0.0027 0.0017 0.0012 0.0007 0.0008 0.0008 0.0011 0.0013 0.0015
0.0082 0.0114 0.0104 0.0105 0.0126 0.0135 0.0171 0.0289 0.0358 0.0635 0.1265 0.2608 0.3465 0.9621 0.9999 1.0000 0.9998 0.8875 0.6064 0.4766 0.0681 0.0343 0.0233 0.0153 0.0113 0.0110 0.0094 0.0083 0.0103 0.0091 0.0106 0.0111 0.0093 0.0089 0.0125 0.0156 0.0174 0.0138 0.0076 0.0070 0.0050 0.0047 0.0053 0.0051 0.0049 0.0055 0.0057 0.0042 0.0037 0.0041 0.0041 0.0038 0.0044 0.0041 0.0052 0.0044 0.0049 0.0082 0.0051 0.0058 0.0061 0.0060 0.0066 0.0071 0.0055 0.0124 0.0110 0.0180 0.0110 0.0090 0.0182 0.0261 0.0055 0.0134 0.0358 0.0246 0.0142 0.0563 0.0408 0.0174 0.0297 0.0325 0.0182 0.0104 0.0104 0.0068 0.0059 0.0041 0.0028 0.0016 0.0012 0.0009 0.0009 0.0011 0.0014 0.0019 0.0014 0.0016 0.0017 0.0016 0.0015 0.0020 0.0015 0.0012 0.0011 0.0014 0.0013 0.0024 0.0022 0.0024 0.0021 0.0019 0.0029 0.0035 0.0049 0.0059 0.0042 0.0035 0.0018 0.0016 0.0012 0.0011 0.0012 0.0015 0.0015 0.0015 0.0016 0.0017 0.0019 0.0019 0.0025 0.0027 0.0026 0.0020 0.0023 0.0022 0.0026 0.0027 0.0032 0.0041 0.0060 0.0059 0.0124 0.0060 0.0055 0.0041 0.0036 0.0023 0.0015 0.0010 0.0012 0.0012 0.0016 0.0016 0.0018 0.0019 0.0026 0.0033 0.0044 0.0045 0.0035 0.0029 0.0025 0.0018 0.0034 0.0023 0.0064 0.0088 0.0083 0.0136 0.0157 0.0111 0.0056 0.0055 0.0041 0.0031 0.0038 0.0031 0.0029 0.0022 0.0013 0.0012 0.0009 0.0015 0.0018 0.0021 0.0032 0.0047 0.0036 0.0045 0.0038 0.0047 0.0061 0.0048 0.0047 0.0044 0.0034 0.0028 0.0029 0.0034 0.0030 0.0020 0.0014 0.0024 0.0029 0.0069 0.0060 0.0087 0.0079 0.0035 0.0049 0.0093 0.0037 0.0031 0.0080 0.0129 0.0043 0.0049 0.0033 0.0025 0.0016 0.0010 0.0007 0.0007 0.0007 0.0010 0.0011 0.0015
0.0092 0.0132 0.0125 0.0134 0.0187 0.0203 0.0281 0.0506 0.0537 0.0950 0.2653 0.3817 0.5118 0.9433 0.8951 0.9998 1.0000 0.9998 0.8900 0.6836 0.5076 0.0688 0.0443 0.0242 0.0173 0.0153 0.0131 0.0103 0.0129 0.0115 0.0142 0.0163 0.0118 0.0114 0.0259 0.0301 0.0284 0.0203 0.0094 0.0091 0.0058 0.0049 0.0061 0.0053 0.0050 0.0063 0.0063 0.0044 0.0045 0.0046 0.0045 0.0064 0.0068 0.0046 0.0135 0.0143 0.0079 0.0239 0.0156 0.0097 0.0121 0.0084 0.0096 0.0142 0.0112 0.0180 0.0124 0.0274 0.0212 0.0135 0.0244 0.0575 0.0132 0.0524 0.0834 0.0520 0.0393 0.0763 0.0608 0.0316 0.0295 0.0208 0.0247 0.0170 0.0112 0.0090 0.0075 0.0056 0.0045 0.0026 0.0018 0.0015 0.0015 0.0015 0.0020 0.0020 0.0018 0.0016 0.0019 0.0016 0.0018 0.0026 0.0022 0.0019 0.0019 0.0030 0.0022 0.0039 0.0030 0.0029 0.0022 0.0021 0.0036 0.0058 0.0095 0.0121 0.0084 0.0068 0.0032 0.0025 0.0015 0.0014 0.0014 0.0016 0.0016 0.0015 0.0016 0.0016 0.0020 0.0019 0.0027 0.0033 0.0036 0.0022 0.0025 0.0032 0.0034 0.0034 0.0036 0.0044 0.0069 0.0083 0.0203 0.0094 0.0082 0.0060 0.0053 0.0035 0.0022 0.0015 0.0017 0.0016 0.0019 0.0017 0.0020 0.0023 0.0027 0.0037 0.0044 0.0049 0.0039 0.0035 0.0034 0.0026 0.0055 0.0043 0.0093 0.0142 0.0148 0.0202 0.0207 0.0150 0.0081 0.0069 0.0048 0.0044 0.0045 0.0033 0.0033 0.0026 0.0018 0.0016 0.0014 0.0019 0.0022 0.0026 0.0033 0.0057 0.0050 0.0044 0.0039 0.0045 0.0076 0.0066 0.0060 0.0056 0.0047 0.0036 0.0043 0.0046 0.0042 0.0029 0.0022 0.0039 0.0057 0.0113 0.0080 0.0113 0.0140 0.0051 0.0058 0.0129 0.0070 0.0047 0.0115 0.0206 0.0078 0.0066 0.0043 0.0033 0.0022 0.0016 0.0010 0.0010 0.0011 0.0011 0.0013 0.0015
0.0087 0.0120 0.0117 0.0121 0.0155 0.0175 0.0217 0.0358 0.0379 0.0602 0.2216 0.2902 0.3409 0.6594 0.7034 0.8875 0.9998 1.0000 0.9998 0.8978 0.6316 0.4011 0.0698 0.0422 0.0246 0.0224 0.0170 0.0125 0.0147 0.0130 0.0156 0.0162 0.0123 0.0229 0.0407 0.0285 0.0233 0.0124 0.0085 0.0076 0.0054 0.0046 0.0052 0.0046 0.0043 0.0046 0.0048 0.0037 0.0036 0.0038 0.0056 0.0229 0.0236 0.0047 0.0371 0.0358 0.0083 0.0269 0.0326 0.0094 0.0067 0.0063 0.0092 0.0103 0.0168 0.0177 0.0091 0.0186 0.0156 0.0364 0.0342 0.0408 0.0404 0.2125 0.1524 0.0769 0.1344 0.2674 0.0617 0.0441 0.1674 0.0661 0.0192 0.0241 0.0573 0.0101 0.0066 0.0047 0.0032 0.0019 0.0014 0.0012 0.0012 0.0014 0.0016 0.0018 0.0014 0.0014 0.0015 0.0014 0.0015 0.0021 0.0018 0.0016 0.0017 0.0024 0.0019 0.0033 0.0027 0.0029 0.0023 0.0022 0.0037 0.0058 0.0110 0.0138 0.0099 0.0072 0.0028 0.0022 0.0013 0.0011 0.0013 0.0014 0.0014 0.0013 0.0014 0.0014 0.0017 0.0018 0.0022 0.0025 0.0025 0.0018 0.0021 0.0022 0.0027 0.0028 0.0032 0.0045 0.0066 0.0071 0.0172 0.0074 0.0064 0.0044 0.0038 0.0025 0.0018 0.0011 0.0015 0.0014 0.0019 0.0017 0.0018 0.0018 0.0023 0.0030 0.0039 0.0042 0.0033 0.0029 0.0026 0.0019 0.0037 0.0027 0.0070 0.0100 0.0115 0.0169 0.0199 0.0135 0.0064 0.0067 0.0042 0.0032 0.0042 0.0030 0.0027 0.0022 0.0014 0.0014 0.0010 0.0016 0.0020 0.0021 0.0028 0.0041 0.0035 0.0039 0.0038 0.0042 0.0060 0.0055 0.0054 0.0050 0.0040 0.0028 0.0033 0.0039 0.0036 0.0025 0.0018 0.0030 0.0040 0.0110 0.0080 0.0119 0.0117 0.0041 0.0060 0.0135 0.0052 0.0037 0.0112 0.0173 0.0051 0.0061 0.0041 0.0030 0.0020 0.0012 0.0009 0.0008 0.0008 0.0010 0.0011 0.0014
0.0091 0.0131 0.0126 0.0138 0.0172 0.0203 0.0251 0.0398 0.0535 0.0866 0.1027 0.0967 0.0751 0.0990 0.4632 0.6064 0.8900 0.9998 1.0000 0.9998 0.9003 0.5536 0.3498 0.0627 0.0417 0.0315 0.0236 0.0155 0.0195 0.0169 0.0193 0.0248 0.0430 0.0598 0.0760 0.0504 0.0334 0.0175 0.0094 0.0082 0.0054 0.0048 0.0053 0.0046 0.0041 0.0043 0.0042 0.0066 0.0036 0.0036 0.0106 0.0159 0.0050 0.0037 0.0152 0.0083 0.0044 0.0077 0.0076 0.0061 0.0067 0.0067 0.0102 0.0113 0.0070 0.0125 0.0093 0.0229 0.0126 0.0066 0.0387 0.0545 0.0146 0.0940 0.1339 0.0454 0.0237 0.0814 0.0491 0.0177 0.0198 0.0282 0.0184 0.0161 0.0187 0.0086 0.0073 0.0048 0.0033 0.0021 0.0016 0.0014 0.0014 0.0015 0.0018 0.0019 0.0014 0.0015 0.0016 0.0015 0.0015 0.0023 0.0020 0.0019 0.0020 0.0027 0.0019 0.0034 0.0028 0.0028 0.0023 0.0022 0.0038 0.0060 0.0118 0.0154 0.0122 0.0089 0.0034 0.0026 0.0014 0.0012 0.0014 0.0015 0.0014 0.0014 0.0014 0.0015 0.0017 0.0019 0.0025 0.0027 0.0026 0.0019 0.0021 0.0025 0.0028 0.0030 0.0033 0.0048 0.0071 0.0075 0.0177 0.0082 0.0075 0.0054 0.0044 0.0029 0.0020 0.0012 0.0016 0.0015 0.0020 0.0019 0.0020 0.0022 0.0027 0.0035 0.0044 0.0047 0.0037 0.0032 0.0028 0.0022 0.0043 0.0031 0.0077 0.0110 0.0135 0.0173 0.0200 0.0124 0.0061 0.0063 0.0043 0.0033 0.0044 0.0033 0.0030 0.0025 0.0015 0.0017 0.0012 0.0018 0.0021 0.0022 0.0028 0.0037 0.0033 0.0035 0.0037 0.0039 0.0053 0.0055 0.0053 0.0050 0.0038 0.0029 0.0034 0.0039 0.0038 0.0026 0.0020 0.0032 0.0039 0.0096 0.0072 0.0111 0.0117 0.0039 0.0056 0.0147 0.0055 0.0041 0.0114 0.0170 0.0052 0.0060 0.0041 0.0034 0.0022 0.0014 0.0009 0.0009 0.0008 0.0010 0.0011 0.0014
0.0102 0.0159 0.0142 0.0175 0.0240 0.0261 0.0366 0.0663 0.0850 0.1251 0.1826 0.0985 0.0585 0.0752 0.0926 0.4766 0.6836 0.8978 0.9998 1.0000 0.9998 0.8337 0.4510 0.2833 0.0668 0.0637 0.0442 0.0224 0.0257 0.0209 0.0283 0.0602 0.0707 0.0675 0.0706 0.0245 0.0177 0.0112 0.0106 0.0094 0.0057 0.0048 0.0060 0.0050 0.0042 0.0052 0.0049 0.0176 0.0073 0.0050 0.0430 0.0945 0.0133 0.0099 0.0869 0.0432 0.0070 0.0158 0.0316 0.0126 0.0115 0.0106 0.0259 0.0263 0.0221 0.0235 0.0149 0.0473 0.0478 0.0520 0.1817 0.1815 0.0737 0.2404 0.2221 0.1178 0.0521 0.0558 0.0887 0.0468 0.0223 0.0213 0.0285 0.0372 0.0146 0.0115 0.0096 0.0064 0.0060 0.0047 0.0038 0.0029 0.0029 0.0027 0.0031 0.0027 0.0021 0.0020 0.0025 0.0021 0.0022 0.0039 0.0039 0.0043 0.0047 0.0060 0.0034 0.0048 0.0038 0.0032 0.0025 0.0026 0.0050 0.0113 0.0225 0.0289 0.0302 0.0223 0.0109 0.0070 0.0027 0.0019 0.0019 0.0021 0.0021 0.0018 0.0016 0.0016 0.0021 0.0022 0.0033 0.0040 0.0044 0.0025 0.0030 0.0045 0.0047 0.0045 0.0045 0.0058 0.0086 0.0116 0.0285 0.0138 0.0151 0.0103 0.0086 0.0054 0.0033 0.0021 0.0025 0.0023 0.0028 0.0025 0.0030 0.0033 0.0037 0.0048 0.0051 0.0059 0.0051 0.0045 0.0049 0.0037 0.0080 0.0063 0.0137 0.0203 0.0299 0.0270 0.0247 0.0177 0.0100 0.0082 0.0058 0.0054 0.0070 0.0044 0.0045 0.0041 0.0029 0.0030 0.0022 0.0031 0.0030 0.0033 0.0033 0.0052 0.0048 0.0036 0.0041 0.0039 0.0061 0.0081 0.0066 0.0067 0.0060 0.0041 0.0055 0.0056 0.0066 0.0049 0.0037 0.0066 0.0089 0.0159 0.0092 0.0141 0.0223 0.0065 0.0066 0.0227 0.0137 0.0067 0.0152 0.0274 0.0102 0.0080 0.0050 0.0050 0.0041 0.0027 0.0020 0.0018 0.0016 0.0015 0.0016 0.0015
0.0107 0.0184 0.0149 0.0192 0.0276 0.0276 0.0384 0.1023 0.1143 0.1170 0.1576 0.0848 0.0375 0.0373 0.0484 0.0681 0.5076 0.6316 0.9003 0.9998 1.0000 0.9998 0.8206 0.3820 0.2472 0.1245 0.0781 0.0340 0.0382 0.0304 0.0683 0.1184 0.1089 0.0689 0.0633 0.0240 0.0149 0.0108 0.0099 0.0095 0.0054 0.0043 0.0054 0.0055 0.0037 0.0047 0.0056 0.0227 0.0084 0.0051 0.0292 0.0448 0.0054 0.0051 0.0221 0.0117 0.0044 0.0074 0.0117 0.0090 0.0149 0.0109 0.0153 0.0179 0.0136 0.0237 0.0147 0.0474 0.0479 0.0300 0.1309 0.1632 0.0477 0.1585 0.2084 0.1173 0.0753 0.0968 0.0935 0.0608 0.0582 0.0355 0.0337 0.0599 0.0278 0.0129 0.0120 0.0064 0.0068 0.0055 0.0044 0.0035 0.0034 0.0030 0.0036 0.0031 0.0024 0.0020 0.0027 0.0022 0.0024 0.0047 0.0049 0.0058 0.0059 0.0083 0.0041 0.0051 0.0039 0.0033 0.0027 0.0029 0.0063 0.0177 0.0351 0.0449 0.0432 0.0342 0.0159 0.0107 0.0030 0.0021 0.0019 0.0020 0.0021 0.0017 0.0015 0.0015 0.0022 0.0020 0.0034 0.0043 0.0049 0.0025 0.0030 0.0055 0.0053 0.0049 0.0048 0.0060 0.0090 0.0141 0.0343 0.0161 0.0179 0.0117 0.0106 0.0066 0.0037 0.0022 0.0026 0.0025 0.0030 0.0026 0.0030 0.0035 0.0037 0.0046 0.0047 0.0055 0.0049 0.0044 0.0045 0.0037 0.0065 0.0061 0.0126 0.0197 0.0293 0.0236 0.0221 0.0169 0.0102 0.0088 0.0060 0.0061 0.0081 0.0049 0.0050 0.0049 0.0033 0.0035 0.0025 0.0031 0.0030 0.0033 0.0033 0.0049 0.0048 0.0034 0.0042 0.0037 0.0060 0.0086 0.0065 0.0065 0.0061 0.0039 0.0055 0.0053 0.0062 0.0050 0.0043 0.0076 0.0129 0.0192 0.0100 0.0152 0.0268 0.0074 0.0071 0.0223 0.0164 0.0072 0.0149 0.0289 0.0108 0.0084 0.0050 0.0055 0.0046 0.0030 0.0023 0.0021 0.0018 0.0016 0.0016 0.0015
0.0161 0.0354 0.0208 0.0216 0.0377 0.0331 0.0563 0.1103 0.1102 0.0657 0.0585 0.0338 0.0166 0.0205 0.0258 0.0343 0.0688 0.4011 0.5536 0.8337 0.9998 1.0000 0.9998 0.7998 0.3515 0.2908 0.1215 0.0547 0.0473 0.0781 0.1230 0.1481 0.1156 0.0525 0.0386 0.0145 0.0114 0.0088 0.0078 0.0067 0.0046 0.0041 0.0044 0.0047 0.0038 0.0038 0.0052 0.0186 0.0060 0.0050 0.0284 0.0113 0.0035 0.0062 0.0076 0.0030 0.0032 0.0051 0.0056 0.0080 0.0191 0.0191 0.0135 0.0131 0.0085 0.0192 0.0119 0.0340 0.0217 0.0077 0.0469 0.0648 0.0110 0.0225 0.0710 0.0411 0.0181 0.0541 0.0529 0.0287 0.0448 0.0470 0.0265 0.0307 0.0455 0.0192 0.0125 0.0054 0.0044 0.0030 0.0025 0.0020 0.0019 0.0022 0.0026 0.0027 0.0018 0.0020 0.0022 0.0021 0.0021 0.0034 0.0031 0.0030 0.0032 0.0039 0.0025 0.0036 0.0027 0.0029 0.0027 0.0027 0.0054 0.0093 0.0214 0.0281 0.0265 0.0170 0.0063 0.0040 0.0021 0.0016 0.0018 0.0019 0.0018 0.0017 0.0016 0.0016 0.0019 0.0021 0.0032 0.0036 0.0038 0.0026 0.0029 0.0045 0.0047 0.0048 0.0052 0.0073 0.0097 0.0130 0.0295 0.0125 0.0124 0.0083 0.0069 0.0045 0.0027 0.0016 0.0019 0.0018 0.0025 0.0023 0.0027 0.0028 0.0035 0.0041 0.0047 0.0050 0.0044 0.0037 0.0036 0.0026 0.0049 0.0035 0.0095 0.0125 0.0159 0.0147 0.0165 0.0123 0.0073 0.0075 0.0050 0.0040 0.0068 0.0049 0.0040 0.0036 0.0022 0.0022 0.0015 0.0022 0.0023 0.0025 0.0030 0.0039 0.0034 0.0031 0.0036 0.0036 0.0044 0.0053 0.0047 0.0047 0.0041 0.0030 0.0035 0.0038 0.0039 0.0032 0.0025 0.0044 0.0057 0.0123 0.0092 0.0135 0.0150 0.0047 0.0061 0.0166 0.0069 0.0044 0.0118 0.0189 0.0060 0.0066 0.0048 0.0044 0.0033 0.0021 0.0014 0.0012 0.0011 0.0012 0.0013 0.0015
0.0190 0.0596 0.0309 0.0323 0.0556 0.0474 0.0827 0.1087 0.0873 0.0393 0.0284 0.0204 0.0143 0.0141 0.0212 0.0233 0.0443 0.0698 0.3498 0.4510 0.8206 0.9998 1.0000 0.9998 0.8492 0.4475 0.3302 0.1051 0.1174 0.1593 0.1729 0.1678 0.1058 0.0523 0.0327 0.0177 0.0103 0.0083 0.0072 0.0060 0.0044 0.0039 0.0039 0.0038 0.0033 0.0034 0.0034 0.0074 0.0030 0.0032 0.0063 0.0034 0.0032 0.0032 0.0036 0.0024 0.0030 0.0044 0.0044 0.0056 0.0147 0.0155 0.0111 0.0129 0.0077 0.0199 0.0114 0.0320 0.0188 0.0066 0.0378 0.0538 0.0093 0.0131 0.0689 0.0331 0.0098 0.0215 0.0469 0.0210 0.0140 0.0200 0.0244 0.0159 0.0154 0.0126 0.0100 0.0045 0.0032 0.0022 0.0019 0.0016 0.0016 0.0019 0.0024 0.0027 0.0018 0.0018 0.0020 0.0020 0.0021 0.0030 0.0027 0.0024 0.0029 0.0036 0.0023 0.0034 0.0023 0.0027 0.0027 0.0026 0.0051 0.0078 0.0190 0.0242 0.0208 0.0141 0.0046 0.0029 0.0018 0.0015 0.0018 0.0018 0.0017 0.0017 0.0016 0.0018 0.0021 0.0022 0.0034 0.0038 0.0039 0.0029 0.0032 0.0046 0.0047 0.0047 0.0054 0.0071 0.0097 0.0123 0.0241 0.0102 0.0096 0.0063 0.0050 0.0034 0.0022 0.0014 0.0018 0.0016 0.0023 0.0023 0.0026 0.0027 0.0036 0.0043 0.0049 0.0050 0.0039 0.0033 0.0030 0.0022 0.0042 0.0030 0.0090 0.0112 0.0133 0.0128 0.0144 0.0113 0.0068 0.0075 0.0050 0.0036 0.0051 0.0045 0.0036 0.0031 0.0019 0.0018 0.0013 0.0018 0.0019 0.0021 0.0027 0.0035 0.0030 0.0029 0.0034 0.0033 0.0041 0.0045 0.0040 0.0041 0.0033 0.0028 0.0031 0.0036 0.0034 0.0027 0.0022 0.0035 0.0046 0.0096 0.0081 0.0123 0.0130 0.0043 0.0052 0.0135 0.0058 0.0037 0.0093 0.0144 0.0049 0.0057 0.0041 0.0038 0.0026 0.0017 0.0011 0.0010 0.0009 0.0010 0.0011 0.0014
0.0460 0.0905 0.0630 0.0507 0.0623 0.0387 0.0430 0.0474 0.0296 0.0206 0.0199 0.0155 0.0104 0.0107 0.0126 0.0153 0.0242 0.0422 0.0627 0.2833 0.3820 0.7998 0.9998 1.0000 0.9998 0.8450 0.5042 0.3417 0.2017 0.2111 0.1901 0.1759 0.1230 0.0820 0.0456 0.0220 0.0102 0.0073 0.0064 0.0053 0.0037 0.0032 0.0033 0.0030 0.0027 0.0028 0.0027 0.0048 0.0026 0.0027 0.0035 0.0025 0.0029 0.0026 0.0025 0.0021 0.0026 0.0037 0.0036 0.0041 0.0114 0.0099 0.0100 0.0124 0.0076 0.0197 0.0120 0.0278 0.0168 0.0067 0.0237 0.0397 0.0080 0.0102 0.0444 0.0262 0.0076 0.0175 0.0366 0.0177 0.0125 0.0168 0.0226 0.0159 0.0132 0.0117 0.0104 0.0040 0.0027 0.0018 0.0015 0.0012 0.0014 0.0017 0.0022 0.0026 0.0017 0.0018 0.0018 0.0019 0.0019 0.0024 0.0021 0.0018 0.0022 0.0026 0.0019 0.0027 0.0020 0.0025 0.0026 0.0025 0.0047 0.0065 0.0150 0.0162 0.0127 0.0088 0.0034 0.0023 0.0015 0.0014 0.0017 0.0019 0.0017 0.0017 0.0017 0.0017 0.0021 0.0022 0.0033 0.0037 0.0037 0.0031 0.0034 0.0044 0.0042 0.0043 0.0049 0.0067 0.0095 0.0114 0.0196 0.0088 0.0080 0.0055 0.0041 0.0028 0.0020 0.0012 0.0016 0.0015 0.0023 0.0022 0.0026 0.0027 0.0037 0.0043 0.0051 0.0052 0.0038 0.0030 0.0028 0.0022 0.0038 0.0026 0.0071 0.0087 0.0095 0.0093 0.0103 0.0080 0.0052 0.0057 0.0040 0.0028 0.0038 0.0036 0.0030 0.0025 0.0015 0.0014 0.0010 0.0015 0.0017 0.0019 0.0025 0.0030 0.0026 0.0025 0.0030 0.0030 0.0035 0.0038 0.0033 0.0033 0.0027 0.0023 0.0025 0.0030 0.0029 0.0022 0.0018 0.0030 0.0036 0.0085 0.0074 0.0111 0.0110 0.0039 0.0049 0.0110 0.0049 0.0035 0.0082 0.0121 0.0045 0.0052 0.0041 0.0034 0.0024 0.0015 0.0010 0.0009 0.0008 0.0009 0.0011 0.0014
0.0581 0.1004 0.0805 0.0504 0.0555 0.0325 0.0292 0.0219 0.0160 0.0140 0.0138 0.0115 0.0086 0.0083 0.0102 0.0113 0.0173 0.0246 0.0417 0.0668 0.2472 0.3515 0.8492 0.9998 1.0000 0.9997 0.8732 0.5050 0.4476 0.2315 0.1876 0.1912 0.1368 0.0843 0.0371 0.0195 0.0084 0.0066 0.0051 0.0043 0.0030 0.0025 0.0027 0.0023 0.0024 0.0027 0.0022 0.0027 0.0019 0.0021 0.0020 0.0019 0.0022 0.0020 0.0018 0.0015 0.0022 0.0030 0.0029 0.0036 0.0056 0.0088 0.0087 0.0105 0.0053 0.0133 0.0092 0.0189 0.0108 0.0047 0.0152 0.0232 0.0052 0.0075 0.0269 0.0164 0.0055 0.0136 0.0268 0.0135 0.0107 0.0148 0.0203 0.0117 0.0115 0.0105 0.0078 0.0036 0.0022 0.0014 0.0011 0.0008 0.0010 0.0012 0.0018 0.0024 0.0015 0.0016 0.0016 0.0016 0.0016 0.0019 0.0015 0.0011 0.0013 0.0014 0.0014 0.0021 0.0017 0.0022 0.0023 0.0022 0.0041 0.0047 0.0098 0.0104 0.0074 0.0053 0.0022 0.0017 0.0012 0.0012 0.0015 0.0016 0.0015 0.0016 0.0018 0.0018 0.0019 0.0020 0.0029 0.0031 0.0029 0.0030 0.0033 0.0036 0.0034 0.0037 0.0047 0.0065 0.0085 0.0093 0.0142 0.0067 0.0055 0.0041 0.0031 0.0021 0.0014 0.0010 0.0013 0.0012 0.0021 0.0021 0.0023 0.0024 0.0035 0.0039 0.0050 0.0047 0.0034 0.0029 0.0023 0.0018 0.0030 0.0019 0.0052 0.0061 0.0067 0.0067 0.0079 0.0060 0.0036 0.0043 0.0033 0.0022 0.0028 0.0030 0.0022 0.0019 0.0011 0.0010 0.0008 0.0011 0.0014 0.0014 0.0021 0.0025 0.0021 0.0022 0.0026 0.0029 0.0029 0.0030 0.0030 0.0027 0.0022 0.0018 0.0019 0.0024 0.0021 0.0016 0.0013 0.0021 0.0024 0.0065 0.0059 0.0097 0.0078 0.0033 0.0047 0.0099 0.0038 0.0029 0.0074 0.0100 0.0036 0.0046 0.0036 0.0029 0.0019 0.0011 0.0007 0.0007 0.0006 0.0008 0.0010 0.0012
