1.0000 0.9980 0.7413 0.1842 0.0941 0.0333 0.0338 0.0325 0.0686 0.0696 0.0437 0.0307 0.0179 0.0114 0.0093 0.0082 0.0059 0.0049 0.0030 0.0027 0.0027 0.0021 0.0019 0.0016 0.0014 0.0018 0.0015 0.0012 0.0013 0.0014 0.0013 0.0012 0.0012 0.0011 0.0010 0.0010 0.0010 0.0009 0.0010 0.0010 0.0009 0.0009 0.0011 0.0012 0.0016 0.0020 0.0025 0.0030 0.0028 0.0030 0.0034 0.0036 0.0034 0.0029 0.0027 0.0020 0.0014 0.0016 0.0012 0.0016 0.0014 0.0015 0.0014 0.0013 0.0014 0.0016 0.0014 0.0014 0.0016 0.0021 0.0022 0.0022 0.0020 0.0019 0.0019 0.0020 0.0021 0.0019 0.0018 0.0015 0.0015 0.0014 0.0014 0.0012 0.0013 0.0010 0.0011 0.0009 0.0013 0.0010 0.0017 0.0019 0.0026 0.0028 0.0034 0.0034 0.0042 0.0037 0.0038 0.0040 0.0039 0.0039 0.0043 0.0042 0.0044 0.0050 0.0051 0.0054 0.0047 0.0044 0.0041 0.0046 0.0041 0.0054 0.0030 0.0036 0.0022 0.0020 0.0010 0.0011 0.0008 0.0011 0.0011 0.0015 0.0015 0.0015 0.0016 0.0018 0.0016 0.0020 0.0019 0.0021 0.0020 0.0018 0.0021 0.0026 0.0019 0.0018 0.0027 0.0032 0.0018 0.0019 0.0031 0.0031 0.0019 0.0025 0.0034 0.0029 0.0025 0.0023 0.0025 0.0025 0.0023 0.0021 0.0022 0.0022 0.0022 0.0025 0.0027 0.0030 0.0036 0.0036 0.0038 0.0045 0.0050 0.0042
0.9980 1.0000 0.9987 0.7742 0.2129 0.1867 0.1049 0.1213 0.1666 0.1399 0.0835 0.0557 0.0279 0.0172 0.0177 0.0186 0.0227 0.0158 0.0145 0.0082 0.0064 0.0059 0.0052 0.0045 0.0052 0.0135 0.0042 0.0022 0.0021 0.0019 0.0015 0.0015 0.0014 0.0012 0.0010 0.0008 0.0008 0.0009 0.0010 0.0011 0.0010 0.0012 0.0016 0.0021 0.0029 0.0035 0.0047 0.0045 0.0042 0.0054 0.0046 0.0055 0.0056 0.0056 0.0054 0.0039 0.0029 0.0027 0.0022 0.0025 0.0023 0.0022 0.0020 0.0019 0.0016 0.0021 0.0021 0.0020 0.0021 0.0025 0.0030 0.0028 0.0031 0.0023 0.0027 0.0027 0.0029 0.0030 0.0025 0.0021 0.0018 0.0015 0.0014 0.0014 0.0015 0.0013 0.0015 0.0014 0.0022 0.0017 0.0027 0.0031 0.0049 0.0054 0.0082 0.0072 0.0079 0.0086 0.0066 0.0073 0.0071 0.0058 0.0071 0.0056 0.0064 0.0081 0.0101 0.0121 0.0116 0.0122 0.0109 0.0112 0.0115 0.0144 0.0088 0.0124 0.0049 0.0045 0.0020 0.0016 0.0012 0.0014 0.0016 0.0018 0.0019 0.0025 0.0022 0.0029 0.0026 0.0027 0.0023 0.0030 0.0034 0.0028 0.0031 0.0043 0.0039 0.0036 0.0050 0.0078 0.0038 0.0039 0.0057 0.0069 0.0043 0.0040 0.0071 0.0063 0.0040 0.0032 0.0034 0.0032 0.0041 0.0037 0.0030 0.0030 0.0037 0.0038 0.0034 0.0048 0.0060 0.0066 0.0063 0.0083 0.0077 0.0043
0.7413 0.9987 1.0000 0.9992 0.8437 0.3323 0.3393 0.2247 0.2027 0.1229 0.0564 0.0311 0.0171 0.0105 0.0114 0.0136 0.0138 0.0129 0.0159 0.0105 0.0063 0.0055 0.0049 0.0034 0.0025 0.0057 0.0022 0.0013 0.0014 0.0016 0.0012 0.0011 0.0011 0.0011 0.0009 0.0007 0.0007 0.0007 0.0008 0.0008 0.0008 0.0011 0.0013 0.0018 0.0026 0.0037 0.0050 0.0049 0.0047 0.0058 0.0049 0.0057 0.0053 0.0056 0.0065 0.0044 0.0029 0.0029 0.0021 0.0026 0.0022 0.0022 0.0019 0.0017 0.0015 0.0021 0.0020 0.0019 0.0021 0.0029 0.0028 0.0026 0.0028 0.0024 0.0027 0.0029 0.0030 0.0028 0.0024 0.0019 0.0016 0.0014 0.0013 0.0012 0.0014 0.0012 0.0014 0.0011 0.0023 0.0016 0.0029 0.0031 0.0049 0.0049 0.0091 0.0076 0.0089 0.0099 0.0077 0.0080 0.0073 0.0060 0.0069 0.0056 0.0060 0.0071 0.0089 0.0124 0.0132 0.0136 0.0127 0.0170 0.0155 0.0218 0.0091 0.0137 0.0056 0.0041 0.0016 0.0016 0.0009 0.0012 0.0013 0.0017 0.0019 0.0022 0.0022 0.0023 0.0021 0.0022 0.0023 0.0029 0.0033 0.0027 0.0032 0.0045 0.0039 0.0032 0.0050 0.0078 0.0038 0.0036 0.0059 0.0071 0.0034 0.0036 0.0055 0.0051 0.0032 0.0025 0.0027 0.0025 0.0033 0.0033 0.0029 0.0028 0.0033 0.0035 0.0030 0.0037 0.0048 0.0051 0.0054 0.0064 0.0066 0.0045
0.1842 0.7742 0.9992 1.0000 0.9994 0.7434 0.4381 0.3047 0.1831 0.1102 0.0410 0.0246 0.0144 0.0099 0.0109 0.0131 0.0132 0.0177 0.0184 0.0128 0.0081 0.0065 0.0057 0.0040 0.0026 0.0038 0.0015 0.0012 0.0014 0.0014 0.0010 0.0010 0.0009 0.0009 0.0008 0.0006 0.0006 0.0006 0.0007 0.0007 0.0007 0.0009 0.0012 0.0018 0.0027 0.0038 0.0052 0.0049 0.0043 0.0058 0.0052 0.0077 0.0074 0.0062 0.0079 0.0042 0.0028 0.0025 0.0020 0.0021 0.0019 0.0019 0.0017 0.0014 0.0011 0.0016 0.0016 0.0016 0.0021 0.0026 0.0025 0.0023 0.0027 0.0022 0.0029 0.0028 0.0030 0.0028 0.0022 0.0018 0.0015 0.0013 0.0012 0.0011 0.0012 0.0012 0.0013 0.0010 0.0019 0.0015 0.0026 0.0035 0.0055 0.0061 0.0101 0.0087 0.0106 0.0123 0.0088 0.0092 0.0080 0.0060 0.0070 0.0057 0.0062 0.0073 0.0101 0.0147 0.0162 0.0158 0.0163 0.0244 0.0224 0.0264 0.0102 0.0129 0.0056 0.0040 0.0015 0.0013 0.0009 0.0012 0.0013 0.0018 0.0019 0.0024 0.0022 0.0026 0.0020 0.0023 0.0025 0.0033 0.0035 0.0026 0.0032 0.0047 0.0034 0.0025 0.0044 0.0078 0.0033 0.0033 0.0056 0.0063 0.0028 0.0035 0.0055 0.0044 0.0029 0.0022 0.0026 0.0024 0.0032 0.0033 0.0030 0.0029 0.0034 0.0036 0.0032 0.0039 0.0048 0.0055 0.0056 0.0064 0.0066 0.0042
0.0941 0.2129 0.8437 0.9994 1.0000 0.9995 0.8555 0.2905 0.1244 0.0558 0.0256 0.0157 0.0116 0.0081 0.0088 0.0134 0.0170 0.0287 0.0328 0.0239 0.0148 0.0102 0.0077 0.0054 0.0036 0.0056 0.0025 0.0017 0.0016 0.0014 0.0011 0.0010 0.0010 0.0009 0.0007 0.0006 0.0007 0.0007 0.0008 0.0010 0.0008 0.0010 0.0013 0.0019 0.0031 0.0043 0.0055 0.0051 0.0047 0.0060 0.0052 0.0075 0.0077 0.0071 0.0084 0.0046 0.0029 0.0029 0.0019 0.0022 0.0021 0.0021 0.0021 0.0016 0.0014 0.0017 0.0019 0.0019 0.0019 0.0028 0.0029 0.0030 0.0036 0.0027 0.0033 0.0032 0.0036 0.0037 0.0030 0.0023 0.0018 0.0015 0.0012 0.0012 0.0014 0.0012 0.0014 0.0010 0.0021 0.0016 0.0036 0.0040 0.0069 0.0073 0.0139 0.0126 0.0151 0.0160 0.0115 0.0111 0.0082 0.0060 0.0066 0.0052 0.0059 0.0072 0.0108 0.0186 0.0212 0.0237 0.0273 0.0388 0.0335 0.0315 0.0118 0.0129 0.0062 0.0048 0.0019 0.0018 0.0011 0.0016 0.0016 0.0022 0.0023 0.0028 0.0029 0.0030 0.0026 0.0027 0.0030 0.0041 0.0045 0.0031 0.0038 0.0069 0.0048 0.0028 0.0055 0.0104 0.0047 0.0041 0.0068 0.0084 0.0036 0.0039 0.0060 0.0054 0.0031 0.0025 0.0030 0.0027 0.0037 0.0038 0.0033 0.0035 0.0039 0.0038 0.0033 0.0041 0.0049 0.0060 0.0060 0.0068 0.0068 0.0043
0.0333 0.1867 0.3323 0.7434 0.9995 1.0000 0.9998 0.7702 0.1872 0.1090 0.0356 0.0212 0.0142 0.0107 0.0146 0.0265 0.0601 0.0557 0.0859 0.0421 0.0229 0.0294 0.0113 0.0106 0.0115 0.0099 0.0038 0.0021 0.0022 0.0016 0.0013 0.0016 0.0012 0.0011 0.0008 0.0007 0.0008 0.0010 0.0010 0.0013 0.0012 0.0021 0.0026 0.0041 0.0059 0.0070 0.0080 0.0064 0.0060 0.0071 0.0054 0.0069 0.0099 0.0115 0.0132 0.0078 0.0079 0.0054 0.0050 0.0038 0.0043 0.0029 0.0026 0.0029 0.0018 0.0022 0.0033 0.0030 0.0022 0.0029 0.0038 0.0041 0.0070 0.0037 0.0049 0.0043 0.0045 0.0067 0.0049 0.0039 0.0024 0.0017 0.0014 0.0013 0.0019 0.0021 0.0020 0.0025 0.0033 0.0039 0.0055 0.0088 0.0120 0.0157 0.0376 0.0296 0.0276 0.0285 0.0171 0.0162 0.0115 0.0070 0.0082 0.0051 0.0066 0.0082 0.0145 0.0254 0.0388 0.0464 0.0730 0.0626 0.0728 0.0505 0.0296 0.0263 0.0136 0.0093 0.0056 0.0032 0.0029 0.0027 0.0029 0.0030 0.0030 0.0048 0.0036 0.0050 0.0046 0.0037 0.0037 0.0049 0.0093 0.0064 0.0071 0.0149 0.0153 0.0084 0.0121 0.0336 0.0192 0.0097 0.0119 0.0262 0.0128 0.0068 0.0126 0.0127 0.0048 0.0033 0.0038 0.0034 0.0074 0.0091 0.0053 0.0055 0.0104 0.0071 0.0047 0.0060 0.0081 0.0102 0.0094 0.0124 0.0103 0.0050
0.0338 0.1049 0.3393 0.4381 0.8555 0.9998 1.0000 0.9998 0.7737 0.1655 0.0690 0.0247 0.0190 0.0132 0.0218 0.0548 0.0830 0.0633 0.0612 0.0285 0.0118 0.0140 0.0060 0.0052 0.0043 0.0045 0.0020 0.0014 0.0012 0.0011 0.0008 0.0010 0.0008 0.0007 0.0005 0.0004 0.0005 0.0006 0.0008 0.0010 0.0010 0.0013 0.0017 0.0025 0.0040 0.0054 0.0066 0.0068 0.0062 0.0073 0.0056 0.0066 0.0072 0.0069 0.0088 0.0059 0.0046 0.0048 0.0029 0.0031 0.0027 0.0022 0.0020 0.0021 0.0015 0.0022 0.0026 0.0023 0.0019 0.0025 0.0031 0.0033 0.0048 0.0030 0.0036 0.0034 0.0038 0.0044 0.0036 0.0030 0.0021 0.0014 0.0012 0.0012 0.0016 0.0016 0.0018 0.0012 0.0025 0.0019 0.0044 0.0050 0.0085 0.0113 0.0203 0.0237 0.0274 0.0244 0.0178 0.0159 0.0094 0.0059 0.0062 0.0047 0.0055 0.0069 0.0120 0.0261 0.0462 0.0607 0.0760 0.0713 0.0540 0.0355 0.0192 0.0166 0.0082 0.0063 0.0025 0.0023 0.0016 0.0021 0.0019 0.0022 0.0024 0.0027 0.0030 0.0036 0.0032 0.0033 0.0036 0.0047 0.0069 0.0047 0.0056 0.0104 0.0072 0.0038 0.0063 0.0166 0.0086 0.0053 0.0092 0.0162 0.0067 0.0047 0.0088 0.0084 0.0038 0.0030 0.0034 0.0030 0.0052 0.0058 0.0042 0.0044 0.0066 0.0058 0.0040 0.0054 0.0068 0.0085 0.0083 0.0098 0.0103 0.0052
0.0325 0.1213 0.2247 0.3047 0.2905 0.7702 0.9998 1.0000 0.9994 0.8108 0.1436 0.0811 0.0339 0.0295 0.0524 0.1033 0.1459 0.0906 0.0775 0.0303 0.0097 0.0147 0.0047 0.0055 0.0062 0.0054 0.0022 0.0012 0.0010 0.0009 0.0008 0.0009 0.0008 0.0005 0.0004 0.0003 0.0004 0.0005 0.0008 0.0010 0.0010 0.0015 0.0019 0.0029 0.0043 0.0058 0.0071 0.0071 0.0071 0.0073 0.0046 0.0044 0.0060 0.0071 0.0109 0.0089 0.0098 0.0087 0.0047 0.0045 0.0037 0.0026 0.0022 0.0022 0.0018 0.0023 0.0030 0.0027 0.0022 0.0024 0.0033 0.0035 0.0054 0.0033 0.0047 0.0040 0.0041 0.0053 0.0039 0.0032 0.0021 0.0012 0.0011 0.0011 0.0014 0.0016 0.0018 0.0017 0.0025 0.0031 0.0050 0.0077 0.0099 0.0143 0.0304 0.0334 0.0334 0.0280 0.0190 0.0156 0.0103 0.0064 0.0072 0.0047 0.0057 0.0092 0.0184 0.0399 0.0808 0.0926 0.1160 0.0784 0.0559 0.0340 0.0219 0.0178 0.0094 0.0069 0.0034 0.0025 0.0025 0.0025 0.0024 0.0024 0.0023 0.0031 0.0028 0.0038 0.0034 0.0032 0.0033 0.0043 0.0071 0.0060 0.0074 0.0133 0.0105 0.0060 0.0077 0.0196 0.0100 0.0074 0.0115 0.0240 0.0126 0.0072 0.0135 0.0137 0.0059 0.0036 0.0044 0.0038 0.0070 0.0069 0.0052 0.0058 0.0088 0.0069 0.0048 0.0064 0.0084 0.0111 0.0101 0.0128 0.0120 0.0057
0.0686 0.1666 0.2027 0.1831 0.1244 0.1872 0.7737 0.9994 1.0000 0.9994 0.7379 0.1857 0.1564 0.0669 0.0905 0.1224 0.1035 0.0415 0.0259 0.0102 0.0038 0.0030 0.0015 0.0014 0.0014 0.0011 0.0008 0.0007 0.0008 0.0006 0.0005 0.0006 0.0005 0.0005 0.0003 0.0003 0.0003 0.0004 0.0005 0.0007 0.0007 0.0009 0.0012 0.0016 0.0027 0.0045 0.0055 0.0065 0.0060 0.0063 0.0037 0.0033 0.0037 0.0051 0.0077 0.0075 0.0060 0.0089 0.0030 0.0034 0.0025 0.0020 0.0016 0.0016 0.0014 0.0019 0.0022 0.0021 0.0018 0.0024 0.0027 0.0028 0.0033 0.0026 0.0035 0.0033 0.0033 0.0032 0.0026 0.0021 0.0017 0.0011 0.0009 0.0009 0.0010 0.0009 0.0012 0.0009 0.0018 0.0014 0.0034 0.0038 0.0067 0.0079 0.0132 0.0168 0.0205 0.0164 0.0185 0.0135 0.0098 0.0077 0.0072 0.0058 0.0083 0.0139 0.0269 0.0453 0.0725 0.0761 0.0754 0.0457 0.0247 0.0189 0.0104 0.0102 0.0057 0.0048 0.0019 0.0018 0.0012 0.0016 0.0014 0.0017 0.0017 0.0020 0.0022 0.0025 0.0022 0.0022 0.0026 0.0034 0.0044 0.0030 0.0039 0.0069 0.0047 0.0028 0.0039 0.0082 0.0036 0.0030 0.0052 0.0103 0.0048 0.0044 0.0077 0.0067 0.0041 0.0031 0.0033 0.0032 0.0043 0.0041 0.0038 0.0040 0.0047 0.0045 0.0041 0.0054 0.0070 0.0096 0.0099 0.0112 0.0123 0.0059
0.0696 0.1399 0.1229 0.1102 0.0558 0.1090 0.1655 0.8108 0.9994 1.0000 0.9991 0.8391 0.3759 0.2424 0.1940 0.1758 0.1364 0.0389 0.0237 0.0077 0.0040 0.0026 0.0014 0.0012 0.0014 0.0010 0.0007 0.0007 0.0008 0.0007 0.0005 0.0007 0.0007 0.0004 0.0003 0.0003 0.0003 0.0005 0.0006 0.0008 0.0008 0.0011 0.0014 0.0022 0.0031 0.0038 0.0049 0.0058 0.0041 0.0036 0.0022 0.0021 0.0028 0.0047 0.0071 0.0126 0.0173 0.0324 0.0093 0.0102 0.0049 0.0030 0.0022 0.0019 0.0014 0.0016 0.0021 0.0020 0.0018 0.0023 0.0032 0.0032 0.0040 0.0033 0.0044 0.0038 0.0041 0.0038 0.0027 0.0022 0.0016 0.0010 0.0009 0.0008 0.0008 0.0008 0.0010 0.0010 0.0016 0.0019 0.0032 0.0044 0.0064 0.0088 0.0126 0.0152 0.0217 0.0170 0.0234 0.0191 0.0126 0.0119 0.0109 0.0077 0.0125 0.0241 0.0428 0.0522 0.0730 0.0559 0.0520 0.0327 0.0246 0.0215 0.0143 0.0144 0.0081 0.0062 0.0025 0.0022 0.0015 0.0021 0.0021 0.0020 0.0018 0.0025 0.0022 0.0027 0.0026 0.0024 0.0025 0.0035 0.0060 0.0046 0.0052 0.0113 0.0082 0.0047 0.0056 0.0148 0.0066 0.0036 0.0063 0.0147 0.0057 0.0044 0.0093 0.0075 0.0041 0.0032 0.0035 0.0031 0.0053 0.0049 0.0042 0.0051 0.0060 0.0062 0.0047 0.0065 0.0091 0.0123 0.0136 0.0152 0.0158 0.0066
0.0437 0.0835 0.0564 0.0410 0.0256 0.0356 0.0690 0.1436 0.7379 0.9991 1.0000 0.9991 0.7855 0.3783 0.3567 0.1734 0.0859 0.0244 0.0115 0.0046 0.0027 0.0016 0.0009 0.0008 0.0008 0.0007 0.0006 0.0007 0.0007 0.0006 0.0006 0.0005 0.0005 0.0004 0.0003 0.0003 0.0004 0.0004 0.0006 0.0008 0.0008 0.0010 0.0011 0.0016 0.0024 0.0030 0.0034 0.0037 0.0025 0.0025 0.0017 0.0015 0.0023 0.0036 0.0050 0.0100 0.0107 0.0178 0.0066 0.0083 0.0044 0.0034 0.0023 0.0019 0.0014 0.0015 0.0021 0.0022 0.0020 0.0025 0.0033 0.0034 0.0039 0.0035 0.0044 0.0037 0.0037 0.0032 0.0024 0.0018 0.0013 0.0008 0.0007 0.0007 0.0008 0.0007 0.0010 0.0009 0.0017 0.0016 0.0035 0.0047 0.0075 0.0110 0.0154 0.0177 0.0210 0.0147 0.0175 0.0157 0.0121 0.0145 0.0122 0.0114 0.0160 0.0230 0.0453 0.0452 0.0392 0.0242 0.0266 0.0236 0.0203 0.0203 0.0150 0.0147 0.0083 0.0062 0.0026 0.0022 0.0015 0.0022 0.0022 0.0023 0.0021 0.0026 0.0022 0.0026 0.0024 0.0023 0.0027 0.0036 0.0051 0.0041 0.0040 0.0068 0.0060 0.0036 0.0039 0.0093 0.0058 0.0041 0.0060 0.0178 0.0077 0.0053 0.0112 0.0105 0.0051 0.0038 0.0049 0.0043 0.0075 0.0066 0.0047 0.0056 0.0068 0.0064 0.0055 0.0072 0.0099 0.0141 0.0155 0.0171 0.0191 0.0081
0.0307 0.0557 0.0311 0.0246 0.0157 0.0212 0.0247 0.0811 0.1857 0.8391 0.9991 1.0000 0.9987 0.8325 0.5107 0.3048 0.0709 0.0254 0.0090 0.0037 0.0023 0.0011 0.0007 0.0005 0.0005 0.0005 0.0005 0.0005 0.0005 0.0005 0.0005 0.0005 0.0005 0.0003 0.0003 0.0003 0.0004 0.0005 0.0007 0.0009 0.0008 0.0010 0.0011 0.0012 0.0016 0.0021 0.0026 0.0024 0.0017 0.0017 0.0014 0.0012 0.0017 0.0026 0.0037 0.0090 0.0082 0.0182 0.0078 0.0133 0.0065 0.0052 0.0033 0.0022 0.0015 0.0014 0.0018 0.0019 0.0017 0.0023 0.0036 0.0038 0.0044 0.0041 0.0049 0.0038 0.0044 0.0036 0.0027 0.0017 0.0012 0.0007 0.0005 0.0006 0.0007 0.0005 0.0007 0.0007 0.0012 0.0014 0.0028 0.0039 0.0059 0.0073 0.0103 0.0107 0.0153 0.0111 0.0159 0.0147 0.0116 0.0153 0.0133 0.0139 0.0166 0.0218 0.0337 0.0250 0.0201 0.0146 0.0163 0.0161 0.0135 0.0141 0.0097 0.0106 0.0066 0.0054 0.0023 0.0025 0.0015 0.0022 0.0022 0.0022 0.0018 0.0019 0.0018 0.0022 0.0021 0.0021 0.0024 0.0032 0.0052 0.0040 0.0040 0.0074 0.0074 0.0033 0.0041 0.0088 0.0052 0.0034 0.0047 0.0115 0.0049 0.0038 0.0084 0.0074 0.0041 0.0032 0.0040 0.0034 0.0052 0.0044 0.0037 0.0045 0.0049 0.0052 0.0054 0.0075 0.0091 0.0124 0.0148 0.0151 0.0195 0.0091
0.0179 0.0279 0.0171 0.0144 0.0116 0.0142 0.0190 0.0339 0.1564 0.3759 0.7855 0.9987 1.0000 0.9977 0.8495 0.4054 0.1480 0.0300 0.0099 0.0037 0.0025 0.0013 0.0007 0.0006 0.0006 0.0005 0.0006 0.0007 0.0009 0.0007 0.0005 0.0005 0.0005 0.0004 0.0003 0.0004 0.0004 0.0005 0.0008 0.0010 0.0008 0.0010 0.0009 0.0010 0.0013 0.0016 0.0023 0.0019 0.0013 0.0014 0.0012 0.0010 0.0013 0.0019 0.0031 0.0077 0.0074 0.0151 0.0071 0.0105 0.0071 0.0060 0.0041 0.0022 0.0016 0.0014 0.0016 0.0019 0.0019 0.0023 0.0039 0.0045 0.0043 0.0045 0.0049 0.0047 0.0051 0.0039 0.0027 0.0016 0.0012 0.0008 0.0005 0.0006 0.0005 0.0005 0.0008 0.0007 0.0015 0.0014 0.0031 0.0045 0.0060 0.0072 0.0090 0.0103 0.0149 0.0106 0.0142 0.0131 0.0112 0.0139 0.0123 0.0124 0.0135 0.0146 0.0212 0.0164 0.0160 0.0128 0.0134 0.0143 0.0122 0.0116 0.0085 0.0087 0.0055 0.0047 0.0024 0.0024 0.0016 0.0022 0.0022 0.0021 0.0019 0.0019 0.0018 0.0023 0.0022 0.0021 0.0023 0.0032 0.0049 0.0040 0.0045 0.0070 0.0062 0.0032 0.0035 0.0077 0.0043 0.0033 0.0046 0.0107 0.0047 0.0043 0.0081 0.0074 0.0038 0.0031 0.0041 0.0038 0.0053 0.0046 0.0038 0.0051 0.0055 0.0060 0.0069 0.0092 0.0107 0.0132 0.0160 0.0176 0.0238 0.0110
0.0114 0.0172 0.0105 0.0099 0.0081 0.0107 0.0132 0.0295 0.0669 0.2424 0.3783 0.8325 0.9977 1.0000 0.9972 0.7663 0.1725 0.0735 0.0081 0.0044 0.0030 0.0016 0.0009 0.0007 0.0008 0.0008 0.0010 0.0010 0.0014 0.0010 0.0008 0.0007 0.0007 0.0006 0.0004 0.0005 0.0005 0.0007 0.0010 0.0012 0.0009 0.0012 0.0010 0.0011 0.0013 0.0016 0.0019 0.0017 0.0012 0.0012 0.0010 0.0009 0.0012 0.0019 0.0032 0.0085 0.0089 0.0212 0.0105 0.0149 0.0088 0.0085 0.0060 0.0028 0.0021 0.0019 0.0022 0.0023 0.0022 0.0029 0.0047 0.0055 0.0053 0.0058 0.0063 0.0054 0.0063 0.0048 0.0033 0.0018 0.0012 0.0007 0.0005 0.0006 0.0005 0.0005 0.0008 0.0007 0.0016 0.0015 0.0039 0.0050 0.0070 0.0088 0.0114 0.0117 0.0193 0.0112 0.0155 0.0139 0.0112 0.0149 0.0134 0.0115 0.0115 0.0099 0.0132 0.0116 0.0116 0.0127 0.0131 0.0165 0.0133 0.0122 0.0082 0.0082 0.0055 0.0056 0.0023 0.0034 0.0020 0.0028 0.0025 0.0022 0.0021 0.0022 0.0021 0.0025 0.0023 0.0022 0.0023 0.0027 0.0041 0.0036 0.0046 0.0064 0.0058 0.0030 0.0038 0.0070 0.0038 0.0033 0.0044 0.0088 0.0048 0.0045 0.0073 0.0076 0.0041 0.0036 0.0049 0.0043 0.0056 0.0054 0.0045 0.0061 0.0065 0.0081 0.0097 0.0142 0.0140 0.0173 0.0197 0.0204 0.0302 0.0134
0.0093 0.0177 0.0114 0.0109 0.0088 0.0146 0.0218 0.0524 0.0905 0.1940 0.3567 0.5107 0.8495 0.9972 1.0000 0.9958 0.7574 0.1156 0.0265 0.0052 0.0047 0.0027 0.0014 0.0014 0.0016 0.0014 0.0017 0.0016 0.0024 0.0018 0.0012 0.0011 0.0010 0.0008 0.0005 0.0005 0.0007 0.0010 0.0016 0.0025 0.0019 0.0027 0.0018 0.0022 0.0018 0.0022 0.0025 0.0019 0.0013 0.0011 0.0010 0.0009 0.0012 0.0023 0.0041 0.0076 0.0109 0.0239 0.0170 0.0321 0.0142 0.0127 0.0109 0.0046 0.0030 0.0030 0.0044 0.0044 0.0034 0.0048 0.0087 0.0106 0.0113 0.0110 0.0115 0.0093 0.0098 0.0085 0.0049 0.0027 0.0015 0.0008 0.0006 0.0006 0.0008 0.0009 0.0012 0.0015 0.0027 0.0038 0.0061 0.0101 0.0136 0.0199 0.0228 0.0248 0.0356 0.0193 0.0235 0.0217 0.0153 0.0188 0.0130 0.0105 0.0104 0.0108 0.0177 0.0188 0.0227 0.0203 0.0219 0.0209 0.0219 0.0182 0.0159 0.0132 0.0106 0.0093 0.0052 0.0055 0.0041 0.0046 0.0036 0.0027 0.0022 0.0031 0.0025 0.0039 0.0040 0.0029 0.0030 0.0033 0.0062 0.0055 0.0062 0.0100 0.0119 0.0054 0.0055 0.0130 0.0080 0.0049 0.0060 0.0133 0.0064 0.0052 0.0091 0.0103 0.0049 0.0038 0.0054 0.0051 0.0074 0.0073 0.0066 0.0118 0.0132 0.0153 0.0171 0.0249 0.0271 0.0323 0.0382 0.0367 0.0466 0.0181
0.0082 0.0186 0.0136 0.0131 0.0134 0.0265 0.0548 0.1033 0.1224 0.1758 0.1734 0.3048 0.4054 0.7663 0.9958 1.0000 0.9969 0.7914 0.0727 0.0258 0.0094 0.0068 0.0026 0.0030 0.0037 0.0029 0.0023 0.0021 0.0027 0.0022 0.0012 0.0013 0.0013 0.0008 0.0005 0.0005 0.0007 0.0010 0.0015 0.0023 0.0019 0.0040 0.0025 0.0038 0.0026 0.0027 0.0027 0.0019 0.0014 0.0012 0.0010 0.0010 0.0012 0.0028 0.0036 0.0085 0.0136 0.0254 0.0370 0.0501 0.0306 0.0222 0.0168 0.0088 0.0058 0.0041 0.0083 0.0073 0.0042 0.0058 0.0123 0.0147 0.0159 0.0113 0.0122 0.0103 0.0102 0.0101 0.0058 0.0031 0.0016 0.0009 0.0006 0.0007 0.0010 0.0012 0.0020 0.0022 0.0038 0.0053 0.0082 0.0155 0.0212 0.0341 0.0508 0.0417 0.0466 0.0292 0.0260 0.0241 0.0110 0.0116 0.0088 0.0049 0.0055 0.0064 0.0134 0.0146 0.0216 0.0278 0.0345 0.0338 0.0337 0.0303 0.0249 0.0228 0.0193 0.0209 0.0124 0.0100 0.0056 0.0058 0.0042 0.0031 0.0026 0.0041 0.0030 0.0048 0.0058 0.0036 0.0041 0.0038 0.0082 0.0067 0.0070 0.0113 0.0181 0.0068 0.0068 0.0164 0.0154 0.0093 0.0080 0.0217 0.0100 0.0064 0.0124 0.0154 0.0056 0.0040 0.0062 0.0061 0.0104 0.0111 0.0090 0.0170 0.0241 0.0217 0.0216 0.0334 0.0384 0.0482 0.0491 0.0543 0.0634 0.0223
0.0059 0.0227 0.0138 0.0132 0.0170 0.0601 0.0830 0.1459 0.1035 0.1364 0.0859 0.0709 0.1480 0.1725 0.7574 0.9969 1.0000 0.9980 0.8417 0.0887 0.0484 0.0397 0.0086 0.0117 0.0274 0.0130 0.0066 0.0041 0.0086 0.0047 0.0019 0.0025 0.0025 0.0009 0.0004 0.0004 0.0006 0.0009 0.0015 0.0030 0.0030 0.0131 0.0060 0.0135 0.0049 0.0038 0.0036 0.0021 0.0014 0.0014 0.0010 0.0011 0.0015 0.0042 0.0047 0.0082 0.0310 0.0231 0.0558 0.0542 0.0450 0.0259 0.0225 0.0267 0.0060 0.0057 0.0188 0.0164 0.0059 0.0066 0.0178 0.0199 0.0354 0.0143 0.0170 0.0120 0.0100 0.0142 0.0077 0.0044 0.0015 0.0007 0.0006 0.0005 0.0010 0.0015 0.0021 0.0055 0.0038 0.0156 0.0106 0.0352 0.0287 0.0598 0.0953 0.0763 0.0664 0.0702 0.0352 0.0364 0.0113 0.0121 0.0071 0.0027 0.0044 0.0086 0.0243 0.0295 0.0580 0.0633 0.0965 0.0412 0.0840 0.0429 0.0649 0.0326 0.0363 0.0204 0.0279 0.0097 0.0145 0.0066 0.0063 0.0032 0.0025 0.0083 0.0035 0.0091 0.0159 0.0050 0.0055 0.0047 0.0163 0.0115 0.0081 0.0160 0.0349 0.0190 0.0104 0.0498 0.0600 0.0289 0.0147 0.0636 0.0409 0.0105 0.0225 0.0442 0.0094 0.0058 0.0118 0.0111 0.0252 0.0333 0.0166 0.0294 0.0724 0.0424 0.0293 0.0520 0.0647 0.0829 0.0768 0.0865 0.0567 0.0157
0.0049 0.0158 0.0129 0.0177 0.0287 0.0557 0.0633 0.0906 0.0415 0.0389 0.0244 0.0254 0.0300 0.0735 0.1156 0.7914 0.9980 1.0000 0.9979 0.7810 0.1400 0.0980 0.0177 0.0181 0.0243 0.0095 0.0047 0.0041 0.0057 0.0028 0.0014 0.0014 0.0011 0.0007 0.0003 0.0004 0.0004 0.0007 0.0012 0.0016 0.0016 0.0044 0.0025 0.0046 0.0030 0.0035 0.0038 0.0025 0.0016 0.0015 0.0012 0.0012 0.0016 0.0035 0.0038 0.0053 0.0093 0.0067 0.0187 0.0210 0.0269 0.0217 0.0219 0.0148 0.0066 0.0066 0.0132 0.0125 0.0062 0.0083 0.0214 0.0215 0.0247 0.0173 0.0144 0.0116 0.0092 0.0098 0.0047 0.0026 0.0012 0.0007 0.0005 0.0005 0.0009 0.0011 0.0021 0.0018 0.0026 0.0042 0.0083 0.0253 0.0397 0.0468 0.0569 0.0359 0.0300 0.0291 0.0163 0.0166 0.0051 0.0042 0.0030 0.0017 0.0019 0.0029 0.0057 0.0088 0.0116 0.0137 0.0267 0.0178 0.0304 0.0214 0.0285 0.0169 0.0161 0.0082 0.0069 0.0029 0.0026 0.0023 0.0018 0.0015 0.0015 0.0025 0.0021 0.0032 0.0053 0.0030 0.0039 0.0039 0.0081 0.0050 0.0044 0.0089 0.0126 0.0057 0.0055 0.0169 0.0132 0.0079 0.0061 0.0236 0.0092 0.0049 0.0092 0.0165 0.0065 0.0038 0.0074 0.0079 0.0161 0.0182 0.0118 0.0255 0.0417 0.0333 0.0253 0.0402 0.0510 0.0716 0.0698 0.0628 0.0597 0.0201
0.0030 0.0145 0.0159 0.0184 0.0328 0.0859 0.0612 0.0775 0.0259 0.0237 0.0115 0.0090 0.0099 0.0081 0.0265 0.0727 0.8417 0.9979 1.0000 0.9981 0.8178 0.4989 0.1261 0.0999 0.2223 0.0848 0.0277 0.0116 0.0230 0.0074 0.0025 0.0037 0.0022 0.0008 0.0004 0.0003 0.0005 0.0005 0.0009 0.0016 0.0020 0.0138 0.0081 0.0330 0.0113 0.0087 0.0078 0.0032 0.0022 0.0022 0.0014 0.0015 0.0024 0.0068 0.0058 0.0057 0.0279 0.0088 0.0541 0.0309 0.0469 0.0227 0.0274 0.0644 0.0125 0.0116 0.0548 0.0406 0.0080 0.0095 0.0280 0.0208 0.0554 0.0158 0.0157 0.0084 0.0071 0.0137 0.0069 0.0045 0.0014 0.0007 0.0005 0.0004 0.0009 0.0017 0.0020 0.0071 0.0047 0.0283 0.0166 0.0720 0.0538 0.0781 0.1402 0.1031 0.0510 0.0723 0.0198 0.0149 0.0043 0.0028 0.0024 0.0012 0.0016 0.0030 0.0071 0.0170 0.0300 0.0336 0.0889 0.0347 0.1125 0.0466 0.1089 0.0441 0.0598 0.0247 0.0566 0.0097 0.0175 0.0054 0.0043 0.0019 0.0016 0.0053 0.0023 0.0051 0.0136 0.0035 0.0044 0.0043 0.0192 0.0122 0.0074 0.0182 0.0501 0.0341 0.0169 0.0827 0.1094 0.0467 0.0232 0.1153 0.0783 0.0150 0.0334 0.0680 0.0148 0.0072 0.0138 0.0147 0.0432 0.0693 0.0240 0.0413 0.1269 0.0709 0.0296 0.0517 0.0715 0.0923 0.0669 0.0809 0.0490 0.0125
0.0027 0.0082 0.0105 0.0128 0.0239 0.0421 0.0285 0.0303 0.0102 0.0077 0.0046 0.0037 0.0037 0.0044 0.0052 0.0258 0.0887 0.7810 0.9981 1.0000 0.9990 0.8457 0.2632 0.2149 0.2120 0.0966 0.0269 0.0147 0.0134 0.0049 0.0027 0.0029 0.0017 0.0010 0.0005 0.0004 0.0005 0.0005 0.0007 0.0012 0.0015 0.0047 0.0041 0.0126 0.0084 0.0090 0.0098 0.0054 0.0039 0.0035 0.0023 0.0022 0.0030 0.0068 0.0054 0.0046 0.0098 0.0048 0.0138 0.0100 0.0168 0.0098 0.0158 0.0254 0.0109 0.0102 0.0320 0.0351 0.0113 0.0137 0.0311 0.0197 0.0269 0.0138 0.0136 0.0086 0.0071 0.0088 0.0049 0.0033 0.0017 0.0008 0.0007 0.0006 0.0009 0.0012 0.0020 0.0029 0.0035 0.0070 0.0106 0.0310 0.0320 0.0347 0.0532 0.0521 0.0329 0.0472 0.0154 0.0120 0.0047 0.0030 0.0024 0.0014 0.0016 0.0027 0.0054 0.0140 0.0166 0.0201 0.0424 0.0214 0.0484 0.0291 0.0446 0.0272 0.0281 0.0120 0.0134 0.0042 0.0044 0.0027 0.0019 0.0014 0.0014 0.0026 0.0019 0.0032 0.0055 0.0025 0.0030 0.0032 0.0120 0.0070 0.0054 0.0170 0.0303 0.0132 0.0130 0.0570 0.0394 0.0205 0.0222 0.0700 0.0316 0.0115 0.0241 0.0387 0.0136 0.0071 0.0120 0.0129 0.0343 0.0461 0.0214 0.0363 0.0750 0.0481 0.0256 0.0347 0.0450 0.0575 0.0446 0.0507 0.0428 0.0131
0.0027 0.0064 0.0063 0.0081 0.0148 0.0229 0.0118 0.0097 0.0038 0.0040 0.0027 0.0023 0.0025 0.0030 0.0047 0.0094 0.0484 0.1400 0.8178 0.9990 1.0000 0.9967 0.7041 0.3113 0.4104 0.1321 0.0292 0.0154 0.0179 0.0047 0.0021 0.0019 0.0012 0.0008 0.0004 0.0003 0.0003 0.0003 0.0005 0.0008 0.0012 0.0031 0.0030 0.0093 0.0080 0.0083 0.0099 0.0058 0.0038 0.0038 0.0023 0.0023 0.0030 0.0056 0.0041 0.0039 0.0074 0.0036 0.0089 0.0074 0.0117 0.0082 0.0109 0.0219 0.0101 0.0081 0.0219 0.0243 0.0097 0.0115 0.0221 0.0157 0.0206 0.0119 0.0114 0.0081 0.0072 0.0074 0.0034 0.0023 0.0013 0.0007 0.0006 0.0005 0.0007 0.0010 0.0014 0.0021 0.0020 0.0044 0.0067 0.0181 0.0175 0.0171 0.0247 0.0325 0.0203 0.0293 0.0110 0.0097 0.0044 0.0027 0.0023 0.0014 0.0016 0.0030 0.0052 0.0133 0.0115 0.0110 0.0240 0.0128 0.0291 0.0191 0.0303 0.0208 0.0228 0.0098 0.0097 0.0030 0.0031 0.0019 0.0014 0.0012 0.0010 0.0015 0.0015 0.0019 0.0029 0.0017 0.0018 0.0022 0.0082 0.0041 0.0034 0.0158 0.0210 0.0071 0.0076 0.0362 0.0223 0.0109 0.0155 0.0559 0.0200 0.0080 0.0193 0.0306 0.0118 0.0069 0.0109 0.0113 0.0267 0.0307 0.0141 0.0241 0.0454 0.0281 0.0156 0.0194 0.0226 0.0291 0.0263 0.0298 0.0296 0.0097
0.0021 0.0059 0.0055 0.0065 0.0102 0.0294 0.0140 0.0147 0.0030 0.0026 0.0016 0.0011 0.0013 0.0016 0.0027 0.0068 0.0397 0.0980 0.4989 0.8457 0.9967 1.0000 0.9917 0.9133 0.7846 0.6039 0.0860 0.0305 0.0273 0.0139 0.0041 0.0053 0.0022 0.0014 0.0007 0.0005 0.0004 0.0004 0.0005 0.0011 0.0019 0.0088 0.0124 0.0388 0.0270 0.0164 0.0185 0.0081 0.0062 0.0054 0.0031 0.0029 0.0042 0.0111 0.0083 0.0071 0.0358 0.0087 0.0447 0.0198 0.0410 0.0125 0.0181 0.0567 0.0131 0.0094 0.0427 0.0316 0.0080 0.0077 0.0160 0.0110 0.0298 0.0083 0.0104 0.0073 0.0073 0.0115 0.0048 0.0030 0.0012 0.0006 0.0005 0.0004 0.0007 0.0012 0.0015 0.0049 0.0038 0.0184 0.0111 0.0400 0.0203 0.0307 0.0602 0.0677 0.0355 0.0667 0.0141 0.0110 0.0042 0.0027 0.0025 0.0012 0.0016 0.0032 0.0074 0.0272 0.0308 0.0291 0.0733 0.0258 0.0774 0.0317 0.0783 0.0407 0.0507 0.0228 0.0470 0.0101 0.0156 0.0047 0.0033 0.0016 0.0013 0.0033 0.0018 0.0031 0.0060 0.0018 0.0014 0.0019 0.0109 0.0071 0.0041 0.0189 0.0538 0.0300 0.0192 0.1154 0.1343 0.0486 0.0458 0.1966 0.0897 0.0203 0.0588 0.0839 0.0173 0.0085 0.0145 0.0119 0.0458 0.0607 0.0181 0.0252 0.0848 0.0400 0.0148 0.0192 0.0248 0.0291 0.0195 0.0286 0.0188 0.0059
0.0019 0.0052 0.0049 0.0057 0.0077 0.0113 0.0060 0.0047 0.0015 0.0014 0.0009 0.0007 0.0007 0.0009 0.0014 0.0026 0.0086 0.0177 0.1261 0.2632 0.7041 0.9917 1.0000 0.9980 0.8943 0.7364 0.5763 0.0529 0.0218 0.0159 0.0079 0.0043 0.0022 0.0016 0.0009 0.0007 0.0007 0.0005 0.0007 0.0011 0.0018 0.0047 0.0076 0.0203 0.0214 0.0198 0.0243 0.0137 0.0093 0.0084 0.0050 0.0042 0.0045 0.0095 0.0082 0.0062 0.0185 0.0067 0.0169 0.0126 0.0214 0.0126 0.0151 0.0246 0.0140 0.0103 0.0218 0.0244 0.0100 0.0083 0.0145 0.0105 0.0126 0.0066 0.0071 0.0048 0.0047 0.0059 0.0037 0.0023 0.0012 0.0007 0.0005 0.0005 0.0007 0.0010 0.0012 0.0020 0.0022 0.0059 0.0065 0.0177 0.0139 0.0144 0.0195 0.0266 0.0194 0.0384 0.0180 0.0214 0.0108 0.0071 0.0047 0.0018 0.0027 0.0057 0.0112 0.0293 0.0172 0.0127 0.0260 0.0125 0.0282 0.0210 0.0346 0.0277 0.0263 0.0125 0.0114 0.0043 0.0044 0.0027 0.0023 0.0018 0.0015 0.0024 0.0022 0.0027 0.0032 0.0015 0.0015 0.0019 0.0058 0.0039 0.0037 0.0131 0.0246 0.0130 0.0104 0.0547 0.0309 0.0130 0.0192 0.0710 0.0221 0.0109 0.0285 0.0354 0.0104 0.0071 0.0117 0.0100 0.0258 0.0279 0.0121 0.0162 0.0301 0.0166 0.0089 0.0100 0.0116 0.0149 0.0116 0.0150 0.0133 0.0052
0.0016 0.0045 0.0034 0.0040 0.0054 0.0106 0.0052 0.0055 0.0014 0.0012 0.0008 0.0005 0.0006 0.0007 0.0014 0.0030 0.0117 0.0181 0.0999 0.2149 0.3113 0.9133 0.9980 1.0000 0.9987 0.9283 0.7578 0.5588 0.0481 0.0261 0.0178 0.0166 0.0039 0.0026 0.0012 0.0008 0.0009 0.0007 0.0008 0.0014 0.0022 0.0067 0.0101 0.0334 0.0430 0.0354 0.0434 0.0195 0.0140 0.0126 0.0066 0.0060 0.0064 0.0137 0.0109 0.0091 0.0292 0.0099 0.0242 0.0135 0.0195 0.0088 0.0095 0.0186 0.0069 0.0063 0.0170 0.0138 0.0059 0.0056 0.0103 0.0088 0.0139 0.0058 0.0065 0.0043 0.0040 0.0058 0.0040 0.0030 0.0012 0.0007 0.0006 0.0005 0.0009 0.0015 0.0019 0.0058 0.0042 0.0166 0.0085 0.0250 0.0159 0.0216 0.0337 0.0390 0.0293 0.0541 0.0188 0.0211 0.0081 0.0052 0.0038 0.0015 0.0022 0.0041 0.0096 0.0218 0.0208 0.0206 0.0365 0.0158 0.0429 0.0262 0.0485 0.0337 0.0329 0.0177 0.0234 0.0094 0.0125 0.0058 0.0044 0.0025 0.0022 0.0048 0.0028 0.0059 0.0082 0.0030 0.0017 0.0037 0.0182 0.0096 0.0062 0.0305 0.0703 0.0336 0.0233 0.1241 0.1042 0.0388 0.0392 0.1639 0.0576 0.0198 0.0622 0.0709 0.0157 0.0098 0.0174 0.0135 0.0450 0.0428 0.0118 0.0169 0.0452 0.0186 0.0085 0.0097 0.0116 0.0166 0.0121 0.0180 0.0124 0.0047
0.0014 0.0052 0.0025 0.0026 0.0036 0.0115 0.0043 0.0062 0.0014 0.0014 0.0008 0.0005 0.0006 0.0008 0.0016 0.0037 0.0274 0.0243 0.2223 0.2120 0.4104 0.7846 0.8943 0.9987 1.0000 0.9992 0.9119 0.6751 0.5080 0.0551 0.0294 0.0499 0.0119 0.0043 0.0014 0.0011 0.0012 0.0008 0.0009 0.0016 0.0038 0.0148 0.0257 0.0641 0.0702 0.0464 0.0548 0.0192 0.0142 0.0121 0.0058 0.0065 0.0071 0.0176 0.0122 0.0099 0.0463 0.0123 0.0449 0.0182 0.0355 0.0085 0.0120 0.0441 0.0079 0.0066 0.0272 0.0215 0.0052 0.0048 0.0094 0.0074 0.0192 0.0049 0.0065 0.0039 0.0036 0.0066 0.0038 0.0030 0.0012 0.0007 0.0007 0.0005 0.0011 0.0021 0.0026 0.0116 0.0056 0.0315 0.0119 0.0428 0.0204 0.0301 0.0539 0.0615 0.0289 0.0636 0.0148 0.0161 0.0054 0.0036 0.0030 0.0012 0.0016 0.0028 0.0071 0.0176 0.0347 0.0236 0.0564 0.0215 0.0835 0.0356 0.0833 0.0416 0.0538 0.0319 0.0777 0.0200 0.0314 0.0090 0.0071 0.0034 0.0031 0.0076 0.0037 0.0095 0.0159 0.0041 0.0020 0.0044 0.0282 0.0121 0.0050 0.0215 0.0882 0.0464 0.0206 0.1270 0.1836 0.0673 0.0447 0.2406 0.1391 0.0266 0.0723 0.1143 0.0148 0.0081 0.0166 0.0120 0.0473 0.0597 0.0109 0.0153 0.0646 0.0203 0.0066 0.0087 0.0115 0.0176 0.0114 0.0192 0.0116 0.0042
0.0018 0.0135 0.0057 0.0038 0.0056 0.0099 0.0045 0.0054 0.0011 0.0010 0.0007 0.0005 0.0005 0.0008 0.0014 0.0029 0.0130 0.0095 0.0848 0.0966 0.1321 0.6039 0.7364 0.9283 0.9992 1.0000 0.9991 0.8995 0.6498 0.4887 0.0599 0.0613 0.0263 0.0102 0.0023 0.0014 0.0014 0.0012 0.0013 0.0025 0.0075 0.0244 0.0454 0.0747 0.0948 0.0617 0.0730 0.0278 0.0216 0.0152 0.0076 0.0096 0.0102 0.0220 0.0142 0.0115 0.0492 0.0145 0.0456 0.0291 0.0516 0.0154 0.0201 0.0538 0.0147 0.0085 0.0278 0.0194 0.0051 0.0046 0.0080 0.0064 0.0158 0.0046 0.0060 0.0036 0.0031 0.0058 0.0034 0.0030 0.0014 0.0008 0.0009 0.0008 0.0012 0.0019 0.0022 0.0061 0.0040 0.0145 0.0089 0.0322 0.0162 0.0189 0.0305 0.0443 0.0339 0.0620 0.0217 0.0273 0.0093 0.0066 0.0045 0.0016 0.0031 0.0053 0.0234 0.0255 0.0395 0.0272 0.0301 0.0109 0.0442 0.0247 0.0573 0.0399 0.0558 0.0320 0.0492 0.0195 0.0203 0.0085 0.0060 0.0036 0.0033 0.0057 0.0040 0.0083 0.0105 0.0059 0.0024 0.0039 0.0197 0.0074 0.0049 0.0143 0.0407 0.0233 0.0105 0.0486 0.0512 0.0259 0.0176 0.0944 0.0500 0.0139 0.0357 0.0655 0.0112 0.0060 0.0095 0.0076 0.0237 0.0250 0.0074 0.0081 0.0220 0.0100 0.0048 0.0060 0.0072 0.0113 0.0082 0.0147 0.0097 0.0043
0.0015 0.0042 0.0022 0.0015 0.0025 0.0038 0.0020 0.0022 0.0008 0.0007 0.0006 0.0005 0.0006 0.0010 0.0017 0.0023 0.0066 0.0047 0.0277 0.0269 0.0292 0.0860 0.5763 0.7578 0.9119 0.9991 1.0000 0.9991 0.8655 0.5979 0.4220 0.0963 0.0354 0.0178 0.0054 0.0019 0.0018 0.0015 0.0019 0.0038 0.0099 0.0384 0.0574 0.1213 0.1453 0.0961 0.0995 0.0354 0.0265 0.0177 0.0077 0.0104 0.0111 0.0256 0.0193 0.0167 0.0642 0.0194 0.0513 0.0225 0.0305 0.0127 0.0133 0.0213 0.0083 0.0063 0.0149 0.0097 0.0041 0.0036 0.0056 0.0038 0.0060 0.0029 0.0034 0.0025 0.0023 0.0034 0.0029 0.0032 0.0015 0.0009 0.0010 0.0009 0.0015 0.0029 0.0034 0.0075 0.0045 0.0139 0.0089 0.0239 0.0140 0.0149 0.0215 0.0256 0.0250 0.0505 0.0293 0.0304 0.0113 0.0065 0.0043 0.0017 0.0038 0.0048 0.0143 0.0214 0.0314 0.0245 0.0228 0.0087 0.0261 0.0184 0.0368 0.0327 0.0454 0.0326 0.0431 0.0232 0.0234 0.0101 0.0081 0.0044 0.0042 0.0083 0.0054 0.0153 0.0188 0.0097 0.0035 0.0062 0.0329 0.0144 0.0094 0.0204 0.0595 0.0441 0.0184 0.0443 0.0435 0.0250 0.0152 0.0494 0.0243 0.0095 0.0254 0.0472 0.0130 0.0066 0.0093 0.0076 0.0195 0.0179 0.0056 0.0058 0.0117 0.0059 0.0035 0.0044 0.0051 0.0071 0.0057 0.0090 0.0073 0.0038
0.0012 0.0022 0.0013 0.0012 0.0017 0.0021 0.0014 0.0012 0.0007 0.0007 0.0007 0.0005 0.0007 0.0010 0.0016 0.0021 0.0041 0.0041 0.0116 0.0147 0.0154 0.0305 0.0529 0.5588 0.6751 0.8995 0.9991 1.0000 0.9990 0.8670 0.5436 0.4111 0.0521 0.0252 0.0102 0.0041 0.0024 0.0019 0.0022 0.0033 0.0082 0.0216 0.0419 0.0711 0.1058 0.0824 0.0828 0.0341 0.0230 0.0154 0.0077 0.0102 0.0102 0.0224 0.0162 0.0140 0.0258 0.0128 0.0189 0.0132 0.0168 0.0096 0.0094 0.0126 0.0069 0.0052 0.0078 0.0058 0.0030 0.0030 0.0043 0.0033 0.0041 0.0022 0.0030 0.0022 0.0020 0.0026 0.0023 0.0022 0.0013 0.0009 0.0010 0.0010 0.0014 0.0021 0.0027 0.0032 0.0030 0.0058 0.0062 0.0138 0.0103 0.0103 0.0107 0.0129 0.0082 0.0152 0.0074 0.0104 0.0061 0.0033 0.0029 0.0014 0.0025 0.0031 0.0053 0.0059 0.0093 0.0052 0.0075 0.0052 0.0180 0.0122 0.0225 0.0198 0.0217 0.0192 0.0191 0.0144 0.0104 0.0072 0.0049 0.0039 0.0038 0.0052 0.0050 0.0117 0.0095 0.0098 0.0032 0.0057 0.0202 0.0059 0.0047 0.0139 0.0259 0.0141 0.0101 0.0249 0.0192 0.0117 0.0144 0.0435 0.0206 0.0088 0.0245 0.0535 0.0182 0.0083 0.0110 0.0072 0.0163 0.0169 0.0051 0.0046 0.0082 0.0038 0.0023 0.0026 0.0032 0.0043 0.0036 0.0054 0.0050 0.0032
0.0013 0.0021 0.0014 0.0014 0.0016 0.0022 0.0012 0.0010 0.0008 0.0008 0.0007 0.0005 0.0009 0.0014 0.0024 0.0027 0.0086 0.0057 0.0230 0.0134 0.0179 0.0273 0.0218 0.0481 0.5080 0.6498 0.8655 0.9990 1.0000 0.9990 0.8576 0.6260 0.3536 0.0496 0.0201 0.0098 0.0072 0.0039 0.0038 0.0061 0.0176 0.0339 0.0761 0.0983 0.1173 0.0852 0.0769 0.0296 0.0186 0.0121 0.0061 0.0079 0.0078 0.0208 0.0169 0.0132 0.0322 0.0154 0.0318 0.0237 0.0347 0.0146 0.0149 0.0248 0.0099 0.0060 0.0100 0.0058 0.0026 0.0024 0.0033 0.0030 0.0055 0.0028 0.0036 0.0024 0.0026 0.0049 0.0033 0.0033 0.0017 0.0010 0.0011 0.0010 0.0014 0.0022 0.0026 0.0036 0.0031 0.0068 0.0079 0.0175 0.0134 0.0116 0.0152 0.0137 0.0090 0.0170 0.0076 0.0100 0.0053 0.0030 0.0025 0.0012 0.0018 0.0021 0.0045 0.0055 0.0091 0.0058 0.0069 0.0043 0.0109 0.0099 0.0178 0.0161 0.0204 0.0206 0.0230 0.0190 0.0159 0.0097 0.0070 0.0054 0.0046 0.0080 0.0071 0.0170 0.0123 0.0153 0.0032 0.0050 0.0187 0.0049 0.0030 0.0093 0.0181 0.0079 0.0068 0.0196 0.0175 0.0083 0.0107 0.0410 0.0191 0.0068 0.0134 0.0309 0.0111 0.0049 0.0066 0.0042 0.0094 0.0104 0.0038 0.0032 0.0057 0.0030 0.0018 0.0020 0.0023 0.0032 0.0028 0.0044 0.0040 0.0027
0.0014 0.0019 0.0016 0.0014 0.0014 0.0016 0.0011 0.0009 0.0006 0.0007 0.0006 0.0005 0.0007 0.0010 0.0018 0.0022 0.0047 0.0028 0.0074 0.0049 0.0047 0.0139 0.0159 0.0261 0.0551 0.4887 0.5979 0.8670 0.9990 1.0000 0.9991 0.8563 0.4944 0.2957 0.0420 0.0212 0.0209 0.0115 0.0070 0.0110 0.0384 0.0647 0.1103 0.1460 0.1713 0.1015 0.0815 0.0324 0.0181 0.0109 0.0058 0.0082 0.0083 0.0205 0.0146 0.0143 0.0368 0.0210 0.0370 0.0334 0.0427 0.0228 0.0212 0.0184 0.0112 0.0061 0.0076 0.0050 0.0026 0.0021 0.0025 0.0020 0.0030 0.0020 0.0022 0.0019 0.0022 0.0035 0.0034 0.0032 0.0016 0.0010 0.0012 0.0012 0.0018 0.0025 0.0032 0.0055 0.0040 0.0072 0.0076 0.0166 0.0127 0.0097 0.0125 0.0121 0.0132 0.0204 0.0106 0.0130 0.0064 0.0034 0.0026 0.0012 0.0018 0.0029 0.0059 0.0074 0.0101 0.0080 0.0081 0.0037 0.0070 0.0071 0.0121 0.0149 0.0224 0.0255 0.0242 0.0295 0.0188 0.0139 0.0084 0.0068 0.0047 0.0076 0.0086 0.0170 0.0093 0.0124 0.0032 0.0045 0.0138 0.0040 0.0025 0.0069 0.0112 0.0066 0.0053 0.0113 0.0105 0.0063 0.0062 0.0180 0.0098 0.0043 0.0071 0.0143 0.0066 0.0033 0.0041 0.0027 0.0051 0.0048 0.0027 0.0021 0.0030 0.0018 0.0011 0.0013 0.0016 0.0025 0.0025 0.0039 0.0036 0.0024
0.0013 0.0015 0.0012 0.0010 0.0011 0.0013 0.0008 0.0008 0.0005 0.0005 0.0006 0.0005 0.0005 0.0008 0.0012 0.0012 0.0019 0.0014 0.0025 0.0027 0.0021 0.0041 0.0079 0.0178 0.0294 0.0599 0.4220 0.5436 0.8576 0.9991 1.0000 0.9991 0.8448 0.4064 0.2688 0.0450 0.0308 0.0175 0.0093 0.0128 0.0538 0.0777 0.1470 0.1792 0.2019 0.1071 0.0724 0.0274 0.0165 0.0086 0.0055 0.0089 0.0098 0.0203 0.0139 0.0167 0.0314 0.0185 0.0228 0.0199 0.0197 0.0122 0.0104 0.0073 0.0063 0.0041 0.0041 0.0028 0.0020 0.0015 0.0018 0.0015 0.0016 0.0012 0.0014 0.0014 0.0015 0.0020 0.0024 0.0025 0.0016 0.0010 0.0012 0.0012 0.0018 0.0022 0.0032 0.0037 0.0039 0.0044 0.0062 0.0096 0.0084 0.0067 0.0083 0.0116 0.0111 0.0184 0.0081 0.0084 0.0030 0.0014 0.0014 0.0008 0.0008 0.0010 0.0022 0.0030 0.0060 0.0041 0.0057 0.0025 0.0045 0.0042 0.0055 0.0079 0.0104 0.0146 0.0110 0.0176 0.0112 0.0128 0.0078 0.0081 0.0055 0.0074 0.0093 0.0152 0.0083 0.0103 0.0029 0.0036 0.0094 0.0036 0.0021 0.0052 0.0081 0.0044 0.0037 0.0083 0.0071 0.0040 0.0045 0.0119 0.0057 0.0036 0.0059 0.0101 0.0045 0.0030 0.0037 0.0024 0.0036 0.0034 0.0018 0.0015 0.0019 0.0012 0.0009 0.0010 0.0012 0.0020 0.0021 0.0032 0.0030 0.0021
0.0012 0.0015 0.0011 0.0010 0.0010 0.0016 0.0010 0.0009 0.0006 0.0007 0.0005 0.0005 0.0005 0.0007 0.0011 0.0013 0.0025 0.0014 0.0037 0.0029 0.0019 0.0053 0.0043 0.0166 0.0499 0.0613 0.0963 0.4111 0.6260 0.8563 0.9991 1.0000 0.9993 0.8531 0.3629 0.2100 0.0661 0.0373 0.0158 0.0284 0.1220 0.2685 0.4128 0.4047 0.2939 0.1029 0.0529 0.0137 0.0103 0.0059 0.0037 0.0063 0.0089 0.0302 0.0234 0.0410 0.1469 0.0521 0.1039 0.0375 0.0457 0.0153 0.0139 0.0152 0.0069 0.0044 0.0069 0.0040 0.0018 0.0014 0.0016 0.0015 0.0026 0.0011 0.0015 0.0015 0.0016 0.0025 0.0027 0.0028 0.0016 0.0010 0.0012 0.0012 0.0021 0.0041 0.0052 0.0103 0.0098 0.0135 0.0106 0.0170 0.0091 0.0087 0.0147 0.0183 0.0110 0.0154 0.0040 0.0029 0.0013 0.0008 0.0010 0.0005 0.0007 0.0008 0.0015 0.0028 0.0076 0.0057 0.0094 0.0028 0.0084 0.0050 0.0104 0.0117 0.0176 0.0261 0.0325 0.0412 0.0453 0.0336 0.0247 0.0118 0.0088 0.0210 0.0138 0.0372 0.0179 0.0103 0.0032 0.0031 0.0159 0.0075 0.0026 0.0058 0.0192 0.0092 0.0048 0.0127 0.0153 0.0056 0.0044 0.0153 0.0121 0.0037 0.0052 0.0097 0.0028 0.0016 0.0024 0.0016 0.0031 0.0041 0.0014 0.0011 0.0019 0.0011 0.0007 0.0008 0.0013 0.0019 0.0020 0.0036 0.0032 0.0021
0.0012 0.0014 0.0011 0.0009 0.0010 0.0012 0.0008 0.0008 0.0005 0.0007 0.0005 0.0005 0.0005 0.0007 0.0010 0.0013 0.0025 0.0011 0.0022 0.0017 0.0012 0.0022 0.0022 0.0039 0.0119 0.0263 0.0354 0.0521 0.3536 0.4944 0.8448 0.9993 1.0000 0.9994 0.8290 0.3537 0.3272 0.1021 0.0312 0.0501 0.1964 0.2479 0.3896 0.2331 0.1755 0.0356 0.0222 0.0055 0.0044 0.0025 0.0022 0.0029 0.0033 0.0104 0.0060 0.0159 0.0279 0.0305 0.0553 0.0353 0.0361 0.0145 0.0121 0.0103 0.0053 0.0036 0.0042 0.0026 0.0014 0.0012 0.0011 0.0011 0.0016 0.0009 0.0010 0.0011 0.0013 0.0018 0.0020 0.0019 0.0015 0.0010 0.0012 0.0012 0.0021 0.0032 0.0044 0.0049 0.0066 0.0065 0.0071 0.0099 0.0078 0.0066 0.0092 0.0097 0.0066 0.0044 0.0020 0.0012 0.0008 0.0006 0.0008 0.0005 0.0005 0.0007 0.0009 0.0012 0.0019 0.0019 0.0037 0.0016 0.0035 0.0021 0.0045 0.0063 0.0092 0.0174 0.0145 0.0343 0.0247 0.0317 0.0186 0.0150 0.0115 0.0187 0.0216 0.0310 0.0110 0.0071 0.0024 0.0023 0.0068 0.0040 0.0019 0.0031 0.0068 0.0034 0.0023 0.0040 0.0041 0.0021 0.0016 0.0032 0.0022 0.0015 0.0020 0.0033 0.0012 0.0009 0.0010 0.0009 0.0013 0.0012 0.0007 0.0006 0.0010 0.0007 0.0004 0.0006 0.0009 0.0012 0.0014 0.0023 0.0023 0.0019
0.0011 0.0012 0.0011 0.0009 0.0009 0.0011 0.0007 0.0005 0.0005 0.0004 0.0004 0.0003 0.0004 0.0006 0.0008 0.0008 0.0009 0.0007 0.0008 0.0010 0.0008 0.0014 0.0016 0.0026 0.0043 0.0102 0.0178 0.0252 0.0496 0.2957 0.4064 0.8531 0.9994 1.0000 0.9992 0.8603 0.5523 0.3611 0.0873 0.1028 0.4019 0.3855 0.4804 0.1927 0.0755 0.0122 0.0077 0.0024 0.0019 0.0014 0.0014 0.0020 0.0025 0.0088 0.0060 0.0281 0.0351 0.0578 0.0914 0.0475 0.0431 0.0184 0.0159 0.0101 0.0058 0.0035 0.0036 0.0022 0.0014 0.0011 0.0010 0.0008 0.0010 0.0008 0.0009 0.0010 0.0010 0.0014 0.0016 0.0015 0.0012 0.0010 0.0014 0.0015 0.0028 0.0045 0.0071 0.0067 0.0099 0.0061 0.0090 0.0077 0.0097 0.0061 0.0082 0.0066 0.0053 0.0029 0.0014 0.0008 0.0005 0.0005 0.0005 0.0004 0.0005 0.0005 0.0006 0.0009 0.0012 0.0010 0.0018 0.0009 0.0019 0.0012 0.0025 0.0032 0.0065 0.0170 0.0146 0.0404 0.0257 0.0448 0.0307 0.0252 0.0161 0.0250 0.0230 0.0277 0.0087 0.0067 0.0026 0.0019 0.0047 0.0030 0.0016 0.0020 0.0030 0.0018 0.0015 0.0020 0.0022 0.0013 0.0010 0.0015 0.0013 0.0008 0.0010 0.0014 0.0007 0.0005 0.0005 0.0005 0.0007 0.0007 0.0004 0.0005 0.0006 0.0005 0.0003 0.0004 0.0008 0.0010 0.0011 0.0017 0.0018 0.0017
