1.0000 0.9983 0.8814 0.7577 0.8706 0.2725 0.0270 0.0186 0.0219 0.0010 0.0003 0.0002 0.0004 0.0004 0.0003 0.0002 0.0002 0.0002 0.0001 0.0001 0.0001 0.0001 0.0003 0.0005 0.0008 0.0098 0.0074 0.1195 0.0494 0.0556 0.0374 0.0410 0.0852 0.0200 0.0454 0.0056 0.0038 0.0014 0.0008 0.0012 0.0012 0.0076 0.0015 0.0009 0.0047 0.0019 0.0005 0.0010 0.0030 0.0008 0.0036 0.0141 0.0123 0.0024 0.0155 0.0201 0.0042 0.0019 0.0033 0.0027 0.0041 0.0050 0.0041 0.0055 0.0016 0.0014 0.0008 0.0009 0.0008 0.0009 0.0008 0.0009 0.0009 0.0010 0.0014 0.0017 0.0036 0.0036 0.0030 0.0033
0.9983 1.0000 0.9995 0.9547 0.9722 0.9373 0.0277 0.0056 0.0043 0.0011 0.0000 0.0000 0.0000 0.0000 0.0000 0.0000 0.0000 0.0000 0.0000 0.0000 0.0000 0.0000 0.0000 0.0001 0.0002 0.0038 0.0019 0.0513 0.0193 0.0258 0.0149 0.0186 0.0385 0.0052 0.0099 0.0017 0.0012 0.0007 0.0004 0.0004 0.0005 0.0063 0.0007 0.0003 0.0017 0.0014 0.0004 0.0003 0.0005 0.0002 0.0020 0.0028 0.0024 0.0005 0.0080 0.0036 0.0008 0.0008 0.0016 0.0016 0.0027 0.0040 0.0021 0.0019 0.0007 0.0007 0.0004 0.0005 0.0005 0.0006 0.0004 0.0005 0.0006 0.0007 0.0009 0.0011 0.0022 0.0021 0.0025 0.0022
0.8814 0.9995 1.0000 0.9996 0.9793 0.9837 0.9650 0.0069 0.0015 0.0008 0.0002 0.0000 0.0000 0.0000 0.0000 0.0000 0.0000 0.0000 0.0000 0.0000 0.0000 0.0000 0.0000 0.0001 0.0002 0.0044 0.0020 0.0538 0.0151 0.0235 0.0140 0.0299 0.1118 0.0192 0.0430 0.0023 0.0013 0.0004 0.0002 0.0002 0.0001 0.0013 0.0002 0.0001 0.0005 0.0004 0.0002 0.0003 0.0002 0.0002 0.0038 0.0008 0.0003 0.0002 0.0023 0.0018 0.0005 0.0007 0.0011 0.0010 0.0022 0.0034 0.0022 0.0033 0.0008 0.0010 0.0004 0.0007 0.0005 0.0005 0.0004 0.0005 0.0006 0.0007 0.0011 0.0011 0.0033 0.0023 0.0022 0.0026
0.7577 0.9547 0.9996 1.0000 0.9997 0.9915 0.9948 0.9901 0.0049 0.0006 0.0011 0.0003 0.0000 0.0000 0.0000 0.0000 0.0000 0.0000 0.0000 0.0000 0.0000 0.0000 0.0001 0.0036 0.0025 0.2088 0.0393 0.5355 0.1060 0.0941 0.0471 0.1024 0.3741 0.1229 0.3639 0.0228 0.0339 0.0010 0.0004 0.0030 0.0003 0.0044 0.0003 0.0005 0.0138 0.0033 0.0003 0.0077 0.0077 0.0005 0.0284 0.0640 0.0074 0.0016 0.0338 0.0356 0.0016 0.0010 0.0018 0.0013 0.0049 0.0077 0.0088 0.0583 0.0043 0.0206 0.0019 0.0078 0.0021 0.0014 0.0012 0.0010 0.0012 0.0016 0.0073 0.0033 0.0336 0.0070 0.0107 0.0044
0.8706 0.9722 0.9793 0.9997 1.0000 0.9997 0.9933 0.9968 0.9917 0.0025 0.0005 0.0007 0.0001 0.0000 0.0000 0.0000 0.0000 0.0000 0.0000 0.0000 0.0000 0.0001 0.0002 0.0069 0.0017 0.1390 0.0090 0.1582 0.0167 0.0162 0.0074 0.0208 0.0992 0.0164 0.1400 0.0030 0.0076 0.0004 0.0002 0.0010 0.0003 0.0052 0.0004 0.0009 0.0221 0.0053 0.0003 0.0033 0.0258 0.0011 0.0012 0.0329 0.0117 0.0004 0.0052 0.0115 0.0004 0.0003 0.0006 0.0005 0.0016 0.0018 0.0019 0.0115 0.0012 0.0074 0.0010 0.0038 0.0010 0.0010 0.0008 0.0009 0.0010 0.0012 0.0030 0.0016 0.0132 0.0031 0.0028 0.0022
0.2725 0.9373 0.9837 0.9915 0.9997 1.0000 0.9998 0.9925 0.9958 0.9873 0.0020 0.0003 0.0003 0.0001 0.0000 0.0000 0.0000 0.0000 0.0000 0.0000 0.0000 0.0000 0.0000 0.0004 0.0001 0.0035 0.0003 0.0071 0.0020 0.0023 0.0012 0.0024 0.0082 0.0015 0.0096 0.0003 0.0004 0.0001 0.0000 0.0001 0.0000 0.0003 0.0000 0.0000 0.0003 0.0002 0.0001 0.0002 0.0008 0.0002 0.0002 0.0004 0.0003 0.0001 0.0004 0.0005 0.0001 0.0002 0.0003 0.0003 0.0005 0.0008 0.0005 0.0010 0.0003 0.0009 0.0002 0.0007 0.0004 0.0006 0.0005 0.0004 0.0005 0.0004 0.0007 0.0005 0.0016 0.0010 0.0014 0.0015
0.0270 0.0277 0.9650 0.9948 0.9933 0.9998 1.0000 0.9997 0.9944 0.9955 0.9885 0.0026 0.0004 0.0003 0.0001 0.0000 0.0000 0.0000 0.0000 0.0000 0.0000 0.0002 0.0001 0.0051 0.0015 0.0812 0.0080 0.1035 0.0145 0.0107 0.0048 0.0143 0.1023 0.0293 0.2233 0.0094 0.0184 0.0003 0.0000 0.0004 0.0000 0.0001 0.0000 0.0001 0.0007 0.0002 0.0003 0.0161 0.0028 0.0002 0.0079 0.0113 0.0010 0.0002 0.0034 0.0068 0.0003 0.0003 0.0008 0.0005 0.0015 0.0015 0.0027 0.0174 0.0020 0.0101 0.0010 0.0097 0.0020 0.0012 0.0010 0.0008 0.0010 0.0009 0.0034 0.0011 0.0126 0.0021 0.0022 0.0019
0.0186 0.0056 0.0069 0.9901 0.9968 0.9925 0.9997 1.0000 0.9997 0.9937 0.9972 0.9920 0.0025 0.0004 0.0008 0.0002 0.0000 0.0000 0.0000 0.0001 0.0000 0.0087 0.0035 0.3536 0.0244 0.6756 0.0432 0.2231 0.0115 0.0054 0.0024 0.0141 0.1053 0.0461 0.5900 0.0407 0.1887 0.0021 0.0003 0.0052 0.0001 0.0005 0.0000 0.0004 0.0440 0.0034 0.0005 0.1001 0.1211 0.0014 0.0075 0.1319 0.0093 0.0003 0.0028 0.0117 0.0002 0.0001 0.0004 0.0003 0.0006 0.0005 0.0011 0.0385 0.0025 0.0983 0.0049 0.0771 0.0053 0.0025 0.0013 0.0018 0.0022 0.0034 0.0306 0.0032 0.0505 0.0025 0.0014 0.0015
0.0219 0.0043 0.0015 0.0049 0.9917 0.9958 0.9944 0.9997 1.0000 0.9997 0.9929 0.9957 0.9852 0.0026 0.0004 0.0007 0.0002 0.0000 0.0000 0.0001 0.0001 0.0030 0.0005 0.0260 0.0010 0.0203 0.0007 0.0046 0.0005 0.0003 0.0003 0.0009 0.0071 0.0022 0.0595 0.0012 0.0133 0.0003 0.0001 0.0007 0.0000 0.0004 0.0000 0.0001 0.0046 0.0011 0.0002 0.0024 0.0163 0.0007 0.0005 0.0032 0.0009 0.0001 0.0001 0.0003 0.0000 0.0001 0.0001 0.0001 0.0002 0.0002 0.0002 0.0007 0.0002 0.0036 0.0004 0.0038 0.0007 0.0008 0.0007 0.0008 0.0010 0.0010 0.0022 0.0005 0.0023 0.0008 0.0008 0.0010
0.0010 0.0011 0.0008 0.0006 0.0025 0.9873 0.9955 0.9937 0.9997 1.0000 0.9997 0.9919 0.9935 0.9779 0.0027 0.0005 0.0005 0.0004 0.0001 0.0003 0.0000 0.0010 0.0002 0.0025 0.0001 0.0036 0.0001 0.0010 0.0002 0.0002 0.0001 0.0003 0.0016 0.0006 0.0077 0.0003 0.0030 0.0001 0.0000 0.0001 0.0000 0.0001 0.0000 0.0000 0.0003 0.0001 0.0001 0.0009 0.0008 0.0001 0.0003 0.0013 0.0001 0.0000 0.0014 0.0005 0.0000 0.0001 0.0004 0.0001 0.0002 0.0001 0.0001 0.0004 0.0001 0.0010 0.0002 0.0017 0.0004 0.0005 0.0005 0.0006 0.0005 0.0003 0.0008 0.0002 0.0011 0.0004 0.0005 0.0008
0.0003 0.0000 0.0002 0.0011 0.0005 0.0020 0.9885 0.9972 0.9929 0.9997 1.0000 0.9998 0.9922 0.9941 0.9882 0.0052 0.0005 0.0012 0.0015 0.0128 0.0025 0.1529 0.0151 0.2724 0.0086 0.1922 0.0028 0.0096 0.0003 0.0002 0.0001 0.0009 0.0080 0.0071 0.2596 0.0143 0.2112 0.0041 0.0014 0.0169 0.0004 0.0005 0.0000 0.0082 0.0427 0.0008 0.0011 0.1022 0.0115 0.0003 0.0116 0.0851 0.0022 0.0005 0.0193 0.0165 0.0002 0.0003 0.0008 0.0002 0.0004 0.0001 0.0003 0.0071 0.0008 0.0545 0.0052 0.0774 0.0058 0.0028 0.0018 0.0021 0.0022 0.0016 0.0120 0.0010 0.0085 0.0008 0.0005 0.0008
0.0002 0.0000 0.0000 0.0003 0.0007 0.0003 0.0026 0.9920 0.9957 0.9919 0.9998 1.0000 0.9997 0.9919 0.9963 0.9869 0.0071 0.0011 0.0019 0.1188 0.0195 0.6712 0.0936 0.6356 0.0142 0.0884 0.0010 0.0011 0.0001 0.0000 0.0000 0.0002 0.0012 0.0021 0.1152 0.0100 0.3625 0.0116 0.0160 0.0943 0.0031 0.0120 0.0003 0.0041 0.1511 0.0070 0.0004 0.0498 0.0530 0.0002 0.0017 0.0262 0.0003 0.0000 0.0008 0.0007 0.0000 0.0000 0.0000 0.0000 0.0001 0.0000 0.0000 0.0005 0.0002 0.0210 0.0023 0.0613 0.0042 0.0026 0.0015 0.0021 0.0026 0.0018 0.0117 0.0011 0.0058 0.0005 0.0004 0.0005
0.0004 0.0000 0.0000 0.0000 0.0001 0.0003 0.0004 0.0025 0.9852 0.9935 0.9922 0.9997 1.0000 0.9998 0.9883 0.9919 0.9667 0.0175 0.0019 0.0094 0.0022 0.0235 0.0015 0.0074 0.0001 0.0004 0.0000 0.0000 0.0000 0.0000 0.0000 0.0000 0.0000 0.0000 0.0009 0.0001 0.0029 0.0004 0.0008 0.0021 0.0003 0.0024 0.0000 0.0001 0.0022 0.0004 0.0001 0.0004 0.0007 0.0000 0.0001 0.0002 0.0000 0.0000 0.0001 0.0000 0.0000 0.0000 0.0000 0.0000 0.0000 0.0000 0.0000 0.0000 0.0000 0.0003 0.0001 0.0019 0.0007 0.0011 0.0008 0.0007 0.0007 0.0002 0.0006 0.0001 0.0007 0.0003 0.0003 0.0005
0.0004 0.0000 0.0000 0.0000 0.0000 0.0001 0.0003 0.0004 0.0026 0.9779 0.9941 0.9919 0.9998 1.0000 0.9998 0.9877 0.9861 0.9397 0.0399 0.0814 0.0022 0.0303 0.0023 0.0050 0.0001 0.0003 0.0000 0.0000 0.0000 0.0000 0.0000 0.0000 0.0000 0.0000 0.0009 0.0001 0.0047 0.0005 0.0018 0.0087 0.0006 0.0008 0.0001 0.0013 0.0016 0.0001 0.0018 0.0029 0.0002 0.0001 0.0059 0.0028 0.0000 0.0000 0.0052 0.0002 0.0000 0.0001 0.0001 0.0000 0.0000 0.0000 0.0000 0.0001 0.0000 0.0006 0.0003 0.0039 0.0010 0.0014 0.0010 0.0008 0.0007 0.0002 0.0005 0.0002 0.0007 0.0003 0.0003 0.0005
0.0003 0.0000 0.0000 0.0000 0.0000 0.0000 0.0001 0.0008 0.0004 0.0027 0.9882 0.9963 0.9883 0.9998 1.0000 0.9997 0.9769 0.9729 0.8407 0.9333 0.3091 0.8900 0.1165 0.2164 0.0012 0.0023 0.0000 0.0000 0.0000 0.0000 0.0000 0.0000 0.0000 0.0002 0.0072 0.0022 0.2874 0.0188 0.1006 0.3013 0.0157 0.0139 0.0007 0.0355 0.1360 0.0011 0.0030 0.1454 0.0064 0.0002 0.0176 0.0385 0.0001 0.0000 0.0035 0.0007 0.0000 0.0000 0.0000 0.0000 0.0000 0.0001 0.0002 0.0005 0.0006 0.0101 0.0032 0.0803 0.0093 0.0065 0.0035 0.0038 0.0028 0.0012 0.0125 0.0037 0.0199 0.0016 0.0004 0.0008
0.0002 0.0000 0.0000 0.0000 0.0000 0.0000 0.0000 0.0002 0.0007 0.0005 0.0052 0.9869 0.9919 0.9877 0.9997 1.0000 0.9997 0.9345 0.9079 0.8691 0.3027 0.5687 0.0443 0.0457 0.0004 0.0002 0.0000 0.0000 0.0000 0.0000 0.0000 0.0000 0.0000 0.0000 0.0004 0.0005 0.0282 0.0094 0.0424 0.0626 0.0131 0.0228 0.0007 0.0061 0.0302 0.0019 0.0003 0.0035 0.0009 0.0000 0.0003 0.0002 0.0000 0.0000 0.0001 0.0000 0.0000 0.0000 0.0000 0.0000 0.0000 0.0000 0.0001 0.0001 0.0001 0.0004 0.0004 0.0129 0.0048 0.0050 0.0030 0.0027 0.0023 0.0008 0.0018 0.0017 0.0055 0.0011 0.0004 0.0008
0.0002 0.0000 0.0000 0.0000 0.0000 0.0000 0.0000 0.0000 0.0002 0.0005 0.0005 0.0071 0.9667 0.9861 0.9769 0.9997 1.0000 0.9997 0.8273 0.2354 0.0136 0.0072 0.0007 0.0006 0.0000 0.0000 0.0000 0.0000 0.0000 0.0000 0.0000 0.0000 0.0000 0.0000 0.0000 0.0000 0.0005 0.0002 0.0013 0.0011 0.0009 0.0019 0.0001 0.0004 0.0004 0.0001 0.0002 0.0004 0.0000 0.0000 0.0002 0.0000 0.0000 0.0000 0.0001 0.0000 0.0000 0.0000 0.0000 0.0000 0.0000 0.0000 0.0000 0.0000 0.0000 0.0001 0.0001 0.0007 0.0005 0.0014 0.0011 0.0008 0.0005 0.0003 0.0002 0.0001 0.0004 0.0002 0.0003 0.0007
0.0002 0.0000 0.0000 0.0000 0.0000 0.0000 0.0000 0.0000 0.0000 0.0004 0.0012 0.0011 0.0175 0.9397 0.9729 0.9345 0.9997 1.0000 0.9997 0.9231 0.0795 0.0629 0.0027 0.0010 0.0001 0.0000 0.0000 0.0000 0.0000 0.0000 0.0000 0.0000 0.0000 0.0000 0.0001 0.0001 0.0030 0.0018 0.0329 0.0196 0.0124 0.0057 0.0013 0.0157 0.0030 0.0004 0.0025 0.0174 0.0004 0.0003 0.0084 0.0021 0.0000 0.0001 0.0018 0.0000 0.0000 0.0000 0.0001 0.0000 0.0001 0.0002 0.0002 0.0002 0.0003 0.0003 0.0003 0.0034 0.0019 0.0044 0.0026 0.0016 0.0009 0.0004 0.0004 0.0005 0.0022 0.0010 0.0007 0.0009
0.0001 0.0000 0.0000 0.0000 0.0000 0.0000 0.0000 0.0000 0.0000 0.0001 0.0015 0.0019 0.0019 0.0399 0.8407 0.9079 0.8273 0.9997 1.0000 0.9994 0.7200 0.2400 0.0418 0.0038 0.0002 0.0000 0.0000 0.0000 0.0000 0.0000 0.0000 0.0000 0.0000 0.0000 0.0000 0.0002 0.0051 0.0098 0.1286 0.1177 0.0702 0.0364 0.0021 0.0291 0.0158 0.0007 0.0019 0.0118 0.0003 0.0001 0.0014 0.0004 0.0000 0.0000 0.0001 0.0000 0.0000 0.0000 0.0000 0.0000 0.0001 0.0002 0.0002 0.0003 0.0002 0.0004 0.0004 0.0068 0.0047 0.0129 0.0084 0.0041 0.0018 0.0010 0.0020 0.0091 0.0184 0.0036 0.0010 0.0012
0.0001 0.0000 0.0000 0.0000 0.0000 0.0000 0.0000 0.0001 0.0001 0.0003 0.0128 0.1188 0.0094 0.0814 0.9333 0.8691 0.2354 0.9231 0.9994 1.0000 0.9993 0.9315 0.1321 0.0419 0.0009 0.0001 0.0000 0.0000 0.0000 0.0000 0.0000 0.0000 0.0000 0.0000 0.0002 0.0007 0.0426 0.0726 0.3870 0.3353 0.1285 0.0452 0.0044 0.1229 0.0699 0.0014 0.0057 0.0345 0.0005 0.0001 0.0010 0.0004 0.0000 0.0000 0.0001 0.0000 0.0000 0.0000 0.0000 0.0001 0.0002 0.0003 0.0005 0.0008 0.0012 0.0017 0.0052 0.0399 0.0240 0.0381 0.0212 0.0123 0.0076 0.0038 0.0110 0.0304 0.0555 0.0142 0.0052 0.0027
0.0001 0.0000 0.0000 0.0000 0.0000 0.0000 0.0000 0.0000 0.0001 0.0000 0.0025 0.0195 0.0022 0.0022 0.3091 0.3027 0.0136 0.0795 0.7200 0.9993 1.0000 0.9992 0.7384 0.0358 0.0041 0.0001 0.0000 0.0000 0.0000 0.0000 0.0000 0.0000 0.0000 0.0000 0.0001 0.0021 0.0498 0.2725 0.6169 0.4768 0.1638 0.0486 0.0054 0.1107 0.0525 0.0011 0.0035 0.0132 0.0004 0.0000 0.0001 0.0001 0.0000 0.0000 0.0000 0.0000 0.0000 0.0000 0.0000 0.0001 0.0002 0.0004 0.0007 0.0010 0.0042 0.0019 0.0077 0.0197 0.0310 0.0427 0.0184 0.0119 0.0089 0.0464 0.0508 0.0625 0.0354 0.0061 0.0010 0.0014
0.0001 0.0000 0.0000 0.0000 0.0001 0.0000 0.0002 0.0087 0.0030 0.0010 0.1529 0.6712 0.0235 0.0303 0.8900 0.5687 0.0072 0.0629 0.2400 0.9315 0.9992 1.0000 0.9993 0.9299 0.0175 0.0026 0.0000 0.0000 0.0000 0.0000 0.0000 0.0000 0.0000 0.0002 0.0044 0.0241 0.6418 0.6118 0.7295 0.7312 0.1056 0.0438 0.0030 0.2285 0.4526 0.0054 0.0064 0.2398 0.0103 0.0003 0.0008 0.0025 0.0000 0.0000 0.0000 0.0001 0.0000 0.0000 0.0000 0.0000 0.0002 0.0005 0.0015 0.0088 0.0078 0.0336 0.0183 0.1858 0.1085 0.0732 0.0304 0.0222 0.0228 0.0356 0.0900 0.0457 0.0505 0.0038 0.0015 0.0013
0.0003 0.0000 0.0000 0.0001 0.0002 0.0000 0.0001 0.0035 0.0005 0.0002 0.0151 0.0936 0.0015 0.0023 0.1165 0.0443 0.0007 0.0027 0.0418 0.1321 0.7384 0.9993 1.0000 0.9993 0.8173 0.0087 0.0004 0.0000 0.0000 0.0000 0.0000 0.0002 0.0002 0.0051 0.0177 0.2553 0.7394 0.8165 0.5758 0.5624 0.0367 0.0150 0.0003 0.0282 0.1210 0.0008 0.0004 0.0311 0.0042 0.0000 0.0002 0.0010 0.0001 0.0000 0.0000 0.0002 0.0000 0.0000 0.0000 0.0000 0.0002 0.0005 0.0013 0.0062 0.0115 0.0342 0.0862 0.2435 0.2718 0.1215 0.0686 0.0835 0.0623 0.0689 0.0675 0.0077 0.0058 0.0012 0.0008 0.0012
0.0005 0.0001 0.0001 0.0036 0.0069 0.0004 0.0051 0.3536 0.0260 0.0025 0.2724 0.6356 0.0074 0.0050 0.2164 0.0457 0.0006 0.0010 0.0038 0.0419 0.0358 0.9299 0.9993 1.0000 0.9992 0.9209 0.0060 0.0006 0.0000 0.0000 0.0000 0.0004 0.0028 0.0508 0.5925 0.7175 0.9622 0.7211 0.2094 0.3199 0.0030 0.0022 0.0004 0.0452 0.3476 0.0044 0.0033 0.4100 0.1493 0.0009 0.0067 0.1075 0.0007 0.0000 0.0004 0.0005 0.0000 0.0000 0.0000 0.0000 0.0002 0.0004 0.0010 0.0221 0.0360 0.4272 0.2949 0.4902 0.2559 0.0589 0.0260 0.0498 0.0582 0.0538 0.2061 0.0119 0.0283 0.0015 0.0006 0.0008
0.0008 0.0002 0.0002 0.0025 0.0017 0.0001 0.0015 0.0244 0.0010 0.0001 0.0086 0.0142 0.0001 0.0001 0.0012 0.0004 0.0000 0.0001 0.0002 0.0009 0.0041 0.0175 0.8173 0.9992 1.0000 0.9988 0.9129 0.0072 0.0016 0.0008 0.0011 0.0430 0.0747 0.3898 0.7318 0.8411 0.6515 0.5998 0.0868 0.0906 0.0007 0.0001 0.0000 0.0025 0.0058 0.0001 0.0001 0.0134 0.0043 0.0000 0.0004 0.0057 0.0003 0.0000 0.0003 0.0003 0.0000 0.0000 0.0001 0.0001 0.0004 0.0005 0.0014 0.0112 0.0498 0.2808 0.4075 0.4179 0.5126 0.1492 0.0739 0.1139 0.0562 0.0754 0.0729 0.0095 0.0115 0.0025 0.0010 0.0012
0.0098 0.0038 0.0044 0.2088 0.1390 0.0035 0.0812 0.6756 0.0203 0.0036 0.1922 0.0884 0.0004 0.0003 0.0023 0.0002 0.0000 0.0000 0.0000 0.0001 0.0001 0.0026 0.0087 0.9209 0.9988 1.0000 0.9989 0.8862 0.0196 0.0102 0.0039 0.0692 0.3087 0.6476 0.9539 0.6967 0.2736 0.1287 0.0008 0.0020 0.0000 0.0001 0.0000 0.0003 0.0083 0.0004 0.0005 0.0966 0.1110 0.0010 0.0133 0.4322 0.0146 0.0007 0.0256 0.0456 0.0002 0.0002 0.0008 0.0004 0.0025 0.0027 0.0066 0.1874 0.2031 0.5567 0.4158 0.3760 0.2332 0.0298 0.0146 0.0253 0.0388 0.0517 0.2129 0.0362 0.0852 0.0118 0.0017 0.0012
0.0074 0.0019 0.0020 0.0393 0.0090 0.0003 0.0080 0.0432 0.0007 0.0001 0.0028 0.0010 0.0000 0.0000 0.0000 0.0000 0.0000 0.0000 0.0000 0.0000 0.0000 0.0000 0.0004 0.0060 0.9129 0.9989 1.0000 0.9986 0.8406 0.2588 0.2081 0.4390 0.6549 0.8041 0.6963 0.5321 0.0949 0.0974 0.0001 0.0002 0.0000 0.0000 0.0000 0.0000 0.0001 0.0000 0.0000 0.0014 0.0014 0.0000 0.0006 0.0150 0.0010 0.0000 0.0027 0.0065 0.0002 0.0002 0.0024 0.0010 0.0067 0.0081 0.0323 0.1655 0.2151 0.2919 0.4077 0.2382 0.3870 0.1312 0.0707 0.0885 0.0601 0.1282 0.0953 0.0479 0.0322 0.0126 0.0035 0.0027
0.1195 0.0513 0.0538 0.5355 0.1582 0.0071 0.1035 0.2231 0.0046 0.0010 0.0096 0.0011 0.0000 0.0000 0.0000 0.0000 0.0000 0.0000 0.0000 0.0000 0.0000 0.0000 0.0000 0.0006 0.0072 0.8862 0.9986 1.0000 0.9987 0.8259 0.2954 0.4907 0.7581 0.5311 0.3149 0.1046 0.0027 0.0005 0.0000 0.0000 0.0000 0.0000 0.0000 0.0000 0.0001 0.0000 0.0001 0.0032 0.0044 0.0004 0.0096 0.1755 0.0254 0.0019 0.0942 0.2431 0.0095 0.0051 0.0527 0.0248 0.0685 0.0767 0.1343 0.3143 0.2170 0.1840 0.1657 0.1026 0.1011 0.0364 0.0226 0.0164 0.0230 0.0328 0.1015 0.0549 0.0870 0.0179 0.0065 0.0035
0.0494 0.0193 0.0151 0.1060 0.0167 0.0020 0.0145 0.0115 0.0005 0.0002 0.0003 0.0001 0.0000 0.0000 0.0000 0.0000 0.0000 0.0000 0.0000 0.0000 0.0000 0.0000 0.0000 0.0000 0.0016 0.0196 0.8406 0.9987 1.0000 0.9996 0.6958 0.5940 0.5425 0.4038 0.1201 0.0958 0.0004 0.0003 0.0000 0.0000 0.0000 0.0000 0.0000 0.0000 0.0000 0.0000 0.0000 0.0001 0.0002 0.0000 0.0011 0.0093 0.0019 0.0006 0.0253 0.0400 0.0037 0.0032 0.0363 0.0318 0.0786 0.1214 0.1556 0.1686 0.2168 0.0561 0.1461 0.0340 0.0951 0.0534 0.0404 0.0325 0.0403 0.0677 0.0575 0.0904 0.0369 0.0311 0.0106 0.0106
0.0556 0.0258 0.0235 0.0941 0.0162 0.0023 0.0107 0.0054 0.0003 0.0002 0.0002 0.0000 0.0000 0.0000 0.0000 0.0000 0.0000 0.0000 0.0000 0.0000 0.0000 0.0000 0.0000 0.0000 0.0008 0.0102 0.2588 0.8259 0.9996 1.0000 0.9994 0.8588 0.4269 0.1681 0.0169 0.0061 0.0002 0.0002 0.0000 0.0000 0.0000 0.0000 0.0000 0.0000 0.0000 0.0000 0.0000 0.0000 0.0001 0.0001 0.0008 0.0038 0.0010 0.0008 0.0176 0.0305 0.0069 0.0076 0.0524 0.0575 0.0768 0.1025 0.0800 0.0554 0.0656 0.0136 0.0459 0.0138 0.0342 0.0217 0.0205 0.0171 0.0263 0.0306 0.0296 0.0435 0.0231 0.0152 0.0059 0.0070
0.0374 0.0149 0.0140 0.0471 0.0074 0.0012 0.0048 0.0024 0.0003 0.0001 0.0001 0.0000 0.0000 0.0000 0.0000 0.0000 0.0000 0.0000 0.0000 0.0000 0.0000 0.0000 0.0000 0.0000 0.0011 0.0039 0.2081 0.2954 0.6958 0.9994 1.0000 0.9991 0.6329 0.0795 0.0045 0.0012 0.0001 0.0001 0.0000 0.0000 0.0000 0.0000 0.0000 0.0000 0.0000 0.0000 0.0000 0.0000 0.0000 0.0000 0.0004 0.0014 0.0006 0.0005 0.0085 0.0094 0.0022 0.0040 0.0217 0.0160 0.0196 0.0320 0.0216 0.0139 0.0184 0.0036 0.0162 0.0066 0.0192 0.0112 0.0093 0.0087 0.0139 0.0117 0.0111 0.0173 0.0077 0.0065 0.0033 0.0053
0.0410 0.0186 0.0299 0.1024 0.0208 0.0024 0.0143 0.0141 0.0009 0.0003 0.0009 0.0002 0.0000 0.0000 0.0000 0.0000 0.0000 0.0000 0.0000 0.0000 0.0000 0.0000 0.0002 0.0004 0.0430 0.0692 0.4390 0.4907 0.5940 0.8588 0.9991 1.0000 0.9991 0.8923 0.0539 0.0101 0.0002 0.0001 0.0000 0.0000 0.0000 0.0000 0.0000 0.0000 0.0000 0.0000 0.0000 0.0001 0.0001 0.0001 0.0009 0.0047 0.0008 0.0008 0.0121 0.0133 0.0015 0.0022 0.0155 0.0048 0.0097 0.0122 0.0180 0.0276 0.0560 0.0190 0.0762 0.0262 0.0579 0.0310 0.0249 0.0237 0.0367 0.0268 0.0267 0.0256 0.0144 0.0137 0.0049 0.0090
0.0852 0.0385 0.1118 0.3741 0.0992 0.0082 0.1023 0.1053 0.0071 0.0016 0.0080 0.0012 0.0000 0.0000 0.0000 0.0000 0.0000 0.0000 0.0000 0.0000 0.0000 0.0000 0.0002 0.0028 0.0747 0.3087 0.6549 0.7581 0.5425 0.4269 0.6329 0.9991 1.0000 0.9989 0.6731 0.0245 0.0007 0.0002 0.0000 0.0000 0.0000 0.0000 0.0000 0.0000 0.0000 0.0000 0.0000 0.0005 0.0007 0.0002 0.0060 0.0380 0.0047 0.0018 0.0728 0.0641 0.0026 0.0038 0.0219 0.0036 0.0139 0.0115 0.0148 0.0720 0.0685 0.0582 0.0778 0.0415 0.0564 0.0283 0.0152 0.0164 0.0222 0.0207 0.0411 0.0238 0.0309 0.0184 0.0063 0.0094
0.0200 0.0052 0.0192 0.1229 0.0164 0.0015 0.0293 0.0461 0.0022 0.0006 0.0071 0.0021 0.0000 0.0000 0.0002 0.0000 0.0000 0.0000 0.0000 0.0000 0.0000 0.0002 0.0051 0.0508 0.3898 0.6476 0.8041 0.5311 0.4038 0.1681 0.0795 0.8923 0.9989 1.0000 0.9990 0.9332 0.0073 0.0019 0.0000 0.0002 0.0000 0.0000 0.0000 0.0000 0.0002 0.0000 0.0001 0.0016 0.0012 0.0001 0.0026 0.0153 0.0006 0.0001 0.0058 0.0034 0.0002 0.0003 0.0010 0.0005 0.0022 0.0032 0.0065 0.0231 0.0431 0.0572 0.1374 0.0710 0.1858 0.0598 0.0425 0.0453 0.0323 0.0338 0.0384 0.0251 0.0300 0.0485 0.0111 0.0218
0.0454 0.0099 0.0430 0.3639 0.1400 0.0096 0.2233 0.5900 0.0595 0.0077 0.2596 0.1152 0.0009 0.0009 0.0072 0.0004 0.0000 0.0001 0.0000 0.0002 0.0001 0.0044 0.0177 0.5925 0.7318 0.9539 0.6963 0.3149 0.1201 0.0169 0.0045 0.0539 0.6731 0.9990 1.0000 0.9992 0.8460 0.0150 0.0005 0.0027 0.0000 0.0002 0.0000 0.0007 0.0309 0.0006 0.0009 0.1197 0.0864 0.0014 0.0187 0.3150 0.0044 0.0005 0.0186 0.0220 0.0003 0.0002 0.0004 0.0003 0.0010 0.0012 0.0030 0.0347 0.0267 0.1815 0.0975 0.1327 0.0724 0.0229 0.0124 0.0181 0.0303 0.0289 0.1366 0.0348 0.0806 0.0355 0.0061 0.0036
0.0056 0.0017 0.0023 0.0228 0.0030 0.0003 0.0094 0.0407 0.0012 0.0003 0.0143 0.0100 0.0001 0.0001 0.0022 0.0005 0.0000 0.0001 0.0002 0.0007 0.0021 0.0241 0.2553 0.7175 0.8411 0.6967 0.5321 0.1046 0.0958 0.0061 0.0012 0.0101 0.0245 0.9332 0.9992 1.0000 0.9990 0.9383 0.0077 0.0345 0.0001 0.0000 0.0000 0.0008 0.0040 0.0001 0.0002 0.0115 0.0019 0.0000 0.0003 0.0023 0.0001 0.0000 0.0002 0.0003 0.0000 0.0000 0.0001 0.0001 0.0001 0.0003 0.0015 0.0036 0.0155 0.0312 0.0710 0.0646 0.1711 0.0813 0.0730 0.0719 0.0293 0.0151 0.0183 0.0124 0.0316 0.0373 0.0085 0.0134
0.0038 0.0012 0.0013 0.0339 0.0076 0.0004 0.0184 0.1887 0.0133 0.0030 0.2112 0.3625 0.0029 0.0047 0.2874 0.0282 0.0005 0.0030 0.0051 0.0426 0.0498 0.6418 0.7394 0.9622 0.6515 0.2736 0.0949 0.0027 0.0004 0.0002 0.0001 0.0002 0.0007 0.0073 0.8460 0.9990 1.0000 0.9989 0.8001 0.7211 0.0106 0.0034 0.0003 0.0690 0.4590 0.0034 0.0031 0.4004 0.0720 0.0004 0.0024 0.0421 0.0003 0.0000 0.0002 0.0003 0.0000 0.0000 0.0000 0.0000 0.0000 0.0000 0.0002 0.0015 0.0023 0.0304 0.0349 0.1546 0.1059 0.0438 0.0358 0.0481 0.0525 0.0148 0.0424 0.0052 0.0368 0.0108 0.0047 0.0040
0.0014 0.0007 0.0004 0.0010 0.0004 0.0001 0.0003 0.0021 0.0003 0.0001 0.0041 0.0116 0.0004 0.0005 0.0188 0.0094 0.0002 0.0018 0.0098 0.0726 0.2725 0.6118 0.8165 0.7211 0.5998 0.1287 0.0974 0.0005 0.0003 0.0002 0.0001 0.0001 0.0002 0.0019 0.0150 0.9383 0.9989 1.0000 0.9995 0.7034 0.0060 0.0007 0.0001 0.0059 0.0149 0.0001 0.0000 0.0027 0.0003 0.0000 0.0000 0.0001 0.0000 0.0000 0.0000 0.0000 0.0000 0.0000 0.0000 0.0000 0.0000 0.0001 0.0002 0.0004 0.0020 0.0041 0.0147 0.0565 0.1465 0.1155 0.1171 0.0816 0.0192 0.0080 0.0066 0.0014 0.0025 0.0022 0.0017 0.0030
0.0008 0.0004 0.0002 0.0004 0.0002 0.0000 0.0000 0.0003 0.0001 0.0000 0.0014 0.0160 0.0008 0.0018 0.1006 0.0424 0.0013 0.0329 0.1286 0.3870 0.6169 0.7295 0.5758 0.2094 0.0868 0.0008 0.0001 0.0000 0.0000 0.0000 0.0000 0.0000 0.0000 0.0000 0.0005 0.0077 0.8001 0.9995 1.0000 0.9984 0.6474 0.0210 0.0032 0.1194 0.0686 0.0002 0.0003 0.0043 0.0002 0.0000 0.0000 0.0000 0.0000 0.0000 0.0000 0.0000 0.0000 0.0000 0.0000 0.0000 0.0000 0.0000 0.0000 0.0000 0.0000 0.0003 0.0011 0.0140 0.0305 0.0366 0.0507 0.0254 0.0063 0.0021 0.0018 0.0007 0.0016 0.0005 0.0009 0.0015
0.0012 0.0004 0.0002 0.0030 0.0010 0.0001 0.0004 0.0052 0.0007 0.0001 0.0169 0.0943 0.0021 0.0087 0.3013 0.0626 0.0011 0.0196 0.1177 0.3353 0.4768 0.7312 0.5624 0.3199 0.0906 0.0020 0.0002 0.0000 0.0000 0.0000 0.0000 0.0000 0.0000 0.0002 0.0027 0.0345 0.7211 0.7034 0.9984 1.0000 0.9992 0.4454 0.0461 0.9876 0.9924 0.0148 0.0329 0.7471 0.0169 0.0002 0.0006 0.0009 0.0000 0.0000 0.0000 0.0000 0.0000 0.0000 0.0000 0.0000 0.0000 0.0000 0.0000 0.0000 0.0001 0.0019 0.0019 0.1165 0.0382 0.0316 0.0218 0.0150 0.0060 0.0020 0.0031 0.0008 0.0014 0.0003 0.0003 0.0006
0.0012 0.0005 0.0001 0.0003 0.0003 0.0000 0.0000 0.0001 0.0000 0.0000 0.0004 0.0031 0.0003 0.0006 0.0157 0.0131 0.0009 0.0124 0.0702 0.1285 0.1638 0.1056 0.0367 0.0030 0.0007 0.0000 0.0000 0.0000 0.0000 0.0000 0.0000 0.0000 0.0000 0.0000 0.0000 0.0001 0.0106 0.0060 0.6474 0.9992 1.0000 0.9992 0.9976 0.9986 0.9548 0.0380 0.0192 0.0044 0.0007 0.0000 0.0000 0.0000 0.0000 0.0000 0.0000 0.0000 0.0000 0.0000 0.0000 0.0000 0.0000 0.0000 0.0000 0.0000 0.0000 0.0000 0.0000 0.0027 0.0018 0.0047 0.0042 0.0037 0.0018 0.0004 0.0004 0.0003 0.0003 0.0003 0.0005 0.0009
0.0076 0.0063 0.0013 0.0044 0.0052 0.0003 0.0001 0.0005 0.0004 0.0001 0.0005 0.0120 0.0024 0.0008 0.0139 0.0228 0.0019 0.0057 0.0364 0.0452 0.0486 0.0438 0.0150 0.0022 0.0001 0.0001 0.0000 0.0000 0.0000 0.0000 0.0000 0.0000 0.0000 0.0000 0.0002 0.0000 0.0034 0.0007 0.0210 0.4454 0.9992 1.0000 0.9998 0.9806 0.9921 0.9750 0.0069 0.0011 0.0009 0.0003 0.0000 0.0000 0.0000 0.0000 0.0000 0.0000 0.0000 0.0000 0.0000 0.0000 0.0000 0.0000 0.0000 0.0000 0.0000 0.0003 0.0003 0.0448 0.0198 0.0465 0.0322 0.0363 0.0255 0.0036 0.0053 0.0009 0.0017 0.0016 0.0033 0.0032
0.0015 0.0007 0.0002 0.0003 0.0004 0.0000 0.0000 0.0000 0.0000 0.0000 0.0000 0.0003 0.0000 0.0001 0.0007 0.0007 0.0001 0.0013 0.0021 0.0044 0.0054 0.0030 0.0003 0.0004 0.0000 0.0000 0.0000 0.0000 0.0000 0.0000 0.0000 0.0000 0.0000 0.0000 0.0000 0.0000 0.0003 0.0001 0.0032 0.0461 0.9976 0.9998 1.0000 0.9997 0.9884 0.9887 0.9690 0.0025 0.0003 0.0004 0.0001 0.0000 0.0000 0.0000 0.0000 0.0000 0.0000 0.0000 0.0000 0.0000 0.0000 0.0000 0.0000 0.0000 0.0000 0.0000 0.0000 0.0022 0.0009 0.0025 0.0016 0.0014 0.0012 0.0003 0.0004 0.0001 0.0004 0.0005 0.0016 0.0021
0.0009 0.0003 0.0001 0.0005 0.0009 0.0000 0.0001 0.0004 0.0001 0.0000 0.0082 0.0041 0.0001 0.0013 0.0355 0.0061 0.0004 0.0157 0.0291 0.1229 0.1107 0.2285 0.0282 0.0452 0.0025 0.0003 0.0000 0.0000 0.0000 0.0000 0.0000 0.0000 0.0000 0.0000 0.0007 0.0008 0.0690 0.0059 0.1194 0.9876 0.9986 0.9806 0.9997 1.0000 0.9997 0.9922 0.9961 0.9894 0.0038 0.0005 0.0005 0.0001 0.0000 0.0000 0.0000 0.0000 0.0000 0.0000 0.0000 0.0000 0.0000 0.0000 0.0000 0.0000 0.0000 0.0004 0.0003 0.0081 0.0014 0.0021 0.0015 0.0014 0.0013 0.0004 0.0009 0.0001 0.0009 0.0004 0.0007 0.0015
0.0047 0.0017 0.0005 0.0138 0.0221 0.0003 0.0007 0.0440 0.0046 0.0003 0.0427 0.1511 0.0022 0.0016 0.1360 0.0302 0.0004 0.0030 0.0158 0.0699 0.0525 0.4526 0.1210 0.3476 0.0058 0.0083 0.0001 0.0001 0.0000 0.0000 0.0000 0.0000 0.0000 0.0002 0.0309 0.0040 0.4590 0.0149 0.0686 0.9924 0.9548 0.9921 0.9884 0.9997 1.0000 0.9998 0.9941 0.9977 0.9942 0.0027 0.0003 0.0004 0.0001 0.0000 0.0000 0.0000 0.0000 0.0000 0.0000 0.0000 0.0000 0.0000 0.0000 0.0002 0.0001 0.0421 0.0059 0.3956 0.0327 0.0273 0.0130 0.0242 0.0408 0.0099 0.0721 0.0030 0.0273 0.0050 0.0060 0.0068
0.0019 0.0014 0.0004 0.0033 0.0053 0.0002 0.0002 0.0034 0.0011 0.0001 0.0008 0.0070 0.0004 0.0001 0.0011 0.0019 0.0001 0.0004 0.0007 0.0014 0.0011 0.0054 0.0008 0.0044 0.0001 0.0004 0.0000 0.0000 0.0000 0.0000 0.0000 0.0000 0.0000 0.0000 0.0006 0.0001 0.0034 0.0001 0.0002 0.0148 0.0380 0.9750 0.9887 0.9922 0.9998 1.0000 0.9998 0.9937 0.9967 0.9921 0.0021 0.0003 0.0003 0.0001 0.0000 0.0000 0.0000 0.0000 0.0000 0.0000 0.0000 0.0000 0.0000 0.0003 0.0002 0.0340 0.0069 0.1563 0.0173 0.0122 0.0057 0.0098 0.0461 0.0109 0.0390 0.0022 0.0138 0.0050 0.0102 0.0071
0.0005 0.0004 0.0002 0.0003 0.0003 0.0001 0.0003 0.0005 0.0002 0.0001 0.0011 0.0004 0.0001 0.0018 0.0030 0.0003 0.0002 0.0025 0.0019 0.0057 0.0035 0.0064 0.0004 0.0033 0.0001 0.0005 0.0000 0.0001 0.0000 0.0000 0.0000 0.0000 0.0000 0.0001 0.0009 0.0002 0.0031 0.0000 0.0003 0.0329 0.0192 0.0069 0.9690 0.9961 0.9941 0.9998 1.0000 0.9998 0.9937 0.9968 0.9883 0.0022 0.0003 0.0003 0.0000 0.0000 0.0000 0.0000 0.0000 0.0000 0.0000 0.0000 0.0000 0.0002 0.0000 0.0021 0.0002 0.0050 0.0004 0.0007 0.0007 0.0010 0.0015 0.0005 0.0021 0.0003 0.0013 0.0006 0.0010 0.0013
0.0010 0.0003 0.0003 0.0077 0.0033 0.0002 0.0161 0.1001 0.0024 0.0009 0.1022 0.0498 0.0004 0.0029 0.1454 0.0035 0.0004 0.0174 0.0118 0.0345 0.0132 0.2398 0.0311 0.4100 0.0134 0.0966 0.0014 0.0032 0.0001 0.0000 0.0000 0.0001 0.0005 0.0016 0.1197 0.0115 0.4004 0.0027 0.0043 0.7471 0.0044 0.0011 0.0025 0.9894 0.9977 0.9937 0.9998 1.0000 0.9997 0.9947 0.9966 0.9912 0.0037 0.0003 0.0004 0.0003 0.0000 0.0000 0.0000 0.0000 0.0000 0.0000 0.0000 0.0025 0.0005 0.0862 0.0038 0.0865 0.0026 0.0012 0.0009 0.0026 0.0048 0.0035 0.0571 0.0018 0.0170 0.0010 0.0008 0.0012
0.0030 0.0005 0.0002 0.0077 0.0258 0.0008 0.0028 0.1211 0.0163 0.0008 0.0115 0.0530 0.0007 0.0002 0.0064 0.0009 0.0000 0.0004 0.0003 0.0005 0.0004 0.0103 0.0042 0.1493 0.0043 0.1110 0.0014 0.0044 0.0002 0.0001 0.0000 0.0001 0.0007 0.0012 0.0864 0.0019 0.0720 0.0003 0.0002 0.0169 0.0007 0.0009 0.0003 0.0038 0.9942 0.9967 0.9937 0.9997 1.0000 0.9998 0.9938 0.9972 0.9913 0.0029 0.0004 0.0009 0.0003 0.0000 0.0000 0.0000 0.0003 0.0002 0.0010 0.1456 0.0193 0.8401 0.0831 0.3803 0.0093 0.0029 0.0018 0.0060 0.0498 0.0321 0.3560 0.0300 0.1822 0.0150 0.0054 0.0063
0.0008 0.0002 0.0002 0.0005 0.0011 0.0002 0.0002 0.0014 0.0007 0.0001 0.0003 0.0002 0.0000 0.0001 0.0002 0.0000 0.0000 0.0003 0.0001 0.0001 0.0000 0.0003 0.0000 0.0009 0.0000 0.0010 0.0000 0.0004 0.0000 0.0001 0.0000 0.0001 0.0002 0.0001 0.0014 0.0000 0.0004 0.0000 0.0000 0.0002 0.0000 0.0003 0.0004 0.0005 0.0027 0.9921 0.9968 0.9947 0.9998 1.0000 0.9998 0.9919 0.9954 0.9832 0.0034 0.0005 0.0008 0.0004 0.0000 0.0000 0.0003 0.0003 0.0005 0.0208 0.0014 0.0900 0.0019 0.0110 0.0005 0.0005 0.0004 0.0007 0.0044 0.0030 0.0225 0.0020 0.0216 0.0054 0.0038 0.0061
0.0036 0.0020 0.0038 0.0284 0.0012 0.0002 0.0079 0.0075 0.0005 0.0003 0.0116 0.0017 0.0001 0.0059 0.0176 0.0003 0.0002 0.0084 0.0014 0.0010 0.0001 0.0008 0.0002 0.0067 0.0004 0.0133 0.0006 0.0096 0.0011 0.0008 0.0004 0.0009 0.0060 0.0026 0.0187 0.0003 0.0024 0.0000 0.0000 0.0006 0.0000 0.0000 0.0001 0.0005 0.0003 0.0021 0.9883 0.9966 0.9938 0.9998 1.0000 0.9998 0.9924 0.9942 0.9730 0.0054 0.0010 0.0011 0.0012 0.0002 0.0010 0.0004 0.0005 0.0052 0.0005 0.0087 0.0003 0.0014 0.0001 0.0002 0.0002 0.0004 0.0007 0.0007 0.0077 0.0009 0.0089 0.0016 0.0016 0.0016
0.0141 0.0028 0.0008 0.0640 0.0329 0.0004 0.0113 0.1319 0.0032 0.0013 0.0851 0.0262 0.0002 0.0028 0.0385 0.0002 0.0000 0.0021 0.0004 0.0004 0.0001 0.0025 0.0010 0.1075 0.0057 0.4322 0.0150 0.1755 0.0093 0.0038 0.0014 0.0047 0.0380 0.0153 0.3150 0.0023 0.0421 0.0001 0.0000 0.0009 0.0000 0.0000 0.0000 0.0001 0.0004 0.0003 0.0022 0.9912 0.9972 0.9919 0.9998 1.0000 0.9998 0.9918 0.9938 0.9859 0.0076 0.0016 0.0023 0.0029 0.0271 0.0101 0.0108 0.5790 0.0269 0.6650 0.0082 0.0233 0.0004 0.0003 0.0002 0.0008 0.0052 0.0048 0.2552 0.0266 0.3158 0.0152 0.0049 0.0038
0.0123 0.0024 0.0003 0.0074 0.0117 0.0003 0.0010 0.0093 0.0009 0.0001 0.0022 0.0003 0.0000 0.0000 0.0001 0.0000 0.0000 0.0000 0.0000 0.0000 0.0000 0.0000 0.0001 0.0007 0.0003 0.0146 0.0010 0.0254 0.0019 0.0010 0.0006 0.0008 0.0047 0.0006 0.0044 0.0001 0.0003 0.0000 0.0000 0.0000 0.0000 0.0000 0.0000 0.0000 0.0001 0.0003 0.0003 0.0037 0.9913 0.9954 0.9924 0.9998 1.0000 0.9998 0.9883 0.9927 0.9718 0.0151 0.0030 0.0044 0.1399 0.0996 0.0873 0.8648 0.1103 0.4787 0.0062 0.0031 0.0001 0.0001 0.0000 0.0002 0.0018 0.0025 0.1218 0.0278 0.3498 0.0724 0.0390 0.0151
0.0024 0.0005 0.0002 0.0016 0.0004 0.0001 0.0002 0.0003 0.0001 0.0000 0.0005 0.0000 0.0000 0.0000 0.0000 0.0000 0.0000 0.0001 0.0000 0.0000 0.0000 0.0000 0.0000 0.0000 0.0000 0.0007 0.0000 0.0019 0.0006 0.0008 0.0005 0.0008 0.0018 0.0001 0.0005 0.0000 0.0000 0.0000 0.0000 0.0000 0.0000 0.0000 0.0000 0.0000 0.0000 0.0001 0.0003 0.0003 0.0029 0.9832 0.9942 0.9918 0.9998 1.0000 0.9998 0.9840 0.9824 0.9498 0.0283 0.0056 0.0180 0.0102 0.0020 0.0316 0.0003 0.0034 0.0001 0.0001 0.0000 0.0000 0.0000 0.0000 0.0001 0.0001 0.0016 0.0008 0.0155 0.0044 0.0060 0.0055
0.0155 0.0080 0.0023 0.0338 0.0052 0.0004 0.0034 0.0028 0.0001 0.0014 0.0193 0.0008 0.0001 0.0052 0.0035 0.0001 0.0001 0.0018 0.0001 0.0001 0.0000 0.0000 0.0000 0.0004 0.0003 0.0256 0.0027 0.0942 0.0253 0.0176 0.0085 0.0121 0.0728 0.0058 0.0186 0.0002 0.0002 0.0000 0.0000 0.0000 0.0000 0.0000 0.0000 0.0000 0.0000 0.0000 0.0000 0.0004 0.0004 0.0034 0.9730 0.9938 0.9883 0.9998 1.0000 0.9997 0.9798 0.9760 0.9191 0.0702 0.1521 0.0182 0.0071 0.0874 0.0012 0.0088 0.0001 0.0002 0.0000 0.0000 0.0000 0.0001 0.0002 0.0004 0.0060 0.0038 0.0876 0.0288 0.0216 0.0078
0.0201 0.0036 0.0018 0.0356 0.0115 0.0005 0.0068 0.0117 0.0003 0.0005 0.0165 0.0007 0.0000 0.0002 0.0007 0.0000 0.0000 0.0000 0.0000 0.0000 0.0000 0.0001 0.0002 0.0005 0.0003 0.0456 0.0065 0.2431 0.0400 0.0305 0.0094 0.0133 0.0641 0.0034 0.0220 0.0003 0.0003 0.0000 0.0000 0.0000 0.0000 0.0000 0.0000 0.0000 0.0000 0.0000 0.0000 0.0003 0.0009 0.0005 0.0054 0.9859 0.9927 0.9840 0.9997 1.0000 0.9996 0.9636 0.9437 0.8285 0.9457 0.5864 0.2870 0.9620 0.0423 0.1339 0.0005 0.0003 0.0000 0.0000 0.0000 0.0001 0.0005 0.0016 0.1169 0.0534 0.5691 0.1353 0.0811 0.0354
0.0042 0.0008 0.0005 0.0016 0.0004 0.0001 0.0003 0.0002 0.0000 0.0000 0.0002 0.0000 0.0000 0.0000 0.0000 0.0000 0.0000 0.0000 0.0000 0.0000 0.0000 0.0000 0.0000 0.0000 0.0000 0.0002 0.0002 0.0095 0.0037 0.0069 0.0022 0.0015 0.0026 0.0002 0.0003 0.0000 0.0000 0.0000 0.0000 0.0000 0.0000 0.0000 0.0000 0.0000 0.0000 0.0000 0.0000 0.0000 0.0003 0.0008 0.0010 0.0076 0.9718 0.9824 0.9798 0.9996 1.0000 0.9996 0.8708 0.8395 0.7840 0.4954 0.1327 0.3496 0.0039 0.0025 0.0001 0.0000 0.0000 0.0000 0.0000 0.0000 0.0001 0.0003 0.0033 0.0056 0.1106 0.0421 0.0526 0.0448
0.0019 0.0008 0.0007 0.0010 0.0003 0.0002 0.0003 0.0001 0.0001 0.0001 0.0003 0.0000 0.0000 0.0001 0.0000 0.0000 0.0000 0.0000 0.0000 0.0000 0.0000 0.0000 0.0000 0.0000 0.0000 0.0002 0.0002 0.0051 0.0032 0.0076 0.0040 0.0022 0.0038 0.0003 0.0002 0.0000 0.0000 0.0000 0.0000 0.0000 0.0000 0.0000 0.0000 0.0000 0.0000 0.0000 0.0000 0.0000 0.0000 0.0004 0.0011 0.0016 0.0151 0.9498 0.9760 0.9636 0.9996 1.0000 0.9995 0.8554 0.3180 0.0641 0.0066 0.0159 0.0004 0.0003 0.0000 0.0000 0.0000 0.0000 0.0000 0.0000 0.0000 0.0001 0.0004 0.0008 0.0115 0.0102 0.0238 0.0142
0.0033 0.0016 0.0011 0.0018 0.0006 0.0003 0.0008 0.0004 0.0001 0.0004 0.0008 0.0000 0.0000 0.0001 0.0000 0.0000 0.0000 0.0001 0.0000 0.0000 0.0000 0.0000 0.0000 0.0000 0.0001 0.0008 0.0024 0.0527 0.0363 0.0524 0.0217 0.0155 0.0219 0.0010 0.0004 0.0001 0.0000 0.0000 0.0000 0.0000 0.0000 0.0000 0.0000 0.0000 0.0000 0.0000 0.0000 0.0000 0.0000 0.0000 0.0012 0.0023 0.0030 0.0283 0.9191 0.9437 0.8708 0.9995 1.0000 0.9996 0.8529 0.1737 0.0311 0.0530 0.0016 0.0009 0.0001 0.0000 0.0000 0.0000 0.0000 0.0000 0.0001 0.0002 0.0016 0.0043 0.0747 0.0613 0.0922 0.0676
0.0027 0.0016 0.0010 0.0013 0.0005 0.0003 0.0005 0.0003 0.0001 0.0001 0.0002 0.0000 0.0000 0.0000 0.0000 0.0000 0.0000 0.0000 0.0000 0.0001 0.0001 0.0000 0.0000 0.0000 0.0001 0.0004 0.0010 0.0248 0.0318 0.0575 0.0160 0.0048 0.0036 0.0005 0.0003 0.0001 0.0000 0.0000 0.0000 0.0000 0.0000 0.0000 0.0000 0.0000 0.0000 0.0000 0.0000 0.0000 0.0000 0.0000 0.0002 0.0029 0.0044 0.0056 0.0702 0.8285 0.8395 0.8554 0.9996 1.0000 0.9994 0.8375 0.1030 0.1222 0.0021 0.0010 0.0001 0.0000 0.0000 0.0000 0.0000 0.0000 0.0000 0.0002 0.0015 0.0080 0.1080 0.1063 0.1733 0.1237
0.0041 0.0027 0.0022 0.0049 0.0016 0.0005 0.0015 0.0006 0.0002 0.0002 0.0004 0.0001 0.0000 0.0000 0.0000 0.0000 0.0000 0.0001 0.0001 0.0002 0.0002 0.0002 0.0002 0.0002 0.0004 0.0025 0.0067 0.0685 0.0786 0.0768 0.0196 0.0097 0.0139 0.0022 0.0010 0.0001 0.0000 0.0000 0.0000 0.0000 0.0000 0.0000 0.0000 0.0000 0.0000 0.0000 0.0000 0.0000 0.0003 0.0003 0.0010 0.0271 0.1399 0.0180 0.1521 0.9457 0.7840 0.3180 0.8529 0.9994 1.0000 0.9992 0.7526 0.5576 0.0368 0.0072 0.0004 0.0001 0.0000 0.0000 0.0000 0.0000 0.0001 0.0011 0.0067 0.0815 0.2712 0.2588 0.2305 0.1616
0.0050 0.0040 0.0034 0.0077 0.0018 0.0008 0.0015 0.0005 0.0002 0.0001 0.0001 0.0000 0.0000 0.0000 0.0001 0.0000 0.0000 0.0002 0.0002 0.0003 0.0004 0.0005 0.0005 0.0004 0.0005 0.0027 0.0081 0.0767 0.1214 0.1025 0.0320 0.0122 0.0115 0.0032 0.0012 0.0003 0.0000 0.0001 0.0000 0.0000 0.0000 0.0000 0.0000 0.0000 0.0000 0.0000 0.0000 0.0000 0.0002 0.0003 0.0004 0.0101 0.0996 0.0102 0.0182 0.5864 0.4954 0.0641 0.1737 0.8375 0.9992 1.0000 0.9994 0.8039 0.0287 0.0035 0.0001 0.0000 0.0000 0.0000 0.0000 0.0000 0.0003 0.0038 0.0205 0.1564 0.2882 0.4187 0.3616 0.2606
0.0041 0.0021 0.0022 0.0088 0.0019 0.0005 0.0027 0.0011 0.0002 0.0001 0.0003 0.0000 0.0000 0.0000 0.0002 0.0001 0.0000 0.0002 0.0002 0.0005 0.0007 0.0015 0.0013 0.0010 0.0014 0.0066 0.0323 0.1343 0.1556 0.0800 0.0216 0.0180 0.0148 0.0065 0.0030 0.0015 0.0002 0.0002 0.0000 0.0000 0.0000 0.0000 0.0000 0.0000 0.0000 0.0000 0.0000 0.0000 0.0010 0.0005 0.0005 0.0108 0.0873 0.0020 0.0071 0.2870 0.1327 0.0066 0.0311 0.1030 0.7526 0.9994 1.0000 0.9992 0.7359 0.0135 0.0008 0.0000 0.0000 0.0000 0.0001 0.0007 0.0032 0.1292 0.1536 0.3460 0.4928 0.5204 0.3620 0.2815
0.0055 0.0019 0.0033 0.0583 0.0115 0.0010 0.0174 0.0385 0.0007 0.0004 0.0071 0.0005 0.0000 0.0001 0.0005 0.0001 0.0000 0.0002 0.0003 0.0008 0.0010 0.0088 0.0062 0.0221 0.0112 0.1874 0.1655 0.3143 0.1686 0.0554 0.0139 0.0276 0.0720 0.0231 0.0347 0.0036 0.0015 0.0004 0.0000 0.0000 0.0000 0.0000 0.0000 0.0000 0.0002 0.0003 0.0002 0.0025 0.1456 0.0208 0.0052 0.5790 0.8648 0.0316 0.0874 0.9620 0.3496 0.0159 0.0530 0.1222 0.5576 0.8039 0.9992 1.0000 0.9991 0.9121 0.0100 0.0010 0.0001 0.0002 0.0003 0.0023 0.0158 0.1484 0.3101 0.4674 0.7480 0.4812 0.2129 0.1117
0.0016 0.0007 0.0008 0.0043 0.0012 0.0003 0.0020 0.0025 0.0002 0.0001 0.0008 0.0002 0.0000 0.0000 0.0006 0.0001 0.0000 0.0003 0.0002 0.0012 0.0042 0.0078 0.0115 0.0360 0.0498 0.2031 0.2151 0.2170 0.2168 0.0656 0.0184 0.0560 0.0685 0.0431 0.0267 0.0155 0.0023 0.0020 0.0000 0.0001 0.0000 0.0000 0.0000 0.0000 0.0001 0.0002 0.0000 0.0005 0.0193 0.0014 0.0005 0.0269 0.1103 0.0003 0.0012 0.0423 0.0039 0.0004 0.0016 0.0021 0.0368 0.0287 0.7359 0.9991 1.0000 0.9985 0.8943 0.0104 0.0025 0.0025 0.0077 0.1176 0.1553 0.4423 0.5277 0.6375 0.6515 0.4658 0.1502 0.1183
0.0014 0.0007 0.0010 0.0206 0.0074 0.0009 0.0101 0.0983 0.0036 0.0010 0.0545 0.0210 0.0003 0.0006 0.0101 0.0004 0.0001 0.0003 0.0004 0.0017 0.0019 0.0336 0.0342 0.4272 0.2808 0.5567 0.2919 0.1840 0.0561 0.0136 0.0036 0.0190 0.0582 0.0572 0.1815 0.0312 0.0304 0.0041 0.0003 0.0019 0.0000 0.0003 0.0000 0.0004 0.0421 0.0340 0.0021 0.0862 0.8401 0.0900 0.0087 0.6650 0.4787 0.0034 0.0088 0.1339 0.0025 0.0003 0.0009 0.0010 0.0072 0.0035 0.0135 0.9121 0.9985 1.0000 0.9977 0.8440 0.0228 0.0209 0.0399 0.1476 0.2520 0.5042 0.7312 0.5902 0.5985 0.1403 0.0180 0.0107
0.0008 0.0004 0.0004 0.0019 0.0010 0.0002 0.0010 0.0049 0.0004 0.0002 0.0052 0.0023 0.0001 0.0003 0.0032 0.0004 0.0001 0.0003 0.0004 0.0052 0.0077 0.0183 0.0862 0.2949 0.4075 0.4158 0.4077 0.1657 0.1461 0.0459 0.0162 0.0762 0.0778 0.1374 0.0975 0.0710 0.0349 0.0147 0.0011 0.0019 0.0000 0.0003 0.0000 0.0003 0.0059 0.0069 0.0002 0.0038 0.0831 0.0019 0.0003 0.0082 0.0062 0.0001 0.0001 0.0005 0.0001 0.0000 0.0001 0.0001 0.0004 0.0001 0.0008 0.0100 0.8943 0.9977 1.0000 0.9979 0.9069 0.2016 0.1962 0.3489 0.4625 0.7408 0.6494 0.4607 0.2645 0.0719 0.0068 0.0038
0.0009 0.0005 0.0007 0.0078 0.0038 0.0007 0.0097 0.0771 0.0038 0.0017 0.0774 0.0613 0.0019 0.0039 0.0803 0.0129 0.0007 0.0034 0.0068 0.0399 0.0197 0.1858 0.2435 0.4902 0.4179 0.3760 0.2382 0.1026 0.0340 0.0138 0.0066 0.0262 0.0415 0.0710 0.1327 0.0646 0.1546 0.0565 0.0140 0.1165 0.0027 0.0448 0.0022 0.0081 0.3956 0.1563 0.0050 0.0865 0.3803 0.0110 0.0014 0.0233 0.0031 0.0001 0.0002 0.0003 0.0000 0.0000 0.0000 0.0000 0.0001 0.0000 0.0000 0.0010 0.0104 0.8440 0.9979 1.0000 0.9988 0.6660 0.3505 0.5038 0.5215 0.6430 0.5908 0.1558 0.1271 0.0050 0.0012 0.0012
0.0008 0.0005 0.0005 0.0021 0.0010 0.0004 0.0020 0.0053 0.0007 0.0004 0.0058 0.0042 0.0007 0.0010 0.0093 0.0048 0.0005 0.0019 0.0047 0.0240 0.0310 0.1085 0.2718 0.2559 0.5126 0.2332 0.3870 0.1011 0.0951 0.0342 0.0192 0.0579 0.0564 0.1858 0.0724 0.1711 0.1059 0.1465 0.0305 0.0382 0.0018 0.0198 0.0009 0.0014 0.0327 0.0173 0.0004 0.0026 0.0093 0.0005 0.0001 0.0004 0.0001 0.0000 0.0000 0.0000 0.0000 0.0000 0.0000 0.0000 0.0000 0.0000 0.0000 0.0001 0.0025 0.0228 0.9069 0.9988 1.0000 0.9991 0.8346 0.7036 0.5415 0.5615 0.2988 0.0469 0.0060 0.0014 0.0004 0.0005
0.0009 0.0006 0.0005 0.0014 0.0010 0.0006 0.0012 0.0025 0.0008 0.0005 0.0028 0.0026 0.0011 0.0014 0.0065 0.0050 0.0014 0.0044 0.0129 0.0381 0.0427 0.0732 0.1215 0.0589 0.1492 0.0298 0.1312 0.0364 0.0534 0.0217 0.0112 0.0310 0.0283 0.0598 0.0229 0.0813 0.0438 0.1155 0.0366 0.0316 0.0047 0.0465 0.0025 0.0021 0.0273 0.0122 0.0007 0.0012 0.0029 0.0005 0.0002 0.0003 0.0001 0.0000 0.0000 0.0000 0.0000 0.0000 0.0000 0.0000 0.0000 0.0000 0.0000 0.0002 0.0025 0.0209 0.2016 0.6660 0.9991 1.0000 0.9995 0.8593 0.3778 0.1820 0.1597 0.0060 0.0028 0.0004 0.0003 0.0004
0.0008 0.0004 0.0004 0.0012 0.0008 0.0005 0.0010 0.0013 0.0007 0.0005 0.0018 0.0015 0.0008 0.0010 0.0035 0.0030 0.0011 0.0026 0.0084 0.0212 0.0184 0.0304 0.0686 0.0260 0.0739 0.0146 0.0707 0.0226 0.0404 0.0205 0.0093 0.0249 0.0152 0.0425 0.0124 0.0730 0.0358 0.1171 0.0507 0.0218 0.0042 0.0322 0.0016 0.0015 0.0130 0.0057 0.0007 0.0009 0.0018 0.0004 0.0002 0.0002 0.0000 0.0000 0.0000 0.0000 0.0000 0.0000 0.0000 0.0000 0.0000 0.0000 0.0001 0.0003 0.0077 0.0399 0.1962 0.3505 0.8346 0.9995 1.0000 0.9997 0.7803 0.0817 0.0357 0.0019 0.0007 0.0003 0.0001 0.0002
