1.0000 0.9986 0.8089 0.3891 0.2469 0.1163 0.0706 0.0210 0.0102 0.0050 0.0029 0.0019 0.0014 0.0011 0.0010 0.0009 0.0009 0.0010 0.0008 0.0008 0.0011 0.0010 0.0009 0.0014 0.0018 0.0015 0.0015 0.0013 0.0012 0.0011 0.0008 0.0005 0.0006 0.0008 0.0011 0.0016 0.0020 0.0026 0.0034 0.0035 0.0036 0.0037 0.0033 0.0031 0.0032 0.0044 0.0083 0.0090 0.0100 0.0139 0.0095 0.0118 0.0071 0.0105 0.0177 0.0052 0.0071 0.0052 0.0033 0.0026 0.0017 0.0014 0.0009 0.0009 0.0011 0.0010 0.0011 0.0012 0.0015 0.0015 0.0016 0.0023 0.0023 0.0024 0.0030 0.0037 0.0037 0.0036 0.0026 0.0015 0.0016 0.0011 0.0012 0.0009 0.0010 0.0010 0.0014 0.0010 0.0010 0.0013 0.0016 0.0012 0.0010 0.0008 0.0007 0.0006 0.0007 0.0008 0.0010 0.0013 0.0020 0.0022 0.0039 0.0044 0.0060 0.0062 0.0052 0.0030 0.0027 0.0019 0.0012 0.0010 0.0007 0.0008 0.0008 0.0008 0.0008 0.0008 0.0007 0.0008 0.0007 0.0008 0.0008 0.0009 0.0010 0.0009 0.0012 0.0015 0.0013 0.0013 0.0018 0.0024 0.0021 0.0025 0.0039 0.0039 0.0040 0.0052 0.0063 0.0058
0.9986 1.0000 0.9995 0.7741 0.4729 0.6281 0.2265 0.0412 0.0423 0.0283 0.0086 0.0044 0.0022 0.0016 0.0016 0.0014 0.0013 0.0022 0.0014 0.0014 0.0019 0.0022 0.0015 0.0017 0.0030 0.0023 0.0021 0.0015 0.0013 0.0014 0.0011 0.0008 0.0012 0.0015 0.0025 0.0036 0.0055 0.0049 0.0071 0.0117 0.0084 0.0097 0.0145 0.0145 0.0121 0.0169 0.0226 0.0369 0.0271 0.0272 0.0465 0.0286 0.0227 0.0217 0.0461 0.0275 0.0211 0.0177 0.0116 0.0058 0.0033 0.0019 0.0012 0.0008 0.0009 0.0007 0.0011 0.0017 0.0015 0.0017 0.0042 0.0038 0.0036 0.0062 0.0114 0.0091 0.0086 0.0076 0.0049 0.0031 0.0025 0.0011 0.0014 0.0014 0.0010 0.0011 0.0020 0.0016 0.0012 0.0017 0.0025 0.0018 0.0010 0.0009 0.0005 0.0007 0.0008 0.0009 0.0014 0.0025 0.0044 0.0059 0.0110 0.0137 0.0149 0.0126 0.0106 0.0093 0.0058 0.0041 0.0029 0.0021 0.0014 0.0012 0.0010 0.0010 0.0007 0.0007 0.0005 0.0006 0.0005 0.0007 0.0008 0.0009 0.0010 0.0015 0.0016 0.0022 0.0026 0.0028 0.0036 0.0081 0.0056 0.0059 0.0152 0.0132 0.0105 0.0093 0.0141 0.0095
0.8089 0.9995 1.0000 0.9994 0.9058 0.7461 0.6709 0.0870 0.0369 0.0205 0.0086 0.0030 0.0016 0.0013 0.0012 0.0010 0.0010 0.0014 0.0009 0.0010 0.0015 0.0012 0.0008 0.0014 0.0024 0.0012 0.0011 0.0010 0.0008 0.0007 0.0005 0.0004 0.0007 0.0008 0.0017 0.0022 0.0036 0.0040 0.0060 0.0066 0.0083 0.0074 0.0067 0.0073 0.0071 0.0099 0.0140 0.0185 0.0151 0.0162 0.0119 0.0146 0.0108 0.0132 0.0292 0.0109 0.0176 0.0132 0.0063 0.0044 0.0021 0.0015 0.0007 0.0006 0.0005 0.0005 0.0007 0.0010 0.0012 0.0014 0.0017 0.0029 0.0027 0.0036 0.0042 0.0052 0.0046 0.0041 0.0028 0.0015 0.0019 0.0010 0.0012 0.0009 0.0008 0.0008 0.0012 0.0009 0.0008 0.0012 0.0016 0.0010 0.0007 0.0005 0.0004 0.0004 0.0005 0.0006 0.0009 0.0016 0.0038 0.0038 0.0116 0.0125 0.0190 0.0148 0.0107 0.0065 0.0055 0.0032 0.0016 0.0012 0.0007 0.0005 0.0005 0.0005 0.0004 0.0004 0.0003 0.0003 0.0003 0.0004 0.0005 0.0005 0.0007 0.0009 0.0012 0.0019 0.0022 0.0019 0.0034 0.0066 0.0043 0.0061 0.0127 0.0116 0.0101 0.0108 0.0140 0.0099
0.3891 0.7741 0.9994 1.0000 0.9996 0.9007 0.7872 0.6798 0.0496 0.0173 0.0115 0.0060 0.0016 0.0013 0.0013 0.0011 0.0011 0.0020 0.0011 0.0011 0.0019 0.0012 0.0008 0.0018 0.0033 0.0014 0.0012 0.0010 0.0007 0.0007 0.0005 0.0004 0.0006 0.0007 0.0016 0.0019 0.0036 0.0041 0.0069 0.0073 0.0107 0.0073 0.0051 0.0053 0.0049 0.0071 0.0085 0.0130 0.0102 0.0099 0.0074 0.0082 0.0083 0.0091 0.0155 0.0085 0.0115 0.0092 0.0042 0.0028 0.0018 0.0011 0.0005 0.0005 0.0005 0.0004 0.0004 0.0008 0.0010 0.0011 0.0013 0.0023 0.0027 0.0033 0.0038 0.0064 0.0061 0.0054 0.0039 0.0021 0.0022 0.0012 0.0012 0.0010 0.0008 0.0009 0.0013 0.0009 0.0007 0.0011 0.0014 0.0008 0.0005 0.0004 0.0004 0.0004 0.0004 0.0006 0.0009 0.0019 0.0052 0.0050 0.0164 0.0145 0.0241 0.0160 0.0110 0.0073 0.0059 0.0033 0.0015 0.0010 0.0007 0.0005 0.0005 0.0005 0.0003 0.0003 0.0002 0.0003 0.0003 0.0003 0.0004 0.0005 0.0007 0.0007 0.0011 0.0018 0.0025 0.0019 0.0036 0.0072 0.0043 0.0054 0.0141 0.0126 0.0104 0.0117 0.0178 0.0108
0.2469 0.4729 0.9058 0.9996 1.0000 0.9996 0.9368 0.8006 0.6983 0.0349 0.0150 0.0130 0.0039 0.0014 0.0017 0.0011 0.0016 0.0045 0.0012 0.0010 0.0045 0.0049 0.0011 0.0022 0.0058 0.0019 0.0010 0.0008 0.0008 0.0008 0.0010 0.0007 0.0012 0.0014 0.0044 0.0048 0.0075 0.0070 0.0123 0.0164 0.0173 0.0141 0.0118 0.0104 0.0092 0.0148 0.0156 0.0181 0.0132 0.0132 0.0115 0.0080 0.0079 0.0088 0.0236 0.0140 0.0171 0.0159 0.0083 0.0047 0.0021 0.0014 0.0008 0.0005 0.0005 0.0003 0.0005 0.0009 0.0009 0.0012 0.0020 0.0025 0.0022 0.0044 0.0065 0.0090 0.0095 0.0087 0.0068 0.0041 0.0034 0.0014 0.0020 0.0022 0.0012 0.0013 0.0032 0.0018 0.0011 0.0016 0.0024 0.0011 0.0005 0.0005 0.0004 0.0004 0.0005 0.0007 0.0014 0.0044 0.0170 0.0142 0.0491 0.0328 0.0446 0.0272 0.0209 0.0195 0.0181 0.0101 0.0038 0.0019 0.0014 0.0009 0.0010 0.0007 0.0003 0.0004 0.0002 0.0004 0.0003 0.0004 0.0004 0.0005 0.0008 0.0010 0.0015 0.0036 0.0083 0.0044 0.0093 0.0320 0.0112 0.0131 0.0429 0.0394 0.0197 0.0187 0.0318 0.0173
0.1163 0.6281 0.7461 0.9007 0.9996 1.0000 0.9995 0.9150 0.8608 0.6589 0.0443 0.0327 0.0113 0.0042 0.0045 0.0018 0.0027 0.0171 0.0036 0.0015 0.0049 0.0072 0.0018 0.0023 0.0043 0.0015 0.0008 0.0005 0.0008 0.0008 0.0011 0.0011 0.0022 0.0028 0.0079 0.0091 0.0185 0.0109 0.0196 0.0429 0.0277 0.0226 0.0296 0.0260 0.0181 0.0256 0.0229 0.0258 0.0130 0.0103 0.0128 0.0063 0.0071 0.0070 0.0203 0.0226 0.0241 0.0252 0.0174 0.0062 0.0029 0.0015 0.0010 0.0004 0.0004 0.0003 0.0004 0.0009 0.0008 0.0011 0.0032 0.0022 0.0017 0.0039 0.0068 0.0085 0.0090 0.0072 0.0048 0.0038 0.0037 0.0012 0.0020 0.0042 0.0014 0.0010 0.0036 0.0023 0.0010 0.0012 0.0025 0.0014 0.0005 0.0006 0.0004 0.0004 0.0006 0.0008 0.0021 0.0099 0.0435 0.0369 0.0936 0.0633 0.0620 0.0290 0.0283 0.0492 0.0369 0.0292 0.0111 0.0038 0.0021 0.0008 0.0009 0.0007 0.0003 0.0005 0.0003 0.0004 0.0003 0.0003 0.0005 0.0006 0.0008 0.0015 0.0016 0.0028 0.0078 0.0068 0.0111 0.0543 0.0270 0.0249 0.0866 0.0873 0.0378 0.0283 0.0474 0.0298
0.0706 0.2265 0.6709 0.7872 0.9368 0.9995 1.0000 0.9996 0.9296 0.7880 0.5756 0.0417 0.0140 0.0058 0.0048 0.0014 0.0033 0.0108 0.0014 0.0012 0.0052 0.0032 0.0009 0.0012 0.0022 0.0008 0.0005 0.0003 0.0004 0.0003 0.0005 0.0004 0.0008 0.0008 0.0029 0.0030 0.0070 0.0060 0.0104 0.0160 0.0146 0.0095 0.0090 0.0063 0.0047 0.0065 0.0066 0.0095 0.0057 0.0055 0.0043 0.0033 0.0036 0.0040 0.0060 0.0051 0.0070 0.0074 0.0038 0.0025 0.0014 0.0009 0.0004 0.0003 0.0003 0.0002 0.0003 0.0004 0.0005 0.0007 0.0008 0.0011 0.0013 0.0016 0.0019 0.0035 0.0035 0.0030 0.0022 0.0014 0.0018 0.0010 0.0013 0.0016 0.0008 0.0008 0.0017 0.0009 0.0007 0.0008 0.0011 0.0007 0.0003 0.0004 0.0002 0.0003 0.0004 0.0005 0.0010 0.0041 0.0239 0.0206 0.0764 0.0445 0.0621 0.0316 0.0275 0.0301 0.0236 0.0124 0.0030 0.0012 0.0007 0.0004 0.0004 0.0003 0.0003 0.0004 0.0002 0.0004 0.0002 0.0003 0.0003 0.0004 0.0006 0.0009 0.0011 0.0018 0.0042 0.0030 0.0052 0.0170 0.0116 0.0123 0.0329 0.0326 0.0199 0.0175 0.0312 0.0192
0.0210 0.0412 0.0870 0.6798 0.8006 0.9150 0.9996 1.0000 0.9995 0.9263 0.7217 0.4987 0.0250 0.0075 0.0087 0.0017 0.0060 0.0206 0.0018 0.0019 0.0258 0.0075 0.0011 0.0033 0.0101 0.0012 0.0006 0.0004 0.0005 0.0003 0.0005 0.0004 0.0009 0.0010 0.0047 0.0037 0.0080 0.0069 0.0138 0.0210 0.0164 0.0119 0.0122 0.0083 0.0053 0.0065 0.0066 0.0061 0.0035 0.0034 0.0037 0.0030 0.0033 0.0042 0.0063 0.0044 0.0054 0.0065 0.0040 0.0025 0.0011 0.0007 0.0003 0.0002 0.0003 0.0002 0.0003 0.0004 0.0005 0.0007 0.0008 0.0014 0.0016 0.0021 0.0023 0.0036 0.0033 0.0027 0.0019 0.0016 0.0021 0.0013 0.0019 0.0023 0.0009 0.0007 0.0021 0.0010 0.0007 0.0011 0.0015 0.0007 0.0003 0.0003 0.0003 0.0004 0.0004 0.0005 0.0009 0.0033 0.0206 0.0126 0.0545 0.0307 0.0483 0.0246 0.0230 0.0247 0.0181 0.0098 0.0026 0.0009 0.0005 0.0004 0.0003 0.0003 0.0003 0.0003 0.0001 0.0004 0.0002 0.0002 0.0003 0.0004 0.0007 0.0009 0.0012 0.0031 0.0085 0.0037 0.0060 0.0181 0.0141 0.0126 0.0256 0.0292 0.0197 0.0148 0.0256 0.0162
0.0102 0.0423 0.0369 0.0496 0.6983 0.8608 0.9296 0.9995 1.0000 0.9996 0.9264 0.7800 0.4172 0.0261 0.0422 0.0080 0.0308 0.2153 0.0150 0.0059 0.0696 0.0744 0.0035 0.0036 0.0120 0.0021 0.0005 0.0003 0.0005 0.0005 0.0019 0.0014 0.0055 0.0047 0.0201 0.0137 0.0222 0.0103 0.0172 0.0452 0.0228 0.0204 0.0432 0.0294 0.0148 0.0162 0.0117 0.0082 0.0031 0.0029 0.0055 0.0030 0.0033 0.0039 0.0090 0.0142 0.0139 0.0259 0.0236 0.0085 0.0029 0.0010 0.0005 0.0003 0.0003 0.0002 0.0003 0.0007 0.0005 0.0007 0.0024 0.0021 0.0018 0.0045 0.0099 0.0075 0.0061 0.0046 0.0028 0.0030 0.0041 0.0013 0.0035 0.0090 0.0017 0.0014 0.0099 0.0050 0.0014 0.0019 0.0061 0.0020 0.0006 0.0008 0.0003 0.0005 0.0007 0.0010 0.0030 0.0171 0.0806 0.0467 0.1167 0.0625 0.0610 0.0280 0.0380 0.0846 0.0654 0.0533 0.0261 0.0057 0.0039 0.0008 0.0006 0.0004 0.0003 0.0004 0.0002 0.0004 0.0002 0.0003 0.0005 0.0007 0.0008 0.0022 0.0022 0.0055 0.0225 0.0121 0.0134 0.0665 0.0503 0.0331 0.0997 0.1142 0.0529 0.0289 0.0583 0.0412
0.0050 0.0283 0.0205 0.0173 0.0349 0.6589 0.7880 0.9263 0.9996 1.0000 0.9997 0.9151 0.6831 0.3034 0.0312 0.0120 0.0508 0.0983 0.0042 0.0026 0.0269 0.0089 0.0010 0.0012 0.0018 0.0005 0.0002 0.0001 0.0002 0.0003 0.0005 0.0005 0.0012 0.0012 0.0055 0.0046 0.0094 0.0059 0.0082 0.0179 0.0092 0.0063 0.0102 0.0077 0.0049 0.0055 0.0040 0.0035 0.0019 0.0017 0.0020 0.0016 0.0021 0.0023 0.0035 0.0034 0.0062 0.0077 0.0060 0.0027 0.0010 0.0004 0.0002 0.0001 0.0002 0.0002 0.0002 0.0004 0.0005 0.0006 0.0008 0.0012 0.0012 0.0018 0.0027 0.0047 0.0042 0.0038 0.0020 0.0011 0.0015 0.0007 0.0013 0.0014 0.0005 0.0007 0.0020 0.0011 0.0006 0.0011 0.0020 0.0009 0.0005 0.0004 0.0003 0.0003 0.0004 0.0005 0.0011 0.0046 0.0256 0.0112 0.0553 0.0250 0.0362 0.0197 0.0181 0.0254 0.0225 0.0112 0.0041 0.0014 0.0008 0.0004 0.0003 0.0003 0.0002 0.0003 0.0002 0.0004 0.0002 0.0003 0.0005 0.0010 0.0008 0.0012 0.0014 0.0032 0.0110 0.0044 0.0054 0.0203 0.0200 0.0110 0.0293 0.0357 0.0233 0.0164 0.0313 0.0231
0.0029 0.0086 0.0086 0.0115 0.0150 0.0443 0.5756 0.7217 0.9264 0.9997 1.0000 0.9997 0.8735 0.4469 0.2176 0.0216 0.1576 0.2930 0.0133 0.0072 0.0929 0.0157 0.0014 0.0016 0.0025 0.0004 0.0001 0.0001 0.0002 0.0002 0.0005 0.0004 0.0016 0.0014 0.0066 0.0049 0.0117 0.0074 0.0095 0.0216 0.0120 0.0066 0.0111 0.0060 0.0040 0.0036 0.0027 0.0028 0.0016 0.0014 0.0016 0.0014 0.0017 0.0021 0.0028 0.0030 0.0040 0.0055 0.0056 0.0024 0.0010 0.0005 0.0002 0.0002 0.0002 0.0001 0.0002 0.0004 0.0005 0.0005 0.0008 0.0010 0.0011 0.0012 0.0027 0.0055 0.0047 0.0035 0.0023 0.0014 0.0014 0.0006 0.0011 0.0011 0.0005 0.0006 0.0015 0.0010 0.0005 0.0008 0.0020 0.0011 0.0005 0.0004 0.0003 0.0003 0.0003 0.0005 0.0012 0.0044 0.0312 0.0119 0.0598 0.0325 0.0462 0.0247 0.0242 0.0337 0.0223 0.0130 0.0049 0.0014 0.0010 0.0005 0.0003 0.0003 0.0001 0.0003 0.0001 0.0003 0.0002 0.0003 0.0004 0.0010 0.0010 0.0014 0.0014 0.0028 0.0144 0.0075 0.0063 0.0242 0.0291 0.0159 0.0353 0.0496 0.0353 0.0217 0.0481 0.0333
0.0019 0.0044 0.0030 0.0060 0.0130 0.0327 0.0417 0.4987 0.7800 0.9151 0.9997 1.0000 0.9995 0.8501 0.5330 0.1906 0.5142 0.7130 0.0710 0.0465 0.2430 0.0859 0.0034 0.0038 0.0027 0.0004 0.0001 0.0001 0.0003 0.0003 0.0009 0.0012 0.0079 0.0057 0.0289 0.0124 0.0238 0.0096 0.0120 0.0372 0.0142 0.0086 0.0221 0.0113 0.0065 0.0051 0.0038 0.0033 0.0015 0.0012 0.0018 0.0014 0.0015 0.0022 0.0043 0.0087 0.0106 0.0226 0.0331 0.0102 0.0042 0.0011 0.0004 0.0002 0.0002 0.0001 0.0002 0.0004 0.0004 0.0007 0.0014 0.0014 0.0012 0.0022 0.0057 0.0069 0.0061 0.0041 0.0029 0.0026 0.0034 0.0010 0.0029 0.0034 0.0008 0.0009 0.0057 0.0033 0.0007 0.0022 0.0095 0.0023 0.0007 0.0006 0.0003 0.0003 0.0004 0.0005 0.0016 0.0058 0.0449 0.0193 0.0752 0.0435 0.0419 0.0220 0.0305 0.0626 0.0463 0.0382 0.0199 0.0049 0.0024 0.0007 0.0004 0.0003 0.0001 0.0004 0.0002 0.0004 0.0002 0.0003 0.0007 0.0010 0.0011 0.0025 0.0024 0.0041 0.0261 0.0203 0.0126 0.0470 0.0674 0.0320 0.0715 0.0934 0.0548 0.0237 0.0532 0.0416
0.0014 0.0022 0.0016 0.0016 0.0039 0.0113 0.0140 0.0250 0.4172 0.6831 0.8735 0.9995 1.0000 0.9995 0.5737 0.1578 0.6389 0.3506 0.0077 0.0081 0.0275 0.0021 0.0002 0.0002 0.0001 0.0001 0.0000 0.0000 0.0001 0.0001 0.0003 0.0002 0.0015 0.0010 0.0083 0.0036 0.0065 0.0046 0.0057 0.0142 0.0058 0.0033 0.0044 0.0026 0.0017 0.0015 0.0015 0.0014 0.0009 0.0007 0.0008 0.0009 0.0010 0.0012 0.0017 0.0020 0.0032 0.0048 0.0066 0.0025 0.0014 0.0009 0.0002 0.0002 0.0001 0.0001 0.0001 0.0002 0.0003 0.0005 0.0006 0.0010 0.0010 0.0015 0.0020 0.0033 0.0031 0.0025 0.0017 0.0011 0.0016 0.0007 0.0014 0.0009 0.0003 0.0006 0.0016 0.0008 0.0004 0.0012 0.0028 0.0010 0.0004 0.0003 0.0002 0.0002 0.0002 0.0003 0.0006 0.0012 0.0061 0.0038 0.0165 0.0126 0.0188 0.0113 0.0140 0.0123 0.0135 0.0061 0.0027 0.0010 0.0005 0.0003 0.0002 0.0001 0.0001 0.0001 0.0001 0.0002 0.0002 0.0003 0.0004 0.0009 0.0010 0.0015 0.0016 0.0025 0.0118 0.0081 0.0045 0.0132 0.0266 0.0121 0.0145 0.0202 0.0235 0.0105 0.0174 0.0180
0.0011 0.0016 0.0013 0.0013 0.0014 0.0042 0.0058 0.0075 0.0261 0.3034 0.4469 0.8501 0.9995 1.0000 0.9992 0.9863 0.9832 0.8868 0.0482 0.0282 0.0126 0.0033 0.0002 0.0001 0.0000 0.0000 0.0000 0.0000 0.0001 0.0001 0.0003 0.0003 0.0022 0.0011 0.0073 0.0025 0.0044 0.0036 0.0064 0.0093 0.0038 0.0022 0.0023 0.0015 0.0012 0.0010 0.0011 0.0010 0.0007 0.0005 0.0005 0.0005 0.0008 0.0010 0.0014 0.0018 0.0029 0.0037 0.0044 0.0019 0.0013 0.0005 0.0003 0.0002 0.0001 0.0001 0.0001 0.0003 0.0004 0.0004 0.0005 0.0010 0.0008 0.0008 0.0013 0.0019 0.0018 0.0017 0.0010 0.0007 0.0010 0.0003 0.0008 0.0007 0.0002 0.0003 0.0010 0.0005 0.0002 0.0007 0.0025 0.0009 0.0005 0.0003 0.0003 0.0002 0.0002 0.0002 0.0005 0.0011 0.0063 0.0034 0.0122 0.0101 0.0093 0.0071 0.0100 0.0113 0.0111 0.0074 0.0035 0.0012 0.0006 0.0003 0.0003 0.0002 0.0001 0.0001 0.0001 0.0002 0.0001 0.0004 0.0004 0.0007 0.0011 0.0023 0.0017 0.0019 0.0083 0.0077 0.0054 0.0117 0.0164 0.0084 0.0128 0.0152 0.0170 0.0083 0.0125 0.0153
0.0010 0.0016 0.0012 0.0013 0.0017 0.0045 0.0048 0.0087 0.0422 0.0312 0.2176 0.5330 0.5737 0.9992 1.0000 0.9998 0.9707 0.9786 0.9474 0.0111 0.0022 0.0020 0.0012 0.0000 0.0000 0.0000 0.0000 0.0001 0.0002 0.0004 0.0027 0.0061 0.0675 0.0217 0.0973 0.0194 0.0370 0.0137 0.0212 0.0444 0.0132 0.0106 0.0137 0.0081 0.0066 0.0046 0.0030 0.0025 0.0012 0.0006 0.0007 0.0006 0.0009 0.0012 0.0027 0.0063 0.0132 0.0229 0.0424 0.0153 0.0137 0.0025 0.0014 0.0005 0.0005 0.0003 0.0004 0.0008 0.0005 0.0007 0.0016 0.0020 0.0014 0.0021 0.0059 0.0048 0.0038 0.0034 0.0021 0.0014 0.0023 0.0005 0.0015 0.0034 0.0005 0.0007 0.0071 0.0038 0.0009 0.0067 0.0242 0.0079 0.0025 0.0021 0.0007 0.0005 0.0005 0.0006 0.0027 0.0065 0.0597 0.0253 0.0623 0.0355 0.0215 0.0145 0.0267 0.0644 0.0991 0.0943 0.0662 0.0233 0.0088 0.0026 0.0008 0.0005 0.0002 0.0006 0.0002 0.0002 0.0002 0.0007 0.0016 0.0010 0.0030 0.0122 0.0063 0.0079 0.0468 0.0647 0.0340 0.1073 0.1443 0.0707 0.1168 0.1322 0.1190 0.0377 0.0448 0.0538
0.0009 0.0014 0.0010 0.0011 0.0011 0.0018 0.0014 0.0017 0.0080 0.0120 0.0216 0.1906 0.1578 0.9863 0.9998 1.0000 0.9998 0.9870 0.9807 0.9679 0.0069 0.0010 0.0012 0.0010 0.0000 0.0000 0.0000 0.0001 0.0003 0.0007 0.0033 0.0056 0.0323 0.0058 0.0275 0.0044 0.0036 0.0019 0.0023 0.0047 0.0019 0.0021 0.0032 0.0041 0.0045 0.0025 0.0026 0.0019 0.0011 0.0006 0.0005 0.0004 0.0007 0.0011 0.0017 0.0030 0.0120 0.0125 0.0103 0.0049 0.0060 0.0023 0.0012 0.0007 0.0007 0.0004 0.0006 0.0010 0.0008 0.0009 0.0014 0.0019 0.0012 0.0012 0.0018 0.0023 0.0019 0.0013 0.0009 0.0005 0.0005 0.0003 0.0005 0.0006 0.0002 0.0004 0.0024 0.0008 0.0004 0.0034 0.0128 0.0041 0.0016 0.0009 0.0003 0.0003 0.0003 0.0004 0.0011 0.0018 0.0104 0.0051 0.0086 0.0061 0.0058 0.0047 0.0067 0.0098 0.0138 0.0158 0.0155 0.0054 0.0041 0.0013 0.0006 0.0004 0.0002 0.0003 0.0001 0.0001 0.0003 0.0005 0.0006 0.0006 0.0012 0.0037 0.0022 0.0031 0.0119 0.0171 0.0115 0.0340 0.0378 0.0243 0.0334 0.0257 0.0413 0.0131 0.0123 0.0233
0.0009 0.0013 0.0010 0.0011 0.0016 0.0027 0.0033 0.0060 0.0308 0.0508 0.1576 0.5142 0.6389 0.9832 0.9707 0.9998 1.0000 0.9997 0.9891 0.9914 0.9726 0.0063 0.0010 0.0015 0.0007 0.0001 0.0000 0.0000 0.0003 0.0002 0.0010 0.0008 0.0032 0.0009 0.0028 0.0011 0.0014 0.0008 0.0011 0.0027 0.0009 0.0009 0.0012 0.0011 0.0011 0.0009 0.0008 0.0009 0.0009 0.0005 0.0003 0.0002 0.0003 0.0004 0.0006 0.0010 0.0025 0.0029 0.0021 0.0014 0.0018 0.0007 0.0004 0.0003 0.0003 0.0003 0.0003 0.0005 0.0004 0.0005 0.0007 0.0009 0.0006 0.0007 0.0014 0.0023 0.0019 0.0013 0.0010 0.0004 0.0007 0.0002 0.0007 0.0008 0.0002 0.0002 0.0014 0.0004 0.0001 0.0004 0.0016 0.0005 0.0002 0.0002 0.0002 0.0002 0.0002 0.0002 0.0005 0.0008 0.0026 0.0015 0.0028 0.0032 0.0032 0.0026 0.0033 0.0036 0.0037 0.0037 0.0036 0.0012 0.0012 0.0005 0.0004 0.0003 0.0001 0.0003 0.0001 0.0001 0.0001 0.0004 0.0005 0.0003 0.0013 0.0044 0.0014 0.0015 0.0089 0.0075 0.0022 0.0063 0.0101 0.0049 0.0055 0.0069 0.0081 0.0037 0.0048 0.0081
0.0010 0.0022 0.0014 0.0020 0.0045 0.0171 0.0108 0.0206 0.2153 0.0983 0.2930 0.7130 0.3506 0.8868 0.9786 0.9870 0.9997 1.0000 0.9999 0.9915 0.9895 0.9707 0.0093 0.0009 0.0011 0.0013 0.0001 0.0000 0.0006 0.0005 0.0108 0.0155 0.0613 0.0238 0.0274 0.0058 0.0175 0.0018 0.0033 0.0320 0.0030 0.0019 0.0054 0.0033 0.0036 0.0019 0.0011 0.0014 0.0008 0.0004 0.0005 0.0002 0.0003 0.0003 0.0007 0.0021 0.0027 0.0066 0.0138 0.0055 0.0089 0.0008 0.0014 0.0002 0.0005 0.0003 0.0002 0.0008 0.0003 0.0004 0.0026 0.0023 0.0008 0.0020 0.0178 0.0143 0.0101 0.0071 0.0049 0.0037 0.0061 0.0005 0.0046 0.0181 0.0009 0.0007 0.0210 0.0074 0.0004 0.0018 0.0128 0.0038 0.0005 0.0007 0.0002 0.0002 0.0005 0.0004 0.0032 0.0071 0.0649 0.0225 0.0372 0.0152 0.0055 0.0033 0.0065 0.0245 0.0239 0.0419 0.0513 0.0286 0.0122 0.0044 0.0013 0.0007 0.0003 0.0029 0.0005 0.0003 0.0003 0.0060 0.0058 0.0014 0.0149 0.0691 0.0125 0.0088 0.1063 0.1353 0.0216 0.1079 0.2048 0.0417 0.0705 0.1121 0.0562 0.0102 0.0154 0.0272
0.0008 0.0014 0.0009 0.0011 0.0012 0.0036 0.0014 0.0018 0.0150 0.0042 0.0133 0.0710 0.0077 0.0482 0.9474 0.9807 0.9891 0.9999 1.0000 0.9998 0.9908 0.9902 0.9793 0.0114 0.0015 0.0035 0.0008 0.0003 0.0096 0.0080 0.1608 0.1176 0.4839 0.0809 0.0911 0.0077 0.0081 0.0010 0.0010 0.0136 0.0017 0.0021 0.0096 0.0075 0.0100 0.0072 0.0059 0.0078 0.0019 0.0007 0.0023 0.0006 0.0009 0.0007 0.0021 0.0182 0.0185 0.0371 0.0522 0.0325 0.0453 0.0042 0.0113 0.0007 0.0016 0.0005 0.0009 0.0036 0.0009 0.0015 0.0121 0.0050 0.0013 0.0028 0.0158 0.0058 0.0038 0.0026 0.0016 0.0012 0.0027 0.0004 0.0032 0.0122 0.0006 0.0005 0.0217 0.0214 0.0015 0.0087 0.0521 0.0259 0.0036 0.0039 0.0004 0.0004 0.0011 0.0008 0.0095 0.0192 0.0705 0.0549 0.0233 0.0098 0.0038 0.0021 0.0035 0.0173 0.0144 0.0518 0.1312 0.0875 0.1252 0.0336 0.0093 0.0041 0.0007 0.0064 0.0005 0.0002 0.0003 0.0047 0.0034 0.0009 0.0047 0.0659 0.0099 0.0066 0.0653 0.1662 0.0241 0.1123 0.2141 0.0663 0.1064 0.1013 0.0977 0.0150 0.0124 0.0291
0.0008 0.0014 0.0010 0.0011 0.0010 0.0015 0.0012 0.0019 0.0059 0.0026 0.0072 0.0465 0.0081 0.0282 0.0111 0.9679 0.9914 0.9915 0.9998 1.0000 0.9998 0.9877 0.9866 0.9603 0.0178 0.0041 0.0015 0.0008 0.0070 0.0027 0.0322 0.0076 0.0402 0.0016 0.0030 0.0008 0.0005 0.0002 0.0003 0.0008 0.0003 0.0003 0.0008 0.0010 0.0014 0.0018 0.0019 0.0025 0.0017 0.0008 0.0015 0.0005 0.0007 0.0006 0.0010 0.0038 0.0060 0.0064 0.0064 0.0060 0.0046 0.0013 0.0020 0.0008 0.0016 0.0007 0.0016 0.0052 0.0020 0.0022 0.0053 0.0053 0.0021 0.0018 0.0036 0.0026 0.0017 0.0010 0.0006 0.0003 0.0003 0.0001 0.0005 0.0006 0.0001 0.0002 0.0025 0.0012 0.0003 0.0011 0.0063 0.0019 0.0006 0.0004 0.0002 0.0001 0.0003 0.0003 0.0008 0.0013 0.0023 0.0033 0.0025 0.0019 0.0014 0.0010 0.0009 0.0014 0.0015 0.0028 0.0055 0.0040 0.0115 0.0054 0.0036 0.0016 0.0004 0.0008 0.0002 0.0001 0.0002 0.0012 0.0009 0.0005 0.0016 0.0059 0.0018 0.0016 0.0082 0.0082 0.0029 0.0088 0.0137 0.0077 0.0159 0.0091 0.0189 0.0072 0.0066 0.0106
0.0011 0.0019 0.0015 0.0019 0.0045 0.0049 0.0052 0.0258 0.0696 0.0269 0.0929 0.2430 0.0275 0.0126 0.0022 0.0069 0.9726 0.9895 0.9908 0.9998 1.0000 0.9999 0.9836 0.9746 0.8627 0.0307 0.0031 0.0010 0.0065 0.0018 0.0091 0.0060 0.0063 0.0012 0.0012 0.0004 0.0005 0.0001 0.0002 0.0010 0.0003 0.0002 0.0005 0.0005 0.0007 0.0005 0.0008 0.0011 0.0008 0.0004 0.0005 0.0004 0.0003 0.0003 0.0004 0.0009 0.0008 0.0013 0.0014 0.0012 0.0011 0.0004 0.0007 0.0004 0.0008 0.0004 0.0008 0.0017 0.0007 0.0007 0.0017 0.0019 0.0008 0.0012 0.0047 0.0042 0.0038 0.0027 0.0026 0.0010 0.0022 0.0003 0.0029 0.0026 0.0003 0.0008 0.0068 0.0008 0.0002 0.0005 0.0025 0.0008 0.0002 0.0002 0.0001 0.0001 0.0003 0.0003 0.0005 0.0012 0.0030 0.0021 0.0019 0.0016 0.0012 0.0009 0.0009 0.0014 0.0011 0.0019 0.0022 0.0018 0.0038 0.0028 0.0024 0.0022 0.0012 0.0068 0.0018 0.0002 0.0004 0.0168 0.0019 0.0011 0.0181 0.0507 0.0041 0.0044 0.0549 0.0230 0.0035 0.0088 0.0225 0.0077 0.0063 0.0104 0.0102 0.0038 0.0048 0.0089
0.0010 0.0022 0.0012 0.0012 0.0049 0.0072 0.0032 0.0075 0.0744 0.0089 0.0157 0.0859 0.0021 0.0033 0.0020 0.0010 0.0063 0.9707 0.9902 0.9877 0.9999 1.0000 0.9998 0.9775 0.9417 0.7889 0.0236 0.0113 0.1310 0.0476 0.3444 0.1157 0.3043 0.0270 0.0120 0.0012 0.0018 0.0002 0.0002 0.0018 0.0005 0.0005 0.0017 0.0022 0.0038 0.0033 0.0049 0.0098 0.0020 0.0006 0.0009 0.0004 0.0004 0.0003 0.0007 0.0025 0.0013 0.0035 0.0108 0.0084 0.0222 0.0029 0.0113 0.0010 0.0024 0.0006 0.0019 0.0051 0.0009 0.0013 0.0123 0.0044 0.0009 0.0025 0.0187 0.0057 0.0044 0.0042 0.0053 0.0059 0.0107 0.0010 0.0089 0.0294 0.0019 0.0019 0.0375 0.0234 0.0011 0.0037 0.0354 0.0154 0.0014 0.0019 0.0003 0.0004 0.0016 0.0010 0.0049 0.0138 0.0305 0.0174 0.0057 0.0030 0.0015 0.0007 0.0009 0.0037 0.0021 0.0099 0.0446 0.0524 0.1365 0.0942 0.0471 0.0280 0.0074 0.0655 0.0080 0.0005 0.0015 0.0696 0.0291 0.0029 0.0369 0.2706 0.0338 0.0124 0.1490 0.2754 0.0245 0.0798 0.1906 0.0554 0.0504 0.0828 0.0611 0.0121 0.0111 0.0221
0.0009 0.0015 0.0008 0.0008 0.0011 0.0018 0.0009 0.0011 0.0035 0.0010 0.0014 0.0034 0.0002 0.0002 0.0012 0.0012 0.0010 0.0093 0.9793 0.9866 0.9836 0.9998 1.0000 0.9998 0.9473 0.9078 0.2400 0.0619 0.3657 0.1658 0.6303 0.1447 0.2110 0.0060 0.0027 0.0003 0.0003 0.0001 0.0001 0.0004 0.0001 0.0002 0.0008 0.0012 0.0033 0.0047 0.0174 0.0349 0.0125 0.0033 0.0063 0.0009 0.0016 0.0011 0.0025 0.0128 0.0033 0.0075 0.0200 0.0269 0.0362 0.0143 0.0631 0.0108 0.0263 0.0032 0.0151 0.0386 0.0065 0.0067 0.0469 0.0156 0.0023 0.0033 0.0122 0.0033 0.0021 0.0013 0.0008 0.0007 0.0012 0.0002 0.0012 0.0040 0.0004 0.0003 0.0148 0.0122 0.0009 0.0026 0.0425 0.0215 0.0035 0.0041 0.0005 0.0007 0.0029 0.0022 0.0042 0.0095 0.0045 0.0110 0.0022 0.0014 0.0006 0.0004 0.0004 0.0019 0.0017 0.0044 0.0195 0.0280 0.1388 0.1229 0.0772 0.0380 0.0064 0.0198 0.0014 0.0004 0.0005 0.0087 0.0063 0.0014 0.0036 0.0517 0.0098 0.0025 0.0181 0.0683 0.0092 0.0324 0.0427 0.0188 0.0404 0.0271 0.0325 0.0095 0.0070 0.0131
0.0014 0.0017 0.0014 0.0018 0.0022 0.0023 0.0012 0.0033 0.0036 0.0012 0.0016 0.0038 0.0002 0.0001 0.0000 0.0010 0.0015 0.0009 0.0114 0.9603 0.9746 0.9775 0.9998 1.0000 0.9997 0.8587 0.2791 0.0636 0.0572 0.0107 0.0311 0.0032 0.0032 0.0003 0.0002 0.0001 0.0001 0.0001 0.0000 0.0001 0.0000 0.0001 0.0001 0.0003 0.0005 0.0006 0.0013 0.0033 0.0035 0.0011 0.0010 0.0004 0.0005 0.0004 0.0005 0.0012 0.0009 0.0014 0.0018 0.0019 0.0016 0.0020 0.0050 0.0030 0.0081 0.0033 0.0082 0.0137 0.0042 0.0030 0.0050 0.0034 0.0008 0.0007 0.0016 0.0014 0.0010 0.0007 0.0005 0.0003 0.0003 0.0002 0.0009 0.0005 0.0002 0.0003 0.0022 0.0005 0.0002 0.0009 0.0035 0.0020 0.0011 0.0007 0.0003 0.0003 0.0004 0.0004 0.0003 0.0005 0.0004 0.0004 0.0004 0.0005 0.0004 0.0003 0.0002 0.0004 0.0004 0.0005 0.0008 0.0006 0.0042 0.0057 0.0113 0.0138 0.0044 0.0078 0.0014 0.0006 0.0005 0.0073 0.0018 0.0009 0.0025 0.0074 0.0021 0.0014 0.0041 0.0048 0.0020 0.0027 0.0038 0.0029 0.0040 0.0045 0.0067 0.0044 0.0043 0.0062
0.0018 0.0030 0.0024 0.0033 0.0058 0.0043 0.0022 0.0101 0.0120 0.0018 0.0025 0.0027 0.0001 0.0000 0.0000 0.0000 0.0007 0.0011 0.0015 0.0178 0.8627 0.9417 0.9473 0.9997 1.0000 0.9994 0.6172 0.0896 0.1867 0.0121 0.0445 0.0055 0.0038 0.0002 0.0002 0.0001 0.0000 0.0000 0.0000 0.0000 0.0000 0.0000 0.0001 0.0002 0.0005 0.0005 0.0010 0.0023 0.0019 0.0008 0.0007 0.0003 0.0003 0.0003 0.0004 0.0006 0.0005 0.0008 0.0011 0.0011 0.0014 0.0025 0.0052 0.0030 0.0073 0.0028 0.0076 0.0107 0.0022 0.0018 0.0034 0.0019 0.0005 0.0007 0.0018 0.0017 0.0017 0.0016 0.0020 0.0015 0.0033 0.0011 0.0077 0.0041 0.0006 0.0026 0.0116 0.0014 0.0004 0.0015 0.0044 0.0022 0.0010 0.0010 0.0005 0.0005 0.0007 0.0006 0.0004 0.0008 0.0005 0.0005 0.0005 0.0004 0.0003 0.0002 0.0001 0.0004 0.0006 0.0009 0.0015 0.0008 0.0046 0.0074 0.0278 0.0327 0.0266 0.0770 0.0230 0.0022 0.0055 0.1210 0.0161 0.0035 0.0406 0.0715 0.0073 0.0049 0.0219 0.0206 0.0043 0.0048 0.0096 0.0062 0.0043 0.0057 0.0107 0.0063 0.0053 0.0084
0.0015 0.0023 0.0012 0.0014 0.0019 0.0015 0.0008 0.0012 0.0021 0.0005 0.0004 0.0004 0.0001 0.0000 0.0000 0.0000 0.0001 0.0013 0.0035 0.0041 0.0307 0.7889 0.9078 0.8587 0.9994 1.0000 0.9991 0.8911 0.9080 0.2396 0.4751 0.0269 0.0234 0.0008 0.0003 0.0001 0.0000 0.0000 0.0000 0.0001 0.0000 0.0001 0.0004 0.0013 0.0049 0.0038 0.0096 0.0241 0.0150 0.0038 0.0023 0.0007 0.0006 0.0004 0.0005 0.0012 0.0008 0.0015 0.0046 0.0071 0.0156 0.0271 0.0729 0.0249 0.0468 0.0128 0.0371 0.0578 0.0093 0.0075 0.0210 0.0052 0.0010 0.0016 0.0064 0.0030 0.0025 0.0023 0.0033 0.0036 0.0044 0.0014 0.0077 0.0126 0.0019 0.0016 0.0191 0.0097 0.0010 0.0032 0.0245 0.0170 0.0042 0.0043 0.0015 0.0018 0.0047 0.0047 0.0024 0.0100 0.0017 0.0046 0.0011 0.0007 0.0004 0.0002 0.0002 0.0011 0.0019 0.0028 0.0063 0.0090 0.0475 0.1250 0.1675 0.1660 0.0876 0.1871 0.0500 0.0060 0.0083 0.1407 0.0666 0.0074 0.0377 0.1711 0.0319 0.0079 0.0295 0.0579 0.0087 0.0150 0.0261 0.0192 0.0191 0.0188 0.0285 0.0134 0.0075 0.0128
0.0015 0.0021 0.0011 0.0012 0.0010 0.0008 0.0005 0.0006 0.0005 0.0002 0.0001 0.0001 0.0000 0.0000 0.0000 0.0000 0.0000 0.0001 0.0008 0.0015 0.0031 0.0236 0.2400 0.2791 0.6172 0.9991 1.0000 0.9998 0.8106 0.0801 0.0507 0.0017 0.0009 0.0001 0.0000 0.0000 0.0000 0.0000 0.0000 0.0000 0.0000 0.0001 0.0001 0.0003 0.0010 0.0012 0.0036 0.0098 0.0123 0.0035 0.0017 0.0008 0.0007 0.0005 0.0005 0.0006 0.0005 0.0009 0.0014 0.0025 0.0050 0.0176 0.0234 0.0384 0.0685 0.0278 0.0295 0.0346 0.0082 0.0048 0.0061 0.0036 0.0009 0.0009 0.0017 0.0019 0.0015 0.0016 0.0016 0.0011 0.0016 0.0005 0.0019 0.0014 0.0005 0.0006 0.0022 0.0011 0.0005 0.0013 0.0052 0.0053 0.0036 0.0025 0.0019 0.0020 0.0014 0.0023 0.0007 0.0011 0.0003 0.0004 0.0003 0.0003 0.0003 0.0001 0.0002 0.0004 0.0008 0.0007 0.0008 0.0008 0.0024 0.0127 0.0584 0.1160 0.0976 0.0932 0.0418 0.0083 0.0051 0.0344 0.0226 0.0050 0.0071 0.0192 0.0089 0.0025 0.0032 0.0042 0.0027 0.0030 0.0038 0.0042 0.0041 0.0048 0.0085 0.0071 0.0059 0.0058
0.0013 0.0015 0.0010 0.0010 0.0008 0.0005 0.0003 0.0004 0.0003 0.0001 0.0001 0.0001 0.0000 0.0000 0.0001 0.0001 0.0000 0.0000 0.0003 0.0008 0.0010 0.0113 0.0619 0.0636 0.0896 0.8911 0.9998 1.0000 0.9994 0.5533 0.0497 0.0037 0.0005 0.0001 0.0000 0.0000 0.0000 0.0000 0.0000 0.0000 0.0000 0.0001 0.0002 0.0004 0.0016 0.0022 0.0063 0.0195 0.0254 0.0084 0.0034 0.0012 0.0010 0.0006 0.0007 0.0008 0.0007 0.0012 0.0019 0.0045 0.0111 0.0675 0.0506 0.1164 0.1085 0.0408 0.0363 0.0330 0.0052 0.0037 0.0033 0.0022 0.0007 0.0008 0.0010 0.0022 0.0026 0.0030 0.0032 0.0022 0.0019 0.0010 0.0033 0.0016 0.0007 0.0009 0.0025 0.0011 0.0008 0.0016 0.0055 0.0068 0.0058 0.0052 0.0049 0.0049 0.0028 0.0054 0.0009 0.0016 0.0005 0.0003 0.0003 0.0003 0.0003 0.0002 0.0002 0.0005 0.0008 0.0007 0.0007 0.0007 0.0028 0.0281 0.1399 0.2664 0.2140 0.1373 0.0584 0.0189 0.0055 0.0340 0.0269 0.0043 0.0055 0.0132 0.0075 0.0021 0.0032 0.0039 0.0029 0.0028 0.0040 0.0057 0.0052 0.0077 0.0116 0.0129 0.0085 0.0060
0.0012 0.0013 0.0008 0.0007 0.0008 0.0008 0.0004 0.0005 0.0005 0.0002 0.0002 0.0003 0.0001 0.0001 0.0002 0.0003 0.0003 0.0006 0.0096 0.0070 0.0065 0.1310 0.3657 0.0572 0.1867 0.9080 0.8106 0.9994 1.0000 0.9993 0.8802 0.0496 0.0056 0.0003 0.0001 0.0000 0.0000 0.0000 0.0000 0.0001 0.0002 0.0003 0.0006 0.0015 0.0064 0.0140 0.0382 0.0663 0.0551 0.0186 0.0093 0.0021 0.0018 0.0009 0.0015 0.0033 0.0014 0.0027 0.0082 0.0261 0.0679 0.2945 0.2676 0.1681 0.1239 0.0218 0.0438 0.0419 0.0041 0.0041 0.0108 0.0033 0.0009 0.0013 0.0027 0.0032 0.0033 0.0041 0.0051 0.0045 0.0029 0.0010 0.0038 0.0070 0.0019 0.0019 0.0126 0.0076 0.0024 0.0030 0.0177 0.0211 0.0086 0.0146 0.0071 0.0119 0.0133 0.0287 0.0055 0.0147 0.0029 0.0015 0.0005 0.0003 0.0003 0.0002 0.0004 0.0025 0.0027 0.0032 0.0029 0.0055 0.0259 0.2324 0.4112 0.4345 0.2321 0.1842 0.0298 0.0116 0.0034 0.0429 0.0494 0.0043 0.0085 0.0551 0.0174 0.0034 0.0101 0.0248 0.0070 0.0103 0.0159 0.0196 0.0148 0.0220 0.0278 0.0191 0.0136 0.0125
0.0011 0.0014 0.0007 0.0007 0.0008 0.0008 0.0003 0.0003 0.0005 0.0003 0.0002 0.0003 0.0001 0.0001 0.0004 0.0007 0.0002 0.0005 0.0080 0.0027 0.0018 0.0476 0.1658 0.0107 0.0121 0.2396 0.0801 0.5533 0.9993 1.0000 0.9994 0.7388 0.0136 0.0011 0.0000 0.0000 0.0000 0.0000 0.0001 0.0003 0.0004 0.0012 0.0032 0.0089 0.0315 0.0398 0.0817 0.1288 0.0888 0.0335 0.0207 0.0031 0.0030 0.0012 0.0025 0.0068 0.0019 0.0057 0.0165 0.0663 0.1670 0.3825 0.3731 0.1520 0.1385 0.0199 0.0721 0.1131 0.0057 0.0114 0.0608 0.0108 0.0019 0.0061 0.0126 0.0063 0.0060 0.0075 0.0076 0.0106 0.0045 0.0011 0.0045 0.0109 0.0034 0.0016 0.0132 0.0215 0.0039 0.0038 0.0268 0.0489 0.0173 0.0463 0.0121 0.0237 0.0382 0.0364 0.0094 0.0210 0.0059 0.0032 0.0009 0.0005 0.0003 0.0002 0.0004 0.0034 0.0032 0.0061 0.0066 0.0186 0.1621 0.4436 0.5512 0.4406 0.2195 0.2693 0.0323 0.0192 0.0033 0.0637 0.1154 0.0107 0.0119 0.1201 0.0327 0.0044 0.0213 0.0434 0.0088 0.0157 0.0325 0.0219 0.0272 0.0362 0.0317 0.0189 0.0130 0.0120
0.0008 0.0011 0.0005 0.0005 0.0010 0.0011 0.0005 0.0005 0.0019 0.0005 0.0005 0.0009 0.0003 0.0003 0.0027 0.0033 0.0010 0.0108 0.1608 0.0322 0.0091 0.3444 0.6303 0.0311 0.0445 0.4751 0.0507 0.0497 0.8802 0.9994 1.0000 0.9992 0.9036 0.0203 0.0014 0.0001 0.0004 0.0001 0.0002 0.0010 0.0009 0.0026 0.0068 0.0266 0.0939 0.1214 0.1516 0.2005 0.0666 0.0220 0.0430 0.0039 0.0051 0.0015 0.0074 0.0403 0.0071 0.0287 0.1066 0.3850 0.4325 0.3777 0.3340 0.0239 0.0175 0.0033 0.0338 0.0368 0.0019 0.0031 0.0408 0.0070 0.0011 0.0038 0.0152 0.0046 0.0039 0.0033 0.0027 0.0087 0.0033 0.0004 0.0023 0.0212 0.0054 0.0011 0.0186 0.0413 0.0047 0.0022 0.0314 0.0657 0.0117 0.0490 0.0053 0.0172 0.0587 0.0375 0.0420 0.0719 0.0226 0.0267 0.0040 0.0016 0.0005 0.0004 0.0008 0.0087 0.0088 0.0389 0.0534 0.4135 0.5983 0.6331 0.4805 0.2111 0.0290 0.0562 0.0022 0.0019 0.0007 0.0154 0.0468 0.0022 0.0044 0.0896 0.0296 0.0028 0.0205 0.0829 0.0144 0.0373 0.0633 0.0338 0.0440 0.0598 0.0359 0.0118 0.0093 0.0118
0.0005 0.0008 0.0004 0.0004 0.0007 0.0011 0.0004 0.0004 0.0014 0.0005 0.0004 0.0012 0.0002 0.0003 0.0061 0.0056 0.0008 0.0155 0.1176 0.0076 0.0060 0.1157 0.1447 0.0032 0.0055 0.0269 0.0017 0.0037 0.0496 0.7388 0.9992 1.0000 0.9994 0.8833 0.0178 0.0044 0.0059 0.0005 0.0008 0.0124 0.0060 0.0128 0.0717 0.1018 0.2331 0.2068 0.1903 0.1894 0.0331 0.0135 0.0501 0.0026 0.0042 0.0011 0.0063 0.0553 0.0115 0.0828 0.2720 0.4719 0.4933 0.2384 0.3474 0.0113 0.0119 0.0020 0.0158 0.0542 0.0022 0.0055 0.1562 0.0308 0.0036 0.0227 0.1320 0.0118 0.0104 0.0082 0.0060 0.0461 0.0094 0.0007 0.0023 0.0783 0.0214 0.0015 0.0446 0.2095 0.0140 0.0035 0.0615 0.1523 0.0089 0.0690 0.0045 0.0147 0.1302 0.0431 0.0886 0.0764 0.0406 0.0482 0.0059 0.0019 0.0005 0.0003 0.0005 0.0080 0.0060 0.0530 0.2528 0.6125 0.7064 0.4776 0.2465 0.0494 0.0078 0.0309 0.0010 0.0015 0.0006 0.0117 0.0495 0.0029 0.0055 0.1850 0.0607 0.0044 0.0571 0.1774 0.0163 0.0510 0.1301 0.0422 0.0542 0.0438 0.0195 0.0056 0.0035 0.0055
0.0006 0.0012 0.0007 0.0006 0.0012 0.0022 0.0008 0.0009 0.0055 0.0012 0.0016 0.0079 0.0015 0.0022 0.0675 0.0323 0.0032 0.0613 0.4839 0.0402 0.0063 0.3043 0.2110 0.0032 0.0038 0.0234 0.0009 0.0005 0.0056 0.0136 0.9036 0.9994 1.0000 0.9994 0.8802 0.0308 0.0439 0.0019 0.0021 0.0181 0.0057 0.0269 0.1054 0.1635 0.2653 0.2600 0.1537 0.1538 0.0119 0.0055 0.0742 0.0040 0.0201 0.0032 0.0194 0.1887 0.0707 0.3821 0.4805 0.5104 0.3008 0.0316 0.0344 0.0016 0.0014 0.0005 0.0025 0.0084 0.0006 0.0010 0.0217 0.0071 0.0010 0.0041 0.0232 0.0026 0.0032 0.0020 0.0012 0.0074 0.0023 0.0002 0.0007 0.0203 0.0039 0.0003 0.0077 0.0671 0.0030 0.0009 0.0201 0.0463 0.0029 0.0184 0.0012 0.0064 0.0642 0.0215 0.1058 0.0932 0.0842 0.1235 0.0228 0.0115 0.0024 0.0011 0.0027 0.0634 0.0368 0.4696 0.6718 0.7419 0.5777 0.2257 0.0232 0.0058 0.0010 0.0023 0.0002 0.0003 0.0001 0.0014 0.0102 0.0007 0.0008 0.0409 0.0196 0.0023 0.0176 0.1001 0.0234 0.0547 0.0952 0.0426 0.0422 0.0468 0.0213 0.0042 0.0033 0.0054
0.0008 0.0015 0.0008 0.0007 0.0014 0.0028 0.0008 0.0010 0.0047 0.0012 0.0014 0.0057 0.0010 0.0011 0.0217 0.0058 0.0009 0.0238 0.0809 0.0016 0.0012 0.0270 0.0060 0.0003 0.0002 0.0008 0.0001 0.0001 0.0003 0.0011 0.0203 0.8833 0.9994 1.0000 0.9994 0.8688 0.3534 0.0414 0.0215 0.1896 0.0496 0.0963 0.4318 0.3098 0.2644 0.1411 0.0212 0.0153 0.0015 0.0008 0.0076 0.0009 0.0038 0.0009 0.0047 0.0935 0.0603 0.3483 0.5001 0.3841 0.2661 0.0245 0.0967 0.0029 0.0035 0.0011 0.0073 0.0345 0.0022 0.0036 0.1339 0.0250 0.0032 0.0201 0.1384 0.0085 0.0092 0.0099 0.0069 0.0758 0.0137 0.0009 0.0035 0.1441 0.0276 0.0016 0.0512 0.2040 0.0077 0.0022 0.0453 0.0898 0.0025 0.0219 0.0012 0.0036 0.0428 0.0069 0.1292 0.0518 0.0575 0.1108 0.0117 0.0142 0.0022 0.0017 0.0038 0.1277 0.0825 0.5587 0.7414 0.5908 0.4977 0.0662 0.0114 0.0025 0.0007 0.0015 0.0002 0.0002 0.0001 0.0010 0.0027 0.0005 0.0007 0.0232 0.0105 0.0016 0.0210 0.1216 0.0193 0.0615 0.1124 0.0282 0.0355 0.0359 0.0152 0.0031 0.0027 0.0045
0.0011 0.0025 0.0017 0.0016 0.0044 0.0079 0.0029 0.0047 0.0201 0.0055 0.0066 0.0289 0.0083 0.0073 0.0973 0.0275 0.0028 0.0274 0.0911 0.0030 0.0012 0.0120 0.0027 0.0002 0.0002 0.0003 0.0000 0.0000 0.0001 0.0000 0.0014 0.0178 0.8802 0.9994 1.0000 0.9995 0.8083 0.0746 0.0467 0.1275 0.0474 0.1067 0.3400 0.2943 0.2000 0.1200 0.0149 0.0094 0.0017 0.0008 0.0065 0.0012 0.0102 0.0033 0.0123 0.1192 0.1822 0.4366 0.2723 0.1509 0.0425 0.0136 0.0250 0.0025 0.0027 0.0013 0.0057 0.0113 0.0015 0.0038 0.0275 0.0066 0.0019 0.0072 0.0249 0.0036 0.0035 0.0037 0.0025 0.0079 0.0036 0.0005 0.0011 0.0131 0.0031 0.0004 0.0048 0.0136 0.0011 0.0008 0.0089 0.0136 0.0012 0.0028 0.0005 0.0010 0.0050 0.0028 0.0408 0.0288 0.0882 0.1168 0.0536 0.0315 0.0112 0.0102 0.0437 0.4088 0.4935 0.6928 0.5425 0.2546 0.0888 0.0257 0.0099 0.0042 0.0014 0.0008 0.0001 0.0001 0.0000 0.0003 0.0008 0.0005 0.0007 0.0053 0.0077 0.0033 0.0141 0.0473 0.0231 0.0385 0.0646 0.0273 0.0240 0.0263 0.0188 0.0044 0.0042 0.0052
0.0016 0.0036 0.0022 0.0019 0.0048 0.0091 0.0030 0.0037 0.0137 0.0046 0.0049 0.0124 0.0036 0.0025 0.0194 0.0044 0.0011 0.0058 0.0077 0.0008 0.0004 0.0012 0.0003 0.0001 0.0001 0.0001 0.0000 0.0000 0.0000 0.0000 0.0001 0.0044 0.0308 0.8688 0.9995 1.0000 0.9994 0.6746 0.1376 0.4876 0.1721 0.2108 0.3397 0.1683 0.0523 0.0115 0.0034 0.0029 0.0011 0.0005 0.0038 0.0010 0.0054 0.0036 0.0142 0.0762 0.0907 0.2217 0.1171 0.0608 0.0424 0.0226 0.0740 0.0142 0.0182 0.0058 0.0402 0.0540 0.0049 0.0173 0.1226 0.0203 0.0055 0.0283 0.0737 0.0113 0.0097 0.0127 0.0134 0.0507 0.0179 0.0016 0.0049 0.0732 0.0126 0.0012 0.0177 0.0471 0.0049 0.0018 0.0274 0.0595 0.0038 0.0112 0.0007 0.0019 0.0069 0.0018 0.0216 0.0143 0.0514 0.0887 0.0476 0.0630 0.0206 0.0347 0.1464 0.5401 0.5566 0.5558 0.4100 0.0679 0.0532 0.0126 0.0148 0.0077 0.0026 0.0012 0.0002 0.0001 0.0001 0.0003 0.0006 0.0004 0.0005 0.0033 0.0037 0.0022 0.0113 0.0339 0.0160 0.0404 0.0625 0.0195 0.0152 0.0311 0.0168 0.0044 0.0045 0.0059
0.0020 0.0055 0.0036 0.0036 0.0075 0.0185 0.0070 0.0080 0.0222 0.0094 0.0117 0.0238 0.0065 0.0044 0.0370 0.0036 0.0014 0.0175 0.0081 0.0005 0.0005 0.0018 0.0003 0.0001 0.0000 0.0000 0.0000 0.0000 0.0000 0.0000 0.0004 0.0059 0.0439 0.3534 0.8083 0.9994 1.0000 0.9993 0.8791 0.8245 0.4295 0.4557 0.5129 0.1466 0.0520 0.0111 0.0023 0.0021 0.0010 0.0006 0.0063 0.0017 0.0074 0.0050 0.0135 0.0606 0.0518 0.1392 0.1011 0.0948 0.0716 0.0366 0.0883 0.0137 0.0148 0.0045 0.0230 0.0397 0.0030 0.0088 0.0592 0.0106 0.0025 0.0133 0.0424 0.0077 0.0045 0.0050 0.0050 0.0153 0.0056 0.0010 0.0022 0.0181 0.0029 0.0010 0.0138 0.0270 0.0031 0.0038 0.0492 0.0646 0.0104 0.0112 0.0010 0.0012 0.0052 0.0016 0.0164 0.0092 0.0415 0.0467 0.0483 0.0547 0.0232 0.0427 0.2303 0.4747 0.4026 0.2891 0.1652 0.0468 0.0448 0.0232 0.0114 0.0074 0.0016 0.0014 0.0002 0.0001 0.0001 0.0004 0.0008 0.0004 0.0006 0.0049 0.0038 0.0022 0.0087 0.0212 0.0129 0.0263 0.0415 0.0153 0.0197 0.0337 0.0284 0.0077 0.0077 0.0106
0.0026 0.0049 0.0040 0.0041 0.0070 0.0109 0.0060 0.0069 0.0103 0.0059 0.0074 0.0096 0.0046 0.0036 0.0137 0.0019 0.0008 0.0018 0.0010 0.0002 0.0001 0.0002 0.0001 0.0001 0.0000 0.0000 0.0000 0.0000 0.0000 0.0000 0.0001 0.0005 0.0019 0.0414 0.0746 0.6746 0.9993 1.0000 0.9997 0.7609 0.3117 0.4232 0.0913 0.0166 0.0063 0.0026 0.0010 0.0010 0.0008 0.0005 0.0015 0.0016 0.0055 0.0041 0.0066 0.0152 0.0225 0.0430 0.0217 0.0450 0.0337 0.0380 0.0426 0.0228 0.0254 0.0082 0.0240 0.0235 0.0052 0.0092 0.0236 0.0090 0.0030 0.0099 0.0159 0.0058 0.0044 0.0042 0.0036 0.0049 0.0037 0.0011 0.0018 0.0043 0.0014 0.0008 0.0035 0.0038 0.0015 0.0023 0.0219 0.0245 0.0062 0.0046 0.0007 0.0007 0.0012 0.0008 0.0032 0.0026 0.0146 0.0110 0.0199 0.0323 0.0285 0.0744 0.2702 0.2252 0.2501 0.0769 0.0154 0.0060 0.0099 0.0066 0.0087 0.0072 0.0018 0.0009 0.0003 0.0002 0.0001 0.0003 0.0005 0.0004 0.0007 0.0019 0.0026 0.0027 0.0050 0.0074 0.0086 0.0091 0.0094 0.0060 0.0061 0.0098 0.0113 0.0049 0.0047 0.0053
0.0034 0.0071 0.0060 0.0069 0.0123 0.0196 0.0104 0.0138 0.0172 0.0082 0.0095 0.0120 0.0057 0.0064 0.0212 0.0023 0.0011 0.0033 0.0010 0.0003 0.0002 0.0002 0.0001 0.0000 0.0000 0.0000 0.0000 0.0000 0.0000 0.0001 0.0002 0.0008 0.0021 0.0215 0.0467 0.1376 0.8791 0.9997 1.0000 0.9990 0.9151 0.6817 0.4134 0.0195 0.0069 0.0030 0.0017 0.0007 0.0005 0.0003 0.0016 0.0017 0.0077 0.0052 0.0088 0.0203 0.0218 0.0419 0.0307 0.0916 0.0710 0.0749 0.0579 0.0248 0.0231 0.0091 0.0191 0.0192 0.0038 0.0104 0.0166 0.0066 0.0023 0.0077 0.0104 0.0041 0.0033 0.0039 0.0030 0.0031 0.0025 0.0008 0.0015 0.0030 0.0011 0.0008 0.0049 0.0037 0.0014 0.0031 0.0296 0.0196 0.0049 0.0038 0.0007 0.0006 0.0012 0.0008 0.0023 0.0019 0.0085 0.0081 0.0115 0.0220 0.0165 0.0258 0.0931 0.0737 0.0912 0.0515 0.0130 0.0041 0.0067 0.0060 0.0104 0.0121 0.0036 0.0019 0.0004 0.0003 0.0002 0.0006 0.0008 0.0006 0.0008 0.0030 0.0042 0.0048 0.0092 0.0117 0.0099 0.0108 0.0214 0.0096 0.0069 0.0184 0.0274 0.0094 0.0100 0.0098
0.0035 0.0117 0.0066 0.0073 0.0164 0.0429 0.0160 0.0210 0.0452 0.0179 0.0216 0.0372 0.0142 0.0093 0.0444 0.0047 0.0027 0.0320 0.0136 0.0008 0.0010 0.0018 0.0004 0.0001 0.0000 0.0001 0.0000 0.0000 0.0001 0.0003 0.0010 0.0124 0.0181 0.1896 0.1275 0.4876 0.8245 0.7609 0.9990 1.0000 0.9992 0.8938 0.6804 0.3672 0.0173 0.0051 0.0028 0.0023 0.0007 0.0003 0.0030 0.0013 0.0038 0.0025 0.0064 0.0501 0.0261 0.0847 0.0819 0.1132 0.1136 0.1104 0.1528 0.0428 0.0325 0.0085 0.0369 0.0534 0.0052 0.0165 0.0639 0.0143 0.0030 0.0165 0.0265 0.0051 0.0046 0.0057 0.0050 0.0076 0.0039 0.0008 0.0022 0.0112 0.0022 0.0014 0.0243 0.0276 0.0035 0.0089 0.0681 0.0542 0.0075 0.0113 0.0014 0.0015 0.0041 0.0017 0.0071 0.0089 0.0208 0.0670 0.0328 0.0531 0.0202 0.0174 0.0505 0.1570 0.1042 0.1493 0.1006 0.0345 0.0317 0.0331 0.0389 0.0280 0.0069 0.0055 0.0008 0.0007 0.0004 0.0017 0.0023 0.0009 0.0015 0.0117 0.0077 0.0051 0.0173 0.0410 0.0152 0.0281 0.0499 0.0166 0.0188 0.0474 0.0410 0.0116 0.0126 0.0164
