1.0000 0.9979 0.9072 0.7712 0.6487 0.1340 0.0388 0.0223 0.0104 0.0014 0.0009 0.0005 0.0007 0.0007 0.0004 0.0003 0.0003 0.0003 0.0003 0.0003 0.0004 0.0005 0.0005 0.0005 0.0008 0.0014 0.0039 0.0079 0.0040 0.0022 0.0008 0.0006 0.0005 0.0005 0.0007 0.0008 0.0009 0.0010 0.0010 0.0011 0.0012 0.0012 0.0012 0.0010 0.0008 0.0009 0.0007 0.0010 0.0016 0.0016 0.0015 0.0011 0.0014 0.0014 0.0012 0.0008 0.0005 0.0007 0.0010 0.0007 0.0005 0.0014 0.0039 0.0022 0.0021 0.0055 0.0050 0.0030 0.0025 0.0014 0.0015 0.0014 0.0016 0.0018 0.0021 0.0024 0.0021 0.0015 0.0018 0.0012 0.0014 0.0012 0.0015 0.0016 0.0014 0.0010 0.0008 0.0006 0.0007 0.0007 0.0012 0.0016 0.0022 0.0026 0.0027 0.0039 0.0034 0.0030 0.0038 0.0042 0.0029 0.0018 0.0015 0.0010 0.0008 0.0004 0.0007 0.0008 0.0012 0.0018 0.0028 0.0030 0.0057 0.0041 0.0020 0.0031 0.0052 0.0031 0.0032 0.0030 0.0027 0.0019 0.0017 0.0014 0.0014 0.0011 0.0017 0.0014 0.0020
0.9979 1.0000 0.9996 0.9289 0.8853 0.7886 0.0393 0.0119 0.0093 0.0028 0.0003 0.0002 0.0003 0.0004 0.0003 0.0002 0.0001 0.0001 0.0001 0.0002 0.0003 0.0004 0.0004 0.0004 0.0007 0.0019 0.0061 0.0187 0.0083 0.0032 0.0008 0.0004 0.0003 0.0004 0.0004 0.0006 0.0006 0.0008 0.0008 0.0008 0.0009 0.0009 0.0009 0.0008 0.0005 0.0008 0.0005 0.0010 0.0018 0.0021 0.0018 0.0010 0.0012 0.0013 0.0009 0.0008 0.0003 0.0004 0.0007 0.0004 0.0003 0.0011 0.0037 0.0022 0.0022 0.0080 0.0060 0.0036 0.0032 0.0016 0.0018 0.0014 0.0014 0.0018 0.0024 0.0030 0.0025 0.0014 0.0024 0.0009 0.0014 0.0010 0.0012 0.0015 0.0012 0.0008 0.0006 0.0004 0.0004 0.0005 0.0009 0.0015 0.0023 0.0025 0.0028 0.0047 0.0049 0.0037 0.0040 0.0056 0.0032 0.0016 0.0014 0.0007 0.0006 0.0003 0.0006 0.0005 0.0010 0.0014 0.0022 0.0026 0.0063 0.0035 0.0018 0.0029 0.0058 0.0033 0.0033 0.0030 0.0027 0.0019 0.0015 0.0010 0.0012 0.0008 0.0014 0.0014 0.0015
0.9072 0.9996 1.0000 0.9995 0.9578 0.9108 0.8370 0.0208 0.0066 0.0049 0.0013 0.0001 0.0001 0.0002 0.0002 0.0001 0.0001 0.0001 0.0001 0.0002 0.0003 0.0004 0.0004 0.0004 0.0007 0.0023 0.0066 0.0214 0.0069 0.0030 0.0007 0.0003 0.0003 0.0003 0.0004 0.0005 0.0005 0.0006 0.0007 0.0008 0.0009 0.0009 0.0008 0.0006 0.0005 0.0005 0.0004 0.0009 0.0013 0.0016 0.0016 0.0009 0.0010 0.0010 0.0007 0.0005 0.0003 0.0004 0.0006 0.0003 0.0002 0.0008 0.0022 0.0012 0.0014 0.0042 0.0030 0.0021 0.0022 0.0011 0.0015 0.0012 0.0011 0.0018 0.0024 0.0030 0.0023 0.0011 0.0016 0.0007 0.0010 0.0008 0.0009 0.0010 0.0008 0.0005 0.0004 0.0002 0.0004 0.0003 0.0007 0.0013 0.0020 0.0021 0.0022 0.0031 0.0032 0.0026 0.0030 0.0031 0.0017 0.0011 0.0009 0.0005 0.0005 0.0002 0.0004 0.0004 0.0008 0.0011 0.0015 0.0019 0.0039 0.0021 0.0015 0.0024 0.0038 0.0023 0.0024 0.0022 0.0022 0.0019 0.0014 0.0009 0.0009 0.0007 0.0011 0.0010 0.0016
0.7712 0.9289 0.9995 1.0000 0.9996 0.9721 0.9480 0.8421 0.0169 0.0039 0.0039 0.0011 0.0001 0.0000 0.0001 0.0001 0.0001 0.0001 0.0001 0.0002 0.0003 0.0005 0.0004 0.0004 0.0010 0.0015 0.0079 0.0141 0.0038 0.0026 0.0005 0.0005 0.0003 0.0005 0.0005 0.0008 0.0008 0.0008 0.0008 0.0009 0.0010 0.0011 0.0012 0.0011 0.0008 0.0010 0.0008 0.0015 0.0023 0.0025 0.0022 0.0016 0.0016 0.0012 0.0008 0.0007 0.0004 0.0008 0.0021 0.0011 0.0006 0.0022 0.0142 0.0059 0.0039 0.0136 0.0077 0.0037 0.0030 0.0019 0.0018 0.0015 0.0015 0.0025 0.0041 0.0058 0.0052 0.0024 0.0041 0.0013 0.0023 0.0012 0.0010 0.0011 0.0008 0.0007 0.0004 0.0004 0.0005 0.0006 0.0012 0.0022 0.0041 0.0040 0.0035 0.0053 0.0038 0.0026 0.0041 0.0059 0.0035 0.0027 0.0018 0.0010 0.0008 0.0005 0.0007 0.0011 0.0013 0.0020 0.0034 0.0030 0.0092 0.0082 0.0032 0.0050 0.0131 0.0053 0.0038 0.0033 0.0040 0.0026 0.0020 0.0019 0.0016 0.0012 0.0020 0.0019 0.0023
0.6487 0.8853 0.9578 0.9996 1.0000 0.9997 0.9764 0.9548 0.8778 0.0112 0.0036 0.0039 0.0009 0.0000 0.0000 0.0001 0.0001 0.0001 0.0001 0.0003 0.0005 0.0009 0.0006 0.0007 0.0023 0.0037 0.0325 0.0396 0.0112 0.0105 0.0012 0.0015 0.0004 0.0008 0.0008 0.0010 0.0010 0.0013 0.0012 0.0013 0.0016 0.0016 0.0021 0.0033 0.0023 0.0044 0.0023 0.0041 0.0075 0.0060 0.0054 0.0039 0.0027 0.0014 0.0010 0.0013 0.0008 0.0014 0.0068 0.0041 0.0015 0.0062 0.0527 0.0349 0.0201 0.0540 0.0329 0.0100 0.0073 0.0043 0.0027 0.0019 0.0023 0.0050 0.0086 0.0108 0.0111 0.0067 0.0169 0.0037 0.0046 0.0019 0.0012 0.0014 0.0016 0.0021 0.0010 0.0011 0.0008 0.0012 0.0033 0.0060 0.0135 0.0167 0.0088 0.0137 0.0068 0.0032 0.0064 0.0130 0.0080 0.0067 0.0047 0.0022 0.0016 0.0011 0.0014 0.0037 0.0023 0.0041 0.0115 0.0043 0.0163 0.0239 0.0064 0.0090 0.0353 0.0115 0.0062 0.0055 0.0073 0.0048 0.0040 0.0062 0.0041 0.0030 0.0041 0.0034 0.0038
0.1340 0.7886 0.9108 0.9721 0.9997 1.0000 0.9997 0.9740 0.9592 0.8438 0.0071 0.0025 0.0023 0.0003 0.0000 0.0000 0.0000 0.0002 0.0002 0.0005 0.0006 0.0019 0.0010 0.0008 0.0041 0.0065 0.0549 0.0623 0.0181 0.0160 0.0012 0.0014 0.0005 0.0007 0.0007 0.0010 0.0010 0.0019 0.0030 0.0037 0.0029 0.0023 0.0026 0.0027 0.0022 0.0025 0.0017 0.0033 0.0049 0.0043 0.0027 0.0014 0.0010 0.0008 0.0005 0.0007 0.0003 0.0004 0.0011 0.0010 0.0005 0.0014 0.0099 0.0082 0.0049 0.0180 0.0092 0.0039 0.0033 0.0020 0.0018 0.0015 0.0016 0.0036 0.0050 0.0055 0.0048 0.0022 0.0047 0.0010 0.0014 0.0007 0.0006 0.0008 0.0007 0.0010 0.0005 0.0007 0.0006 0.0008 0.0017 0.0029 0.0063 0.0074 0.0054 0.0081 0.0054 0.0022 0.0035 0.0066 0.0033 0.0025 0.0021 0.0011 0.0009 0.0007 0.0008 0.0015 0.0012 0.0020 0.0040 0.0022 0.0059 0.0082 0.0028 0.0041 0.0192 0.0063 0.0039 0.0036 0.0048 0.0033 0.0027 0.0036 0.0027 0.0019 0.0026 0.0023 0.0028
0.0388 0.0393 0.8370 0.9480 0.9764 0.9997 1.0000 0.9997 0.9736 0.9596 0.8555 0.0052 0.0018 0.0012 0.0004 0.0000 0.0000 0.0001 0.0002 0.0006 0.0006 0.0025 0.0011 0.0008 0.0036 0.0023 0.0181 0.0147 0.0025 0.0026 0.0003 0.0005 0.0002 0.0004 0.0005 0.0009 0.0010 0.0011 0.0014 0.0016 0.0015 0.0016 0.0019 0.0019 0.0015 0.0014 0.0014 0.0022 0.0033 0.0032 0.0021 0.0010 0.0008 0.0006 0.0005 0.0007 0.0003 0.0003 0.0010 0.0010 0.0004 0.0011 0.0142 0.0069 0.0033 0.0093 0.0041 0.0017 0.0012 0.0010 0.0009 0.0008 0.0010 0.0022 0.0048 0.0047 0.0037 0.0016 0.0026 0.0005 0.0009 0.0005 0.0004 0.0004 0.0004 0.0005 0.0003 0.0004 0.0004 0.0005 0.0011 0.0018 0.0028 0.0029 0.0027 0.0031 0.0025 0.0012 0.0018 0.0031 0.0025 0.0022 0.0016 0.0010 0.0008 0.0005 0.0005 0.0012 0.0009 0.0013 0.0024 0.0014 0.0036 0.0041 0.0021 0.0033 0.0122 0.0047 0.0030 0.0027 0.0034 0.0026 0.0019 0.0024 0.0017 0.0014 0.0017 0.0019 0.0025
0.0223 0.0119 0.0208 0.8421 0.9548 0.9740 0.9997 1.0000 0.9996 0.9829 0.9836 0.8875 0.0052 0.0015 0.0018 0.0008 0.0001 0.0001 0.0002 0.0009 0.0007 0.0028 0.0013 0.0011 0.0203 0.0044 0.0514 0.0229 0.0043 0.0096 0.0005 0.0028 0.0004 0.0015 0.0011 0.0016 0.0016 0.0022 0.0020 0.0024 0.0023 0.0023 0.0034 0.0056 0.0065 0.0091 0.0152 0.0131 0.0162 0.0116 0.0087 0.0062 0.0025 0.0010 0.0011 0.0055 0.0016 0.0014 0.0142 0.0263 0.0043 0.0130 0.1620 0.1608 0.0454 0.0724 0.0271 0.0064 0.0037 0.0030 0.0013 0.0019 0.0038 0.0161 0.0292 0.0268 0.0333 0.0098 0.0207 0.0025 0.0016 0.0010 0.0005 0.0006 0.0008 0.0018 0.0008 0.0024 0.0011 0.0025 0.0041 0.0070 0.0148 0.0136 0.0054 0.0073 0.0038 0.0013 0.0027 0.0089 0.0088 0.0170 0.0093 0.0072 0.0042 0.0044 0.0032 0.0181 0.0038 0.0048 0.0171 0.0032 0.0166 0.0379 0.0068 0.0093 0.0605 0.0237 0.0073 0.0049 0.0079 0.0048 0.0042 0.0145 0.0066 0.0096 0.0056 0.0110 0.0080
0.0104 0.0093 0.0066 0.0169 0.8778 0.9592 0.9736 0.9996 1.0000 0.9997 0.9876 0.9896 0.9044 0.0035 0.0015 0.0037 0.0012 0.0004 0.0004 0.0034 0.0016 0.0059 0.0033 0.0018 0.0598 0.0144 0.1619 0.0481 0.0171 0.0615 0.0026 0.0333 0.0009 0.0027 0.0016 0.0027 0.0036 0.0081 0.0065 0.0072 0.0054 0.0058 0.0083 0.0160 0.0094 0.0229 0.0196 0.0208 0.0292 0.0193 0.0099 0.0073 0.0031 0.0009 0.0007 0.0034 0.0013 0.0007 0.0044 0.0207 0.0059 0.0046 0.1012 0.1869 0.0619 0.0760 0.0307 0.0114 0.0068 0.0043 0.0013 0.0010 0.0020 0.0047 0.0114 0.0236 0.0303 0.0106 0.0122 0.0019 0.0010 0.0009 0.0005 0.0004 0.0005 0.0012 0.0007 0.0043 0.0010 0.0048 0.0047 0.0073 0.0290 0.0177 0.0052 0.0079 0.0040 0.0013 0.0026 0.0081 0.0074 0.0189 0.0090 0.0093 0.0040 0.0083 0.0026 0.0203 0.0032 0.0030 0.0113 0.0025 0.0120 0.0581 0.0084 0.0082 0.0850 0.0369 0.0080 0.0056 0.0107 0.0052 0.0043 0.0248 0.0054 0.0150 0.0057 0.0105 0.0050
0.0014 0.0028 0.0049 0.0039 0.0112 0.8438 0.9596 0.9829 0.9997 1.0000 0.9997 0.9877 0.9809 0.8698 0.0048 0.0013 0.0021 0.0019 0.0011 0.0112 0.0036 0.0188 0.0064 0.0018 0.0125 0.0040 0.0447 0.0104 0.0037 0.0101 0.0006 0.0019 0.0004 0.0009 0.0010 0.0018 0.0025 0.0038 0.0038 0.0043 0.0026 0.0026 0.0037 0.0050 0.0029 0.0034 0.0021 0.0034 0.0044 0.0044 0.0016 0.0009 0.0005 0.0003 0.0002 0.0005 0.0002 0.0001 0.0007 0.0012 0.0003 0.0004 0.0086 0.0102 0.0036 0.0069 0.0036 0.0014 0.0010 0.0006 0.0005 0.0005 0.0008 0.0013 0.0049 0.0068 0.0038 0.0010 0.0009 0.0003 0.0002 0.0003 0.0002 0.0002 0.0002 0.0003 0.0001 0.0003 0.0002 0.0004 0.0008 0.0012 0.0027 0.0022 0.0013 0.0017 0.0014 0.0007 0.0009 0.0016 0.0013 0.0018 0.0013 0.0011 0.0005 0.0005 0.0004 0.0009 0.0007 0.0008 0.0016 0.0008 0.0030 0.0066 0.0019 0.0027 0.0215 0.0086 0.0037 0.0032 0.0039 0.0026 0.0016 0.0026 0.0010 0.0019 0.0012 0.0021 0.0019
0.0009 0.0003 0.0013 0.0039 0.0036 0.0071 0.8555 0.9836 0.9876 0.9997 1.0000 0.9997 0.9897 0.9762 0.8627 0.0189 0.0026 0.0019 0.0011 0.0248 0.0071 0.0695 0.0245 0.0120 0.0909 0.0057 0.0415 0.0047 0.0012 0.0060 0.0006 0.0064 0.0008 0.0032 0.0017 0.0022 0.0021 0.0027 0.0022 0.0029 0.0025 0.0027 0.0039 0.0082 0.0106 0.0109 0.0169 0.0112 0.0104 0.0117 0.0041 0.0041 0.0009 0.0004 0.0003 0.0010 0.0005 0.0003 0.0036 0.0149 0.0015 0.0021 0.0463 0.0531 0.0082 0.0126 0.0044 0.0012 0.0008 0.0008 0.0005 0.0005 0.0011 0.0025 0.0108 0.0201 0.0105 0.0025 0.0019 0.0004 0.0003 0.0003 0.0002 0.0002 0.0002 0.0003 0.0003 0.0007 0.0003 0.0015 0.0020 0.0025 0.0047 0.0022 0.0011 0.0013 0.0009 0.0005 0.0008 0.0013 0.0012 0.0027 0.0015 0.0022 0.0010 0.0021 0.0008 0.0042 0.0011 0.0015 0.0072 0.0015 0.0135 0.0360 0.0058 0.0077 0.0659 0.0291 0.0069 0.0033 0.0049 0.0025 0.0023 0.0057 0.0023 0.0066 0.0027 0.0066 0.0032
0.0005 0.0002 0.0001 0.0011 0.0039 0.0025 0.0052 0.8875 0.9896 0.9877 0.9997 1.0000 0.9998 0.9840 0.9814 0.8985 0.0353 0.0042 0.0013 0.0374 0.0115 0.0258 0.0300 0.0117 0.4333 0.0251 0.2377 0.0115 0.0030 0.0319 0.0026 0.1889 0.0048 0.0338 0.0060 0.0086 0.0071 0.0105 0.0060 0.0070 0.0081 0.0078 0.0122 0.0514 0.0400 0.1805 0.1813 0.0490 0.0512 0.0250 0.0084 0.0234 0.0015 0.0007 0.0004 0.0041 0.0076 0.0010 0.0083 0.1297 0.0441 0.0067 0.1385 0.3367 0.0900 0.0384 0.0103 0.0025 0.0019 0.0024 0.0006 0.0007 0.0021 0.0071 0.0170 0.0413 0.0561 0.0144 0.0091 0.0014 0.0003 0.0005 0.0002 0.0002 0.0003 0.0010 0.0006 0.0191 0.0014 0.0376 0.0078 0.0074 0.0346 0.0076 0.0012 0.0017 0.0008 0.0004 0.0007 0.0016 0.0016 0.0097 0.0049 0.0214 0.0055 0.0674 0.0052 0.0831 0.0031 0.0028 0.0154 0.0018 0.0127 0.1086 0.0078 0.0070 0.1192 0.0588 0.0060 0.0033 0.0063 0.0030 0.0041 0.0446 0.0098 0.0662 0.0096 0.0425 0.0067
0.0007 0.0003 0.0001 0.0001 0.0009 0.0023 0.0018 0.0052 0.9044 0.9809 0.9897 0.9998 1.0000 0.9999 0.9708 0.9327 0.6686 0.0619 0.0268 0.1823 0.0273 0.0458 0.0280 0.0060 0.0677 0.0132 0.0351 0.0066 0.0017 0.0033 0.0008 0.0265 0.0029 0.0230 0.0082 0.0167 0.0139 0.0239 0.0246 0.0170 0.0124 0.0122 0.0206 0.0385 0.0264 0.0531 0.0247 0.0160 0.0145 0.0056 0.0012 0.0013 0.0003 0.0003 0.0001 0.0004 0.0005 0.0002 0.0009 0.0076 0.0017 0.0007 0.0182 0.0831 0.0224 0.0130 0.0029 0.0010 0.0007 0.0008 0.0004 0.0004 0.0007 0.0031 0.0092 0.0209 0.0138 0.0021 0.0010 0.0003 0.0001 0.0003 0.0002 0.0002 0.0003 0.0003 0.0002 0.0008 0.0003 0.0017 0.0012 0.0020 0.0063 0.0026 0.0009 0.0010 0.0007 0.0004 0.0004 0.0008 0.0007 0.0014 0.0010 0.0018 0.0005 0.0023 0.0004 0.0024 0.0008 0.0008 0.0020 0.0010 0.0038 0.0162 0.0042 0.0076 0.0562 0.0292 0.0089 0.0050 0.0076 0.0029 0.0023 0.0080 0.0016 0.0051 0.0016 0.0033 0.0018
0.0007 0.0004 0.0002 0.0000 0.0000 0.0003 0.0012 0.0015 0.0035 0.8698 0.9762 0.9840 0.9999 1.0000 0.9998 0.9288 0.7799 0.1833 0.0873 0.5048 0.1119 0.2655 0.1304 0.0160 0.0609 0.0023 0.0064 0.0008 0.0004 0.0012 0.0004 0.0061 0.0023 0.0091 0.0037 0.0066 0.0057 0.0063 0.0057 0.0044 0.0034 0.0038 0.0059 0.0114 0.0104 0.0156 0.0090 0.0039 0.0031 0.0019 0.0007 0.0005 0.0001 0.0002 0.0001 0.0002 0.0001 0.0001 0.0004 0.0015 0.0003 0.0002 0.0060 0.0066 0.0012 0.0012 0.0008 0.0004 0.0004 0.0003 0.0003 0.0003 0.0005 0.0012 0.0034 0.0062 0.0019 0.0006 0.0003 0.0002 0.0001 0.0001 0.0001 0.0001 0.0001 0.0002 0.0001 0.0002 0.0001 0.0004 0.0004 0.0008 0.0014 0.0008 0.0005 0.0005 0.0004 0.0002 0.0002 0.0004 0.0002 0.0005 0.0004 0.0005 0.0001 0.0005 0.0001 0.0007 0.0004 0.0005 0.0014 0.0009 0.0041 0.0082 0.0025 0.0038 0.0313 0.0129 0.0046 0.0030 0.0037 0.0019 0.0014 0.0023 0.0009 0.0023 0.0010 0.0017 0.0012
0.0004 0.0003 0.0002 0.0001 0.0000 0.0000 0.0004 0.0018 0.0015 0.0048 0.8627 0.9814 0.9708 0.9998 1.0000 0.9997 0.7939 0.1350 0.0442 0.5157 0.1877 0.3072 0.3187 0.1718 0.8339 0.0490 0.1211 0.0025 0.0019 0.0235 0.0077 0.3134 0.0320 0.0885 0.0102 0.0149 0.0086 0.0137 0.0079 0.0043 0.0040 0.0059 0.0117 0.0628 0.0949 0.1926 0.2224 0.0360 0.0267 0.0123 0.0044 0.0128 0.0005 0.0004 0.0002 0.0036 0.0061 0.0004 0.0033 0.0570 0.0108 0.0014 0.0509 0.0991 0.0086 0.0038 0.0016 0.0006 0.0004 0.0008 0.0004 0.0005 0.0011 0.0026 0.0070 0.0147 0.0143 0.0022 0.0010 0.0004 0.0001 0.0003 0.0002 0.0002 0.0002 0.0004 0.0003 0.0041 0.0004 0.0084 0.0022 0.0020 0.0052 0.0016 0.0004 0.0005 0.0003 0.0003 0.0003 0.0005 0.0004 0.0010 0.0010 0.0038 0.0012 0.0237 0.0013 0.0228 0.0014 0.0019 0.0121 0.0018 0.0183 0.0867 0.0087 0.0096 0.1173 0.0521 0.0078 0.0033 0.0053 0.0023 0.0035 0.0169 0.0068 0.0264 0.0076 0.0194 0.0030
0.0003 0.0002 0.0001 0.0001 0.0001 0.0000 0.0000 0.0008 0.0037 0.0013 0.0189 0.8985 0.9327 0.9288 0.9997 1.0000 0.9992 0.4347 0.0830 0.6461 0.2650 0.2275 0.1642 0.0690 0.5030 0.0551 0.0855 0.0034 0.0023 0.0167 0.0121 0.3127 0.0614 0.2836 0.0560 0.0620 0.0346 0.0645 0.0359 0.0181 0.0160 0.0319 0.0666 0.2123 0.2562 0.3891 0.2454 0.0624 0.0448 0.0109 0.0040 0.0175 0.0010 0.0008 0.0009 0.0090 0.0124 0.0005 0.0041 0.0584 0.0110 0.0015 0.0334 0.1204 0.0253 0.0062 0.0011 0.0005 0.0005 0.0008 0.0003 0.0007 0.0018 0.0045 0.0104 0.0290 0.0259 0.0052 0.0018 0.0003 0.0001 0.0003 0.0001 0.0002 0.0003 0.0004 0.0003 0.0027 0.0005 0.0109 0.0027 0.0021 0.0056 0.0016 0.0005 0.0005 0.0003 0.0002 0.0003 0.0005 0.0004 0.0014 0.0012 0.0063 0.0015 0.0266 0.0016 0.0140 0.0014 0.0012 0.0050 0.0012 0.0045 0.0262 0.0033 0.0043 0.0460 0.0300 0.0065 0.0032 0.0059 0.0028 0.0039 0.0250 0.0061 0.0307 0.0048 0.0113 0.0025
0.0003 0.0001 0.0001 0.0001 0.0001 0.0000 0.0000 0.0001 0.0012 0.0021 0.0026 0.0353 0.6686 0.7799 0.7939 0.9992 1.0000 0.9992 0.9756 0.9633 0.3421 0.1351 0.1508 0.0254 0.0694 0.0097 0.0045 0.0008 0.0007 0.0016 0.0024 0.0158 0.0103 0.0737 0.0239 0.0373 0.0323 0.0418 0.0422 0.0192 0.0140 0.0247 0.0501 0.0747 0.0819 0.0571 0.0198 0.0075 0.0050 0.0020 0.0009 0.0007 0.0002 0.0004 0.0002 0.0007 0.0004 0.0001 0.0005 0.0019 0.0001 0.0002 0.0032 0.0026 0.0011 0.0010 0.0005 0.0003 0.0002 0.0003 0.0003 0.0003 0.0004 0.0010 0.0039 0.0072 0.0019 0.0005 0.0003 0.0001 0.0001 0.0001 0.0002 0.0002 0.0002 0.0003 0.0001 0.0003 0.0001 0.0004 0.0006 0.0008 0.0011 0.0007 0.0005 0.0004 0.0003 0.0002 0.0003 0.0005 0.0004 0.0006 0.0005 0.0006 0.0002 0.0004 0.0002 0.0006 0.0007 0.0008 0.0015 0.0011 0.0030 0.0049 0.0019 0.0032 0.0151 0.0097 0.0065 0.0044 0.0050 0.0033 0.0025 0.0033 0.0012 0.0014 0.0009 0.0013 0.0012
0.0003 0.0001 0.0001 0.0001 0.0001 0.0002 0.0001 0.0001 0.0004 0.0019 0.0019 0.0042 0.0619 0.1833 0.1350 0.4347 0.9992 1.0000 0.9997 0.8672 0.2943 0.0833 0.0750 0.0349 0.0413 0.0133 0.0039 0.0012 0.0014 0.0020 0.0040 0.0084 0.0081 0.0351 0.0157 0.0220 0.0176 0.0240 0.0188 0.0127 0.0144 0.0237 0.0483 0.0516 0.0505 0.0198 0.0064 0.0045 0.0032 0.0019 0.0010 0.0005 0.0004 0.0006 0.0003 0.0007 0.0003 0.0002 0.0006 0.0010 0.0001 0.0003 0.0020 0.0012 0.0009 0.0009 0.0004 0.0003 0.0002 0.0002 0.0002 0.0003 0.0003 0.0005 0.0009 0.0009 0.0007 0.0004 0.0002 0.0001 0.0001 0.0002 0.0002 0.0003 0.0003 0.0003 0.0002 0.0003 0.0002 0.0004 0.0006 0.0009 0.0010 0.0006 0.0005 0.0004 0.0004 0.0003 0.0004 0.0005 0.0004 0.0005 0.0006 0.0005 0.0002 0.0003 0.0003 0.0006 0.0008 0.0012 0.0016 0.0012 0.0025 0.0026 0.0020 0.0035 0.0087 0.0072 0.0053 0.0038 0.0036 0.0030 0.0019 0.0015 0.0011 0.0009 0.0009 0.0012 0.0014
0.0003 0.0001 0.0001 0.0001 0.0001 0.0002 0.0002 0.0002 0.0004 0.0011 0.0011 0.0013 0.0268 0.0873 0.0442 0.0830 0.9756 0.9997 1.0000 0.9994 0.6227 0.0789 0.1133 0.0228 0.0156 0.0071 0.0010 0.0005 0.0005 0.0004 0.0022 0.0023 0.0060 0.0224 0.0123 0.0204 0.0184 0.0192 0.0153 0.0118 0.0109 0.0168 0.0316 0.0232 0.0215 0.0091 0.0030 0.0027 0.0018 0.0012 0.0008 0.0004 0.0004 0.0004 0.0002 0.0003 0.0002 0.0001 0.0002 0.0003 0.0001 0.0001 0.0008 0.0006 0.0005 0.0006 0.0004 0.0002 0.0002 0.0001 0.0002 0.0003 0.0003 0.0003 0.0007 0.0007 0.0004 0.0003 0.0001 0.0000 0.0000 0.0001 0.0002 0.0002 0.0002 0.0002 0.0001 0.0001 0.0001 0.0002 0.0004 0.0005 0.0005 0.0005 0.0004 0.0004 0.0003 0.0002 0.0003 0.0005 0.0004 0.0004 0.0003 0.0002 0.0001 0.0001 0.0001 0.0003 0.0005 0.0007 0.0009 0.0008 0.0015 0.0012 0.0010 0.0018 0.0036 0.0028 0.0022 0.0019 0.0018 0.0015 0.0010 0.0008 0.0005 0.0005 0.0005 0.0007 0.0010
0.0003 0.0002 0.0002 0.0002 0.0003 0.0005 0.0006 0.0009 0.0034 0.0112 0.0248 0.0374 0.1823 0.5048 0.5157 0.6461 0.9633 0.8672 0.9994 1.0000 0.9992 0.8023 0.4823 0.2362 0.2201 0.0375 0.0043 0.0006 0.0007 0.0012 0.0145 0.0446 0.0660 0.2112 0.0633 0.0694 0.0469 0.0419 0.0199 0.0093 0.0084 0.0123 0.0273 0.0429 0.0847 0.0813 0.0480 0.0161 0.0071 0.0023 0.0011 0.0010 0.0004 0.0003 0.0002 0.0007 0.0004 0.0002 0.0004 0.0021 0.0001 0.0001 0.0016 0.0025 0.0008 0.0005 0.0004 0.0002 0.0002 0.0001 0.0001 0.0001 0.0003 0.0005 0.0012 0.0014 0.0004 0.0003 0.0001 0.0001 0.0001 0.0001 0.0001 0.0001 0.0002 0.0002 0.0001 0.0001 0.0001 0.0003 0.0004 0.0004 0.0007 0.0005 0.0003 0.0003 0.0002 0.0002 0.0003 0.0004 0.0003 0.0004 0.0004 0.0005 0.0002 0.0005 0.0003 0.0005 0.0005 0.0007 0.0010 0.0007 0.0014 0.0020 0.0010 0.0013 0.0048 0.0030 0.0016 0.0011 0.0013 0.0010 0.0011 0.0011 0.0007 0.0008 0.0006 0.0010 0.0010
0.0004 0.0003 0.0003 0.0003 0.0005 0.0006 0.0006 0.0007 0.0016 0.0036 0.0071 0.0115 0.0273 0.1119 0.1877 0.2650 0.3421 0.2943 0.6227 0.9992 1.0000 0.9995 0.8845 0.3950 0.2940 0.0559 0.0057 0.0008 0.0014 0.0014 0.0360 0.0350 0.0627 0.1591 0.0418 0.0540 0.0355 0.0243 0.0105 0.0065 0.0054 0.0075 0.0140 0.0153 0.0304 0.0224 0.0141 0.0124 0.0060 0.0030 0.0012 0.0007 0.0004 0.0002 0.0002 0.0004 0.0002 0.0001 0.0002 0.0004 0.0001 0.0001 0.0007 0.0011 0.0005 0.0004 0.0003 0.0002 0.0001 0.0001 0.0001 0.0001 0.0001 0.0002 0.0003 0.0004 0.0003 0.0002 0.0001 0.0001 0.0000 0.0001 0.0001 0.0001 0.0002 0.0002 0.0001 0.0001 0.0001 0.0002 0.0003 0.0004 0.0005 0.0004 0.0003 0.0003 0.0002 0.0002 0.0003 0.0004 0.0004 0.0004 0.0004 0.0003 0.0001 0.0002 0.0001 0.0003 0.0004 0.0005 0.0008 0.0007 0.0012 0.0013 0.0009 0.0013 0.0031 0.0020 0.0013 0.0009 0.0010 0.0009 0.0008 0.0008 0.0005 0.0005 0.0005 0.0008 0.0010
0.0005 0.0004 0.0004 0.0005 0.0009 0.0019 0.0025 0.0028 0.0059 0.0188 0.0695 0.0258 0.0458 0.2655 0.3072 0.2275 0.1351 0.0833 0.0789 0.8023 0.9995 1.0000 0.9997 0.7143 0.3280 0.0393 0.0022 0.0003 0.0003 0.0006 0.0199 0.0191 0.1534 0.2990 0.0774 0.0583 0.0249 0.0133 0.0057 0.0033 0.0026 0.0030 0.0055 0.0079 0.0312 0.0218 0.0202 0.0250 0.0067 0.0036 0.0012 0.0005 0.0003 0.0002 0.0001 0.0002 0.0000 0.0000 0.0001 0.0003 0.0000 0.0001 0.0008 0.0013 0.0004 0.0004 0.0002 0.0001 0.0001 0.0001 0.0000 0.0000 0.0001 0.0001 0.0003 0.0003 0.0002 0.0001 0.0001 0.0000 0.0000 0.0001 0.0001 0.0001 0.0001 0.0001 0.0001 0.0001 0.0001 0.0001 0.0003 0.0004 0.0005 0.0003 0.0003 0.0003 0.0002 0.0002 0.0003 0.0004 0.0003 0.0004 0.0004 0.0004 0.0002 0.0002 0.0001 0.0003 0.0003 0.0004 0.0006 0.0005 0.0009 0.0009 0.0006 0.0009 0.0022 0.0014 0.0009 0.0006 0.0007 0.0007 0.0007 0.0005 0.0005 0.0005 0.0006 0.0008 0.0012
0.0005 0.0004 0.0004 0.0004 0.0006 0.0010 0.0011 0.0013 0.0033 0.0064 0.0245 0.0300 0.0280 0.1304 0.3187 0.1642 0.1508 0.0750 0.1133 0.4823 0.8845 0.9997 1.0000 0.9997 0.7300 0.0312 0.0020 0.0000 0.0002 0.0003 0.0534 0.0638 0.6894 0.6464 0.2035 0.0886 0.0269 0.0135 0.0049 0.0021 0.0014 0.0017 0.0031 0.0074 0.0400 0.0278 0.0313 0.0263 0.0087 0.0047 0.0014 0.0007 0.0003 0.0001 0.0000 0.0001 0.0001 0.0000 0.0001 0.0006 0.0001 0.0001 0.0007 0.0019 0.0004 0.0003 0.0002 0.0001 0.0001 0.0001 0.0000 0.0000 0.0001 0.0001 0.0002 0.0003 0.0002 0.0001 0.0000 0.0001 0.0000 0.0001 0.0001 0.0001 0.0001 0.0001 0.0001 0.0001 0.0001 0.0003 0.0003 0.0004 0.0005 0.0003 0.0003 0.0003 0.0002 0.0002 0.0003 0.0003 0.0002 0.0004 0.0004 0.0005 0.0001 0.0003 0.0001 0.0004 0.0003 0.0004 0.0005 0.0004 0.0007 0.0010 0.0006 0.0009 0.0025 0.0014 0.0008 0.0005 0.0005 0.0005 0.0006 0.0007 0.0005 0.0008 0.0006 0.0011 0.0011
0.0005 0.0004 0.0004 0.0004 0.0007 0.0008 0.0008 0.0011 0.0018 0.0018 0.0120 0.0117 0.0060 0.0160 0.1718 0.0690 0.0254 0.0349 0.0228 0.2362 0.3950 0.7143 0.9997 1.0000 0.9993 0.8717 0.0128 0.0006 0.0020 0.0135 0.9553 0.9124 0.9398 0.5471 0.0337 0.0101 0.0021 0.0019 0.0009 0.0005 0.0004 0.0004 0.0005 0.0011 0.0088 0.0158 0.0385 0.0514 0.0266 0.0219 0.0053 0.0015 0.0003 0.0001 0.0000 0.0001 0.0001 0.0000 0.0001 0.0005 0.0000 0.0000 0.0005 0.0012 0.0002 0.0001 0.0001 0.0000 0.0001 0.0000 0.0000 0.0000 0.0000 0.0001 0.0001 0.0002 0.0002 0.0000 0.0000 0.0000 0.0000 0.0001 0.0001 0.0001 0.0001 0.0001 0.0000 0.0001 0.0000 0.0001 0.0003 0.0003 0.0005 0.0003 0.0003 0.0003 0.0003 0.0002 0.0003 0.0004 0.0003 0.0004 0.0004 0.0004 0.0001 0.0002 0.0001 0.0003 0.0003 0.0003 0.0005 0.0003 0.0006 0.0008 0.0004 0.0007 0.0021 0.0009 0.0005 0.0004 0.0004 0.0003 0.0004 0.0003 0.0003 0.0004 0.0004 0.0010 0.0012
0.0008 0.0007 0.0007 0.0010 0.0023 0.0041 0.0036 0.0203 0.0598 0.0125 0.0909 0.4333 0.0677 0.0609 0.8339 0.5030 0.0694 0.0413 0.0156 0.2201 0.2940 0.3280 0.7300 0.9993 1.0000 0.9996 0.9531 0.0063 0.0229 0.0494 0.9564 0.9865 0.5734 0.4566 0.0132 0.0077 0.0015 0.0025 0.0008 0.0002 0.0002 0.0002 0.0005 0.0062 0.0279 0.1238 0.3896 0.0269 0.0527 0.0274 0.0097 0.0337 0.0008 0.0001 0.0001 0.0035 0.0047 0.0000 0.0008 0.0353 0.0006 0.0002 0.0050 0.0259 0.0005 0.0003 0.0001 0.0001 0.0001 0.0001 0.0000 0.0000 0.0001 0.0001 0.0001 0.0003 0.0004 0.0002 0.0001 0.0001 0.0000 0.0001 0.0001 0.0001 0.0001 0.0001 0.0000 0.0005 0.0001 0.0042 0.0005 0.0006 0.0017 0.0007 0.0003 0.0004 0.0003 0.0001 0.0003 0.0006 0.0005 0.0021 0.0014 0.0127 0.0008 0.0092 0.0003 0.0010 0.0003 0.0003 0.0004 0.0002 0.0004 0.0010 0.0004 0.0005 0.0015 0.0009 0.0004 0.0002 0.0003 0.0003 0.0005 0.0010 0.0010 0.0064 0.0014 0.0093 0.0022
0.0014 0.0019 0.0023 0.0015 0.0037 0.0065 0.0023 0.0044 0.0144 0.0040 0.0057 0.0251 0.0132 0.0023 0.0490 0.0551 0.0097 0.0133 0.0071 0.0375 0.0559 0.0393 0.0312 0.8717 0.9996 1.0000 0.9991 0.8126 0.8914 0.9539 0.9819 0.7523 0.0105 0.0022 0.0003 0.0002 0.0001 0.0002 0.0001 0.0000 0.0000 0.0000 0.0000 0.0001 0.0005 0.0016 0.0138 0.0054 0.0232 0.0247 0.0266 0.0271 0.0029 0.0001 0.0004 0.0125 0.0009 0.0001 0.0015 0.0108 0.0001 0.0001 0.0030 0.0010 0.0001 0.0001 0.0001 0.0001 0.0000 0.0000 0.0000 0.0000 0.0001 0.0001 0.0002 0.0004 0.0004 0.0001 0.0001 0.0001 0.0000 0.0001 0.0001 0.0001 0.0001 0.0001 0.0001 0.0001 0.0001 0.0005 0.0004 0.0008 0.0025 0.0018 0.0009 0.0010 0.0008 0.0004 0.0008 0.0025 0.0022 0.0082 0.0035 0.0032 0.0002 0.0004 0.0001 0.0002 0.0003 0.0002 0.0005 0.0004 0.0007 0.0011 0.0004 0.0006 0.0016 0.0007 0.0004 0.0003 0.0004 0.0003 0.0003 0.0003 0.0004 0.0007 0.0007 0.0021 0.0021
0.0039 0.0061 0.0066 0.0079 0.0325 0.0549 0.0181 0.0514 0.1619 0.0447 0.0415 0.2377 0.0351 0.0064 0.1211 0.0855 0.0045 0.0039 0.0010 0.0043 0.0057 0.0022 0.0020 0.0128 0.9531 0.9991 1.0000 0.9996 0.8705 0.9445 0.4728 0.9570 0.0074 0.0066 0.0006 0.0006 0.0002 0.0003 0.0001 0.0000 0.0000 0.0001 0.0001 0.0009 0.0038 0.0239 0.3257 0.0254 0.1942 0.0961 0.1881 0.6804 0.1050 0.0042 0.0188 0.5447 0.2092 0.0073 0.1548 0.5293 0.0088 0.0053 0.0689 0.0208 0.0009 0.0005 0.0003 0.0001 0.0003 0.0005 0.0001 0.0001 0.0003 0.0003 0.0005 0.0012 0.0021 0.0010 0.0003 0.0004 0.0001 0.0003 0.0001 0.0002 0.0001 0.0003 0.0003 0.0022 0.0010 0.0390 0.0061 0.0117 0.0347 0.0091 0.0016 0.0012 0.0008 0.0004 0.0010 0.0047 0.0063 0.0538 0.0366 0.1148 0.0084 0.0476 0.0019 0.0035 0.0008 0.0004 0.0008 0.0004 0.0007 0.0019 0.0004 0.0005 0.0018 0.0010 0.0004 0.0004 0.0004 0.0005 0.0008 0.0023 0.0047 0.0247 0.0076 0.0488 0.0073
0.0079 0.0187 0.0214 0.0141 0.0396 0.0623 0.0147 0.0229 0.0481 0.0104 0.0047 0.0115 0.0066 0.0008 0.0025 0.0034 0.0008 0.0012 0.0005 0.0006 0.0008 0.0003 0.0000 0.0006 0.0063 0.8126 0.9996 1.0000 0.9999 0.9560 0.0278 0.0148 0.0003 0.0001 0.0000 0.0001 0.0001 0.0000 0.0000 0.0000 0.0000 0.0000 0.0000 0.0000 0.0002 0.0003 0.0057 0.0026 0.0282 0.0245 0.1127 0.2083 0.1899 0.0088 0.0589 0.5049 0.0437 0.0069 0.1561 0.1481 0.0027 0.0040 0.0361 0.0034 0.0005 0.0004 0.0003 0.0002 0.0003 0.0003 0.0002 0.0002 0.0003 0.0004 0.0007 0.0014 0.0012 0.0007 0.0004 0.0003 0.0002 0.0003 0.0003 0.0003 0.0003 0.0003 0.0002 0.0003 0.0008 0.0060 0.0063 0.0192 0.0272 0.0220 0.0084 0.0072 0.0047 0.0016 0.0054 0.0212 0.0289 0.0655 0.0441 0.0364 0.0033 0.0030 0.0011 0.0009 0.0009 0.0006 0.0010 0.0007 0.0012 0.0015 0.0007 0.0010 0.0022 0.0011 0.0005 0.0005 0.0008 0.0007 0.0010 0.0012 0.0030 0.0039 0.0050 0.0116 0.0078
0.0040 0.0083 0.0069 0.0038 0.0112 0.0181 0.0025 0.0043 0.0171 0.0037 0.0012 0.0030 0.0017 0.0004 0.0019 0.0023 0.0007 0.0014 0.0005 0.0007 0.0014 0.0003 0.0002 0.0020 0.0229 0.8914 0.8705 0.9999 1.0000 0.9995 0.5296 0.0144 0.0003 0.0000 0.0000 0.0001 0.0000 0.0000 0.0000 0.0000 0.0000 0.0000 0.0000 0.0000 0.0000 0.0001 0.0012 0.0014 0.0321 0.0281 0.1218 0.0808 0.0578 0.0015 0.0033 0.0695 0.0032 0.0004 0.0069 0.0088 0.0002 0.0002 0.0018 0.0004 0.0001 0.0001 0.0001 0.0000 0.0001 0.0001 0.0001 0.0001 0.0002 0.0002 0.0005 0.0008 0.0007 0.0004 0.0003 0.0001 0.0001 0.0002 0.0001 0.0002 0.0002 0.0001 0.0001 0.0002 0.0003 0.0011 0.0015 0.0045 0.0103 0.0100 0.0060 0.0096 0.0056 0.0021 0.0076 0.0417 0.0359 0.0487 0.0143 0.0085 0.0009 0.0007 0.0003 0.0002 0.0004 0.0004 0.0004 0.0004 0.0006 0.0006 0.0004 0.0005 0.0012 0.0007 0.0004 0.0002 0.0004 0.0004 0.0005 0.0005 0.0008 0.0010 0.0015 0.0043 0.0036
0.0022 0.0032 0.0030 0.0026 0.0105 0.0160 0.0026 0.0096 0.0615 0.0101 0.0060 0.0319 0.0033 0.0012 0.0235 0.0167 0.0016 0.0020 0.0004 0.0012 0.0014 0.0006 0.0003 0.0135 0.0494 0.9539 0.9445 0.9560 0.9995 1.0000 0.9994 0.9628 0.0059 0.0007 0.0001 0.0001 0.0000 0.0001 0.0001 0.0000 0.0000 0.0000 0.0000 0.0001 0.0004 0.0007 0.0662 0.0415 0.3940 0.3480 0.6484 0.5320 0.1185 0.0024 0.0046 0.2901 0.0160 0.0005 0.0085 0.0350 0.0003 0.0003 0.0021 0.0007 0.0001 0.0001 0.0001 0.0000 0.0000 0.0001 0.0000 0.0000 0.0001 0.0001 0.0003 0.0004 0.0005 0.0003 0.0001 0.0001 0.0000 0.0001 0.0001 0.0001 0.0001 0.0001 0.0000 0.0001 0.0003 0.0027 0.0018 0.0081 0.0075 0.0039 0.0012 0.0024 0.0011 0.0007 0.0019 0.0142 0.0087 0.0232 0.0063 0.0140 0.0008 0.0014 0.0004 0.0003 0.0002 0.0002 0.0002 0.0002 0.0003 0.0004 0.0002 0.0002 0.0005 0.0004 0.0002 0.0001 0.0002 0.0002 0.0003 0.0004 0.0007 0.0013 0.0012 0.0049 0.0028
0.0008 0.0008 0.0007 0.0005 0.0012 0.0012 0.0003 0.0005 0.0026 0.0006 0.0006 0.0026 0.0008 0.0004 0.0077 0.0121 0.0024 0.0040 0.0022 0.0145 0.0360 0.0199 0.0534 0.9553 0.9564 0.9819 0.4728 0.0278 0.5296 0.9994 1.0000 0.9996 0.8888 0.0078 0.0022 0.0006 0.0003 0.0004 0.0002 0.0001 0.0000 0.0000 0.0000 0.0001 0.0005 0.0023 0.0615 0.0984 0.3985 0.2835 0.2089 0.0723 0.0032 0.0001 0.0000 0.0040 0.0012 0.0000 0.0001 0.0011 0.0000 0.0000 0.0002 0.0001 0.0000 0.0000 0.0000 0.0000 0.0000 0.0000 0.0000 0.0000 0.0001 0.0001 0.0003 0.0003 0.0003 0.0001 0.0000 0.0000 0.0000 0.0000 0.0001 0.0001 0.0001 0.0001 0.0000 0.0000 0.0000 0.0003 0.0003 0.0006 0.0015 0.0012 0.0007 0.0012 0.0009 0.0005 0.0012 0.0071 0.0027 0.0083 0.0018 0.0019 0.0002 0.0003 0.0001 0.0001 0.0001 0.0001 0.0001 0.0001 0.0002 0.0002 0.0001 0.0001 0.0004 0.0003 0.0002 0.0001 0.0001 0.0001 0.0001 0.0001 0.0002 0.0002 0.0003 0.0014 0.0017
0.0006 0.0004 0.0003 0.0005 0.0015 0.0014 0.0005 0.0028 0.0333 0.0019 0.0064 0.1889 0.0265 0.0061 0.3134 0.3127 0.0158 0.0084 0.0023 0.0446 0.0350 0.0191 0.0638 0.9124 0.9865 0.7523 0.9570 0.0148 0.0144 0.9628 0.9996 1.0000 0.9995 0.7647 0.0443 0.0104 0.0020 0.0030 0.0009 0.0005 0.0004 0.0003 0.0004 0.0024 0.0492 0.1296 0.9484 0.7739 0.8145 0.5281 0.3145 0.6436 0.0087 0.0010 0.0004 0.0701 0.0704 0.0003 0.0018 0.0688 0.0012 0.0001 0.0019 0.0022 0.0001 0.0000 0.0001 0.0000 0.0000 0.0001 0.0000 0.0000 0.0001 0.0001 0.0002 0.0006 0.0007 0.0002 0.0001 0.0001 0.0000 0.0001 0.0000 0.0001 0.0001 0.0001 0.0000 0.0005 0.0002 0.0032 0.0015 0.0014 0.0041 0.0019 0.0005 0.0006 0.0003 0.0003 0.0005 0.0025 0.0012 0.0175 0.0106 0.0469 0.0024 0.0150 0.0005 0.0007 0.0002 0.0001 0.0001 0.0000 0.0001 0.0003 0.0000 0.0001 0.0004 0.0002 0.0001 0.0001 0.0001 0.0001 0.0002 0.0004 0.0005 0.0026 0.0015 0.0173 0.0071
0.0005 0.0003 0.0003 0.0003 0.0004 0.0005 0.0002 0.0004 0.0009 0.0004 0.0008 0.0048 0.0029 0.0023 0.0320 0.0614 0.0103 0.0081 0.0060 0.0660 0.0627 0.1534 0.6894 0.9398 0.5734 0.0105 0.0074 0.0003 0.0003 0.0059 0.8888 0.9995 1.0000 0.9994 0.8925 0.1051 0.0210 0.0128 0.0024 0.0012 0.0009 0.0005 0.0008 0.0038 0.0659 0.1140 0.7576 0.9078 0.4764 0.2571 0.0478 0.0214 0.0007 0.0002 0.0001 0.0014 0.0014 0.0000 0.0001 0.0015 0.0001 0.0000 0.0003 0.0003 0.0000 0.0000 0.0000 0.0000 0.0000 0.0000 0.0000 0.0001 0.0001 0.0001 0.0003 0.0004 0.0004 0.0002 0.0001 0.0000 0.0000 0.0001 0.0001 0.0001 0.0001 0.0001 0.0000 0.0000 0.0000 0.0001 0.0004 0.0005 0.0015 0.0012 0.0006 0.0008 0.0007 0.0004 0.0008 0.0015 0.0016 0.0035 0.0044 0.0050 0.0005 0.0005 0.0003 0.0001 0.0003 0.0002 0.0002 0.0002 0.0002 0.0002 0.0001 0.0002 0.0004 0.0003 0.0002 0.0002 0.0002 0.0002 0.0002 0.0003 0.0003 0.0004 0.0005 0.0053 0.0103
0.0005 0.0004 0.0003 0.0005 0.0008 0.0007 0.0004 0.0015 0.0027 0.0009 0.0032 0.0338 0.0230 0.0091 0.0885 0.2836 0.0737 0.0351 0.0224 0.2112 0.1591 0.2990 0.6464 0.5471 0.4566 0.0022 0.0066 0.0001 0.0000 0.0007 0.0078 0.7647 0.9994 1.0000 0.9994 0.7898 0.2095 0.2074 0.0346 0.0128 0.0132 0.0126 0.0229 0.1339 0.7312 0.8212 0.8031 0.6536 0.0812 0.0149 0.0054 0.0063 0.0004 0.0004 0.0001 0.0012 0.0029 0.0002 0.0007 0.0076 0.0008 0.0004 0.0022 0.0020 0.0004 0.0002 0.0003 0.0001 0.0001 0.0002 0.0001 0.0001 0.0002 0.0003 0.0004 0.0011 0.0007 0.0003 0.0003 0.0001 0.0001 0.0001 0.0001 0.0001 0.0001 0.0002 0.0001 0.0003 0.0002 0.0006 0.0010 0.0011 0.0027 0.0035 0.0010 0.0015 0.0008 0.0007 0.0013 0.0025 0.0034 0.0112 0.0357 0.0591 0.0040 0.0036 0.0008 0.0005 0.0004 0.0003 0.0003 0.0002 0.0003 0.0004 0.0002 0.0002 0.0005 0.0004 0.0002 0.0002 0.0002 0.0003 0.0005 0.0007 0.0009 0.0028 0.0036 0.0343 0.0359
0.0007 0.0004 0.0004 0.0005 0.0008 0.0007 0.0005 0.0011 0.0016 0.0010 0.0017 0.0060 0.0082 0.0037 0.0102 0.0560 0.0239 0.0157 0.0123 0.0633 0.0418 0.0774 0.2035 0.0337 0.0132 0.0003 0.0006 0.0000 0.0000 0.0001 0.0022 0.0443 0.8925 0.9994 1.0000 0.9995 0.7607 0.2353 0.0692 0.0309 0.0177 0.0137 0.0241 0.0994 0.6245 0.7790 0.5142 0.7536 0.0766 0.0182 0.0041 0.0040 0.0005 0.0004 0.0002 0.0006 0.0008 0.0001 0.0004 0.0014 0.0003 0.0003 0.0009 0.0009 0.0005 0.0003 0.0003 0.0002 0.0002 0.0003 0.0003 0.0002 0.0004 0.0005 0.0009 0.0022 0.0011 0.0003 0.0003 0.0001 0.0001 0.0001 0.0001 0.0001 0.0001 0.0002 0.0001 0.0002 0.0003 0.0004 0.0010 0.0011 0.0029 0.0027 0.0015 0.0022 0.0011 0.0011 0.0020 0.0029 0.0038 0.0072 0.0224 0.0147 0.0025 0.0011 0.0010 0.0004 0.0005 0.0004 0.0004 0.0004 0.0005 0.0005 0.0003 0.0004 0.0007 0.0005 0.0004 0.0003 0.0005 0.0005 0.0007 0.0007 0.0010 0.0015 0.0037 0.0215 0.0393
0.0008 0.0006 0.0005 0.0008 0.0010 0.0010 0.0009 0.0016 0.0027 0.0018 0.0022 0.0086 0.0167 0.0066 0.0149 0.0620 0.0373 0.0220 0.0204 0.0694 0.0540 0.0583 0.0886 0.0101 0.0077 0.0002 0.0006 0.0001 0.0001 0.0001 0.0006 0.0104 0.1051 0.7898 0.9995 1.0000 0.9997 0.7198 0.1460 0.1470 0.0706 0.0594 0.1159 0.3618 0.6684 0.6052 0.1690 0.1652 0.0181 0.0057 0.0015 0.0014 0.0004 0.0005 0.0002 0.0003 0.0004 0.0002 0.0003 0.0008 0.0004 0.0007 0.0013 0.0014 0.0012 0.0007 0.0007 0.0004 0.0004 0.0005 0.0004 0.0004 0.0007 0.0010 0.0012 0.0021 0.0012 0.0007 0.0004 0.0003 0.0002 0.0003 0.0003 0.0003 0.0003 0.0003 0.0003 0.0003 0.0005 0.0007 0.0018 0.0017 0.0033 0.0054 0.0022 0.0060 0.0023 0.0023 0.0058 0.0090 0.0115 0.0237 0.0659 0.0439 0.0098 0.0040 0.0015 0.0007 0.0007 0.0005 0.0005 0.0005 0.0007 0.0008 0.0005 0.0005 0.0011 0.0010 0.0006 0.0005 0.0008 0.0008 0.0010 0.0012 0.0021 0.0080 0.0206 0.0573 0.0537
0.0009 0.0006 0.0005 0.0008 0.0010 0.0010 0.0010 0.0016 0.0036 0.0025 0.0021 0.0071 0.0139 0.0057 0.0086 0.0346 0.0323 0.0176 0.0184 0.0469 0.0355 0.0249 0.0269 0.0021 0.0015 0.0001 0.0002 0.0001 0.0000 0.0000 0.0003 0.0020 0.0210 0.2095 0.7607 0.9997 1.0000 0.9995 0.8397 0.3311 0.2109 0.1721 0.2009 0.4372 0.5594 0.4942 0.0497 0.0433 0.0044 0.0016 0.0007 0.0004 0.0002 0.0004 0.0002 0.0002 0.0002 0.0001 0.0003 0.0005 0.0004 0.0007 0.0011 0.0010 0.0009 0.0008 0.0008 0.0007 0.0008 0.0007 0.0008 0.0008 0.0010 0.0012 0.0014 0.0031 0.0014 0.0007 0.0005 0.0003 0.0003 0.0003 0.0003 0.0003 0.0003 0.0003 0.0003 0.0003 0.0005 0.0006 0.0021 0.0022 0.0038 0.0071 0.0046 0.0118 0.0032 0.0043 0.0103 0.0109 0.0110 0.0177 0.0408 0.0154 0.0060 0.0012 0.0014 0.0005 0.0008 0.0007 0.0007 0.0005 0.0010 0.0009 0.0007 0.0009 0.0014 0.0012 0.0010 0.0008 0.0012 0.0012 0.0014 0.0014 0.0025 0.0029 0.0102 0.0302 0.0385
0.0010 0.0008 0.0006 0.0008 0.0013 0.0019 0.0011 0.0022 0.0081 0.0038 0.0027 0.0105 0.0239 0.0063 0.0137 0.0645 0.0418 0.0240 0.0192 0.0419 0.0243 0.0133 0.0135 0.0019 0.0025 0.0002 0.0003 0.0000 0.0000 0.0001 0.0004 0.0030 0.0128 0.2074 0.2353 0.7198 0.9995 1.0000 0.9995 0.7109 0.3675 0.6617 0.6591 0.8022 0.5784 0.4457 0.0192 0.0151 0.0022 0.0009 0.0004 0.0004 0.0002 0.0004 0.0002 0.0002 0.0002 0.0002 0.0003 0.0008 0.0007 0.0009 0.0015 0.0021 0.0018 0.0012 0.0014 0.0012 0.0015 0.0014 0.0019 0.0014 0.0020 0.0019 0.0023 0.0036 0.0028 0.0012 0.0010 0.0006 0.0003 0.0004 0.0004 0.0003 0.0004 0.0005 0.0005 0.0005 0.0012 0.0014 0.0060 0.0057 0.0106 0.0210 0.0088 0.0280 0.0059 0.0060 0.0188 0.0336 0.0293 0.0517 0.1288 0.0425 0.0175 0.0022 0.0025 0.0010 0.0011 0.0009 0.0009 0.0008 0.0013 0.0015 0.0010 0.0011 0.0023 0.0021 0.0015 0.0012 0.0016 0.0016 0.0022 0.0030 0.0055 0.0064 0.0155 0.0333 0.0349
0.0010 0.0008 0.0007 0.0008 0.0012 0.0030 0.0014 0.0020 0.0065 0.0038 0.0022 0.0060 0.0246 0.0057 0.0079 0.0359 0.0422 0.0188 0.0153 0.0199 0.0105 0.0057 0.0049 0.0009 0.0008 0.0001 0.0001 0.0000 0.0000 0.0001 0.0002 0.0009 0.0024 0.0346 0.0692 0.1460 0.8397 0.9995 1.0000 0.9996 0.8745 0.7805 0.7339 0.6823 0.4196 0.2426 0.0069 0.0046 0.0010 0.0005 0.0003 0.0003 0.0001 0.0001 0.0001 0.0001 0.0001 0.0001 0.0001 0.0004 0.0004 0.0007 0.0012 0.0015 0.0015 0.0013 0.0020 0.0019 0.0028 0.0019 0.0028 0.0023 0.0023 0.0025 0.0027 0.0041 0.0030 0.0012 0.0009 0.0005 0.0004 0.0004 0.0004 0.0004 0.0004 0.0005 0.0005 0.0004 0.0010 0.0010 0.0049 0.0059 0.0086 0.0188 0.0104 0.0318 0.0076 0.0091 0.0285 0.0325 0.0274 0.0416 0.0632 0.0163 0.0170 0.0014 0.0034 0.0008 0.0012 0.0009 0.0010 0.0009 0.0015 0.0014 0.0011 0.0014 0.0023 0.0021 0.0018 0.0015 0.0020 0.0022 0.0029 0.0032 0.0071 0.0045 0.0146 0.0231 0.0340
0.0011 0.0008 0.0008 0.0009 0.0013 0.0037 0.0016 0.0024 0.0072 0.0043 0.0029 0.0070 0.0170 0.0044 0.0043 0.0181 0.0192 0.0127 0.0118 0.0093 0.0065 0.0033 0.0021 0.0005 0.0002 0.0000 0.0000 0.0000 0.0000 0.0000 0.0001 0.0005 0.0012 0.0128 0.0309 0.1470 0.3311 0.7109 0.9996 1.0000 0.9998 0.7882 0.3285 0.1405 0.0271 0.0236 0.0010 0.0012 0.0005 0.0003 0.0001 0.0001 0.0001 0.0001 0.0001 0.0001 0.0001 0.0001 0.0001 0.0002 0.0002 0.0004 0.0007 0.0010 0.0013 0.0015 0.0025 0.0025 0.0036 0.0019 0.0026 0.0027 0.0027 0.0025 0.0028 0.0034 0.0022 0.0012 0.0009 0.0005 0.0005 0.0005 0.0005 0.0004 0.0005 0.0004 0.0005 0.0004 0.0009 0.0009 0.0033 0.0051 0.0071 0.0142 0.0154 0.0376 0.0121 0.0153 0.0556 0.0311 0.0276 0.0237 0.0343 0.0049 0.0046 0.0007 0.0016 0.0007 0.0012 0.0011 0.0011 0.0013 0.0019 0.0016 0.0016 0.0021 0.0030 0.0028 0.0025 0.0021 0.0027 0.0029 0.0034 0.0029 0.0055 0.0030 0.0075 0.0088 0.0161
0.0012 0.0009 0.0009 0.0010 0.0016 0.0029 0.0015 0.0023 0.0054 0.0026 0.0025 0.0081 0.0124 0.0034 0.0040 0.0160 0.0140 0.0144 0.0109 0.0084 0.0054 0.0026 0.0014 0.0004 0.0002 0.0000 0.0000 0.0000 0.0000 0.0000 0.0000 0.0004 0.0009 0.0132 0.0177 0.0706 0.2109 0.3675 0.8745 0.9998 1.0000 0.9998 0.8439 0.2538 0.0323 0.0161 0.0009 0.0008 0.0004 0.0002 0.0001 0.0001 0.0001 0.0001 0.0001 0.0001 0.0001 0.0001 0.0001 0.0003 0.0004 0.0004 0.0009 0.0014 0.0022 0.0026 0.0037 0.0041 0.0080 0.0039 0.0043 0.0046 0.0039 0.0045 0.0047 0.0060 0.0043 0.0016 0.0012 0.0008 0.0007 0.0007 0.0007 0.0005 0.0005 0.0005 0.0006 0.0005 0.0013 0.0015 0.0073 0.0152 0.0185 0.0342 0.0347 0.0598 0.0202 0.0204 0.0767 0.0623 0.0694 0.0609 0.1072 0.0165 0.0102 0.0012 0.0025 0.0008 0.0013 0.0011 0.0012 0.0014 0.0022 0.0021 0.0018 0.0023 0.0039 0.0030 0.0026 0.0025 0.0036 0.0041 0.0059 0.0050 0.0096 0.0051 0.0115 0.0106 0.0182
0.0012 0.0009 0.0009 0.0011 0.0016 0.0023 0.0016 0.0023 0.0058 0.0026 0.0027 0.0078 0.0122 0.0038 0.0059 0.0319 0.0247 0.0237 0.0168 0.0123 0.0075 0.0030 0.0017 0.0004 0.0002 0.0000 0.0001 0.0000 0.0000 0.0000 0.0000 0.0003 0.0005 0.0126 0.0137 0.0594 0.1721 0.6617 0.7805 0.7882 0.9998 1.0000 0.9998 0.8921 0.1080 0.0349 0.0009 0.0009 0.0004 0.0002 0.0001 0.0001 0.0001 0.0001 0.0000 0.0001 0.0001 0.0001 0.0002 0.0004 0.0006 0.0007 0.0015 0.0026 0.0035 0.0034 0.0049 0.0055 0.0089 0.0053 0.0049 0.0047 0.0048 0.0049 0.0064 0.0080 0.0051 0.0024 0.0016 0.0012 0.0009 0.0008 0.0007 0.0005 0.0005 0.0006 0.0007 0.0008 0.0016 0.0018 0.0084 0.0119 0.0179 0.0419 0.0277 0.0496 0.0157 0.0159 0.0597 0.0685 0.0712 0.0667 0.1283 0.0183 0.0127 0.0016 0.0026 0.0011 0.0013 0.0011 0.0012 0.0012 0.0021 0.0025 0.0016 0.0021 0.0045 0.0033 0.0024 0.0022 0.0032 0.0036 0.0063 0.0070 0.0136 0.0075 0.0179 0.0203 0.0279
0.0012 0.0009 0.0008 0.0012 0.0021 0.0026 0.0019 0.0034 0.0083 0.0037 0.0039 0.0122 0.0206 0.0059 0.0117 0.0666 0.0501 0.0483 0.0316 0.0273 0.0140 0.0055 0.0031 0.0005 0.0005 0.0000 0.0001 0.0000 0.0000 0.0000 0.0000 0.0004 0.0008 0.0229 0.0241 0.1159 0.2009 0.6591 0.7339 0.3285 0.8439 0.9998 1.0000 0.9994 0.5350 0.0334 0.0022 0.0012 0.0004 0.0004 0.0001 0.0002 0.0001 0.0002 0.0001 0.0001 0.0001 0.0001 0.0002 0.0007 0.0009 0.0008 0.0021 0.0041 0.0033 0.0030 0.0045 0.0050 0.0082 0.0062 0.0045 0.0047 0.0054 0.0051 0.0060 0.0083 0.0059 0.0025 0.0016 0.0013 0.0008 0.0009 0.0006 0.0005 0.0005 0.0007 0.0009 0.0011 0.0021 0.0029 0.0115 0.0123 0.0188 0.0488 0.0215 0.0490 0.0151 0.0126 0.0463 0.0707 0.0691 0.1038 0.1979 0.0615 0.0228 0.0030 0.0036 0.0012 0.0013 0.0012 0.0014 0.0011 0.0025 0.0036 0.0017 0.0019 0.0047 0.0035 0.0021 0.0016 0.0028 0.0033 0.0074 0.0106 0.0235 0.0144 0.0357 0.0419 0.0444
0.0010 0.0008 0.0006 0.0011 0.0033 0.0027 0.0019 0.0056 0.0160 0.0050 0.0082 0.0514 0.0385 0.0114 0.0628 0.2123 0.0747 0.0516 0.0232 0.0429 0.0153 0.0079 0.0074 0.0011 0.0062 0.0001 0.0009 0.0000 0.0000 0.0001 0.0001 0.0024 0.0038 0.1339 0.0994 0.3618 0.4372 0.8022 0.6823 0.1405 0.2538 0.8921 0.9994 1.0000 0.9994 0.9136 0.0413 0.0182 0.0030 0.0015 0.0005 0.0011 0.0002 0.0003 0.0001 0.0003 0.0008 0.0002 0.0008 0.0106 0.0049 0.0012 0.0065 0.0192 0.0056 0.0022 0.0037 0.0037 0.0060 0.0143 0.0039 0.0030 0.0049 0.0032 0.0034 0.0095 0.0107 0.0058 0.0019 0.0032 0.0005 0.0010 0.0004 0.0003 0.0004 0.0007 0.0008 0.0037 0.0041 0.0155 0.0487 0.0236 0.0551 0.0966 0.0187 0.0444 0.0077 0.0056 0.0234 0.0621 0.0641 0.2255 0.3136 0.2875 0.1557 0.0252 0.0128 0.0030 0.0012 0.0008 0.0011 0.0007 0.0018 0.0047 0.0011 0.0012 0.0046 0.0029 0.0011 0.0008 0.0018 0.0026 0.0081 0.0258 0.0660 0.0971 0.1244 0.1711 0.0784
