1.0000 0.9980 0.8905 0.1050 0.0127 0.0026 0.0002 0.0003 0.0043 0.0029 0.0926 0.1983 0.2066 0.3230 0.1465 0.1034 0.0201 0.0124 0.0028 0.0239 0.0111 0.0048 0.0261 0.0022 0.0005 0.0004 0.0002 0.0002 0.0002 0.0001 0.0003 0.0002 0.0001 0.0002 0.0001 0.0001 0.0001 0.0001 0.0001 0.0001 0.0001 0.0001 0.0002 0.0002 0.0001 0.0001 0.0000 0.0001 0.0001 0.0000 0.0000 0.0001 0.0001 0.0001 0.0001 0.0001 0.0001 0.0003
0.9980 1.0000 0.9988 0.6386 0.0164 0.0075 0.0000 0.0003 0.0104 0.0099 0.7174 0.5942 0.3270 0.3084 0.0615 0.0624 0.0035 0.0069 0.0009 0.0254 0.0081 0.0155 0.1176 0.0135 0.0009 0.0014 0.0002 0.0002 0.0001 0.0000 0.0001 0.0000 0.0000 0.0000 0.0000 0.0000 0.0000 0.0000 0.0000 0.0000 0.0000 0.0000 0.0000 0.0000 0.0000 0.0000 0.0000 0.0000 0.0000 0.0000 0.0000 0.0000 0.0000 0.0000 0.0000 0.0000 0.0000 0.0002
0.8905 0.9988 1.0000 0.9986 0.7256 0.0703 0.0010 0.0017 0.0503 0.0226 0.8923 0.9245 0.6366 0.4217 0.2176 0.2265 0.0449 0.0848 0.0090 0.2993 0.0514 0.1552 0.1777 0.0480 0.0069 0.0016 0.0018 0.0030 0.0017 0.0002 0.0004 0.0000 0.0000 0.0002 0.0000 0.0000 0.0000 0.0000 0.0000 0.0000 0.0000 0.0000 0.0001 0.0001 0.0000 0.0000 0.0000 0.0000 0.0000 0.0000 0.0000 0.0000 0.0000 0.0000 0.0001 0.0000 0.0000 0.0003
0.1050 0.6386 0.9986 1.0000 0.9988 0.7875 0.0182 0.1382 0.9811 0.9232 0.9868 0.7986 0.0829 0.0044 0.0018 0.0056 0.0009 0.0021 0.0008 0.0316 0.0042 0.1526 0.1371 0.0828 0.0286 0.0025 0.0036 0.0016 0.0004 0.0001 0.0000 0.0000 0.0000 0.0002 0.0000 0.0000 0.0000 0.0000 0.0000 0.0000 0.0000 0.0001 0.0003 0.0002 0.0000 0.0000 0.0000 0.0002 0.0000 0.0000 0.0001 0.0002 0.0000 0.0000 0.0007 0.0002 0.0001 0.0011
0.0127 0.0164 0.7256 0.9988 1.0000 0.9987 0.9807 0.9866 0.9622 0.9735 0.6709 0.9259 0.2848 0.0136 0.0067 0.0184 0.0079 0.0337 0.0302 0.3942 0.2812 0.9717 0.3145 0.5437 0.7617 0.1358 0.4795 0.0886 0.1160 0.0013 0.0008 0.0000 0.0005 0.0144 0.0001 0.0000 0.0001 0.0000 0.0000 0.0000 0.0001 0.0002 0.0041 0.0041 0.0002 0.0004 0.0001 0.0030 0.0001 0.0000 0.0032 0.0015 0.0000 0.0005 0.0063 0.0004 0.0001 0.0039
0.0026 0.0075 0.0703 0.7875 0.9987 1.0000 0.9993 0.7667 0.6982 0.1257 0.0030 0.0274 0.0115 0.0003 0.0002 0.0003 0.0004 0.0016 0.0265 0.1119 0.0590 0.2868 0.0127 0.0675 0.2979 0.0985 0.5106 0.1877 0.1157 0.0069 0.0028 0.0004 0.0242 0.0704 0.0063 0.0011 0.0029 0.0003 0.0002 0.0001 0.0010 0.0027 0.0474 0.0528 0.0060 0.0122 0.0026 0.1640 0.0305 0.0037 0.0890 0.1924 0.0021 0.0110 0.1526 0.0170 0.0014 0.0121
0.0002 0.0000 0.0010 0.0182 0.9807 0.9993 1.0000 0.9998 0.7725 0.1578 0.0015 0.0408 0.0045 0.0003 0.0000 0.0000 0.0001 0.0003 0.0018 0.0522 0.0822 0.7183 0.0688 0.3529 0.8873 0.4975 0.8389 0.1357 0.1142 0.0025 0.0003 0.0002 0.0228 0.0204 0.0003 0.0003 0.0066 0.0004 0.0001 0.0001 0.0009 0.0024 0.0355 0.0578 0.0085 0.0313 0.0136 0.4028 0.0547 0.0047 0.4416 0.5064 0.0071 0.0850 0.5835 0.0446 0.0044 0.0808
0.0003 0.0003 0.0017 0.1382 0.9866 0.7667 0.9998 1.0000 0.9998 0.9851 0.0335 0.0501 0.0028 0.0003 0.0000 0.0000 0.0000 0.0002 0.0010 0.0169 0.0223 0.7239 0.1231 0.6760 0.8622 0.1382 0.2061 0.0091 0.0359 0.0003 0.0000 0.0000 0.0005 0.0008 0.0000 0.0000 0.0005 0.0001 0.0000 0.0001 0.0008 0.0056 0.0395 0.0537 0.0259 0.0256 0.0028 0.0485 0.0004 0.0003 0.0449 0.0570 0.0005 0.0073 0.2124 0.0197 0.0016 0.0470
0.0043 0.0104 0.0503 0.9811 0.9622 0.6982 0.7725 0.9998 1.0000 0.9990 0.5400 0.0186 0.0010 0.0001 0.0000 0.0000 0.0000 0.0001 0.0002 0.0034 0.0008 0.0707 0.0049 0.0979 0.1123 0.0033 0.0032 0.0002 0.0001 0.0000 0.0000 0.0000 0.0000 0.0000 0.0000 0.0000 0.0001 0.0000 0.0000 0.0000 0.0000 0.0004 0.0054 0.0289 0.0035 0.0003 0.0000 0.0005 0.0000 0.0000 0.0008 0.0039 0.0000 0.0002 0.0292 0.0020 0.0001 0.0067
0.0029 0.0099 0.0226 0.9232 0.9735 0.1257 0.1578 0.9851 0.9990 1.0000 0.9959 0.9373 0.0608 0.0027 0.0003 0.0005 0.0003 0.0036 0.0019 0.0709 0.0203 0.5484 0.2607 0.5756 0.2550 0.0468 0.0736 0.0014 0.0008 0.0000 0.0000 0.0000 0.0001 0.0001 0.0000 0.0000 0.0001 0.0000 0.0000 0.0000 0.0002 0.0082 0.0363 0.0635 0.0071 0.0010 0.0000 0.0004 0.0000 0.0000 0.0014 0.0020 0.0000 0.0006 0.0404 0.0014 0.0001 0.0070
0.0926 0.7174 0.8923 0.9868 0.6709 0.0030 0.0015 0.0335 0.5400 0.9959 0.9999 0.9958 0.6812 0.0303 0.0027 0.0013 0.0008 0.0028 0.0010 0.0239 0.0036 0.0278 0.0458 0.0275 0.0051 0.0015 0.0053 0.0003 0.0004 0.0000 0.0000 0.0000 0.0000 0.0002 0.0000 0.0000 0.0000 0.0000 0.0000 0.0000 0.0000 0.0001 0.0016 0.0075 0.0003 0.0000 0.0000 0.0000 0.0000 0.0000 0.0000 0.0000 0.0000 0.0000 0.0004 0.0000 0.0000 0.0007
0.1983 0.5942 0.9245 0.7986 0.9259 0.0274 0.0408 0.0501 0.0186 0.9373 0.9958 1.0000 0.9944 0.7773 0.0566 0.0223 0.0107 0.0694 0.0200 0.4450 0.1134 0.2316 0.2125 0.0520 0.0170 0.0237 0.1644 0.0293 0.0391 0.0013 0.0003 0.0000 0.0003 0.0003 0.0000 0.0000 0.0000 0.0000 0.0000 0.0000 0.0001 0.0004 0.0018 0.0021 0.0004 0.0001 0.0000 0.0002 0.0000 0.0000 0.0001 0.0000 0.0000 0.0000 0.0003 0.0000 0.0000 0.0002
0.2066 0.3270 0.6366 0.0829 0.2848 0.0115 0.0045 0.0028 0.0010 0.0608 0.6812 0.9944 0.9999 0.9894 0.8498 0.3040 0.1858 0.5795 0.1540 0.7125 0.1040 0.1016 0.0381 0.0074 0.0014 0.0055 0.1066 0.0498 0.1049 0.0180 0.0058 0.0004 0.0033 0.0181 0.0004 0.0001 0.0002 0.0000 0.0001 0.0000 0.0003 0.0011 0.0336 0.0093 0.0004 0.0000 0.0000 0.0001 0.0000 0.0000 0.0000 0.0000 0.0000 0.0000 0.0000 0.0000 0.0000 0.0001
0.3230 0.3084 0.4217 0.0044 0.0136 0.0003 0.0003 0.0003 0.0001 0.0027 0.0303 0.7773 0.9894 0.9999 0.9913 0.4254 0.0817 0.4146 0.0299 0.2900 0.0230 0.0030 0.0053 0.0001 0.0001 0.0007 0.0046 0.0062 0.0258 0.0046 0.0057 0.0004 0.0004 0.0036 0.0003 0.0000 0.0001 0.0001 0.0000 0.0001 0.0003 0.0014 0.0039 0.0011 0.0004 0.0000 0.0000 0.0000 0.0000 0.0000 0.0000 0.0000 0.0000 0.0000 0.0000 0.0000 0.0000 0.0000
0.1465 0.0615 0.2176 0.0018 0.0067 0.0002 0.0000 0.0000 0.0000 0.0003 0.0027 0.0566 0.8498 0.9913 0.9999 0.9883 0.9087 0.9329 0.1067 0.2107 0.0106 0.0014 0.0007 0.0000 0.0000 0.0003 0.0057 0.0101 0.1022 0.0156 0.0293 0.0010 0.0009 0.0146 0.0009 0.0001 0.0002 0.0001 0.0000 0.0000 0.0004 0.0012 0.0054 0.0008 0.0001 0.0000 0.0000 0.0000 0.0000 0.0000 0.0000 0.0000 0.0000 0.0000 0.0000 0.0000 0.0000 0.0000
0.1034 0.0624 0.2265 0.0056 0.0184 0.0003 0.0000 0.0000 0.0000 0.0005 0.0013 0.0223 0.3040 0.4254 0.9883 1.0000 0.9989 0.7788 0.0515 0.1333 0.0112 0.0010 0.0004 0.0000 0.0000 0.0001 0.0017 0.0125 0.2243 0.0812 0.2911 0.0138 0.0329 0.2991 0.0135 0.0007 0.0008 0.0001 0.0001 0.0001 0.0012 0.0012 0.0028 0.0007 0.0002 0.0000 0.0000 0.0000 0.0000 0.0000 0.0000 0.0000 0.0000 0.0000 0.0000 0.0000 0.0000 0.0000
0.0201 0.0035 0.0449 0.0009 0.0079 0.0004 0.0001 0.0000 0.0000 0.0003 0.0008 0.0107 0.1858 0.0817 0.9087 0.9989 1.0000 0.9984 0.7046 0.1785 0.0192 0.0011 0.0004 0.0000 0.0000 0.0002 0.0036 0.0391 0.4945 0.5244 0.7784 0.0640 0.0876 0.5117 0.0282 0.0012 0.0010 0.0003 0.0004 0.0004 0.0024 0.0096 0.0380 0.0070 0.0009 0.0001 0.0000 0.0001 0.0000 0.0000 0.0000 0.0000 0.0000 0.0000 0.0000 0.0000 0.0000 0.0000
0.0124 0.0069 0.0848 0.0021 0.0337 0.0016 0.0003 0.0002 0.0001 0.0036 0.0028 0.0694 0.5795 0.4146 0.9329 0.7788 0.9984 1.0000 0.9975 0.7120 0.0383 0.0014 0.0003 0.0000 0.0000 0.0009 0.0527 0.1421 0.5613 0.4261 0.3632 0.0111 0.0149 0.1064 0.0022 0.0005 0.0004 0.0001 0.0014 0.0008 0.0058 0.0238 0.0582 0.0084 0.0012 0.0004 0.0000 0.0002 0.0000 0.0000 0.0000 0.0000 0.0000 0.0000 0.0000 0.0000 0.0000 0.0000
0.0028 0.0009 0.0090 0.0008 0.0302 0.0265 0.0018 0.0010 0.0002 0.0019 0.0010 0.0200 0.1540 0.0299 0.1067 0.0515 0.7046 0.9975 1.0000 0.9967 0.8904 0.0084 0.0012 0.0000 0.0003 0.0072 0.0689 0.8830 0.9029 0.7761 0.6260 0.0465 0.1278 0.1705 0.0026 0.0011 0.0029 0.0005 0.0137 0.0030 0.0391 0.1654 0.3859 0.0732 0.0095 0.0049 0.0007 0.0061 0.0000 0.0000 0.0028 0.0000 0.0000 0.0000 0.0000 0.0000 0.0000 0.0000
0.0239 0.0254 0.2993 0.0316 0.3942 0.1119 0.0522 0.0169 0.0034 0.0709 0.0239 0.4450 0.7125 0.2900 0.2107 0.1333 0.1785 0.7120 0.9967 1.0000 0.9959 0.6364 0.0320 0.0012 0.0436 0.0760 0.1910 0.8833 0.8137 0.2300 0.0371 0.0018 0.0101 0.0072 0.0001 0.0001 0.0001 0.0000 0.0012 0.0008 0.0175 0.0386 0.1941 0.0191 0.0016 0.0016 0.0003 0.0020 0.0000 0.0000 0.0007 0.0000 0.0000 0.0000 0.0000 0.0000 0.0000 0.0000
0.0111 0.0081 0.0514 0.0042 0.2812 0.0590 0.0822 0.0223 0.0008 0.0203 0.0036 0.1134 0.1040 0.0230 0.0106 0.0112 0.0192 0.0383 0.8904 0.9959 1.0000 0.9985 0.7950 0.0232 0.1888 0.8638 0.9126 0.9903 0.5376 0.0354 0.0010 0.0002 0.0033 0.0005 0.0000 0.0000 0.0001 0.0001 0.0047 0.0033 0.0447 0.0916 0.4092 0.1336 0.0152 0.0424 0.0058 0.0335 0.0003 0.0014 0.0563 0.0045 0.0000 0.0016 0.0060 0.0000 0.0000 0.0004
0.0048 0.0155 0.1552 0.1526 0.9717 0.2868 0.7183 0.7239 0.0707 0.5484 0.0278 0.2316 0.1016 0.0030 0.0014 0.0010 0.0011 0.0014 0.0084 0.6364 0.9985 1.0000 0.9983 0.9648 0.9703 0.9362 0.9173 0.6745 0.1874 0.0012 0.0001 0.0001 0.0004 0.0001 0.0000 0.0000 0.0000 0.0000 0.0002 0.0002 0.0050 0.0155 0.1463 0.1095 0.0059 0.0137 0.0014 0.0254 0.0003 0.0010 0.0545 0.0115 0.0001 0.0037 0.0181 0.0001 0.0000 0.0014
0.0261 0.1176 0.1777 0.1371 0.3145 0.0127 0.0688 0.1231 0.0049 0.2607 0.0458 0.2125 0.0381 0.0053 0.0007 0.0004 0.0004 0.0003 0.0012 0.0320 0.7950 0.9983 1.0000 0.9994 0.7570 0.6253 0.0941 0.0125 0.0006 0.0001 0.0000 0.0000 0.0000 0.0000 0.0000 0.0000 0.0000 0.0000 0.0000 0.0001 0.0015 0.0030 0.0333 0.0204 0.0032 0.0129 0.0003 0.0033 0.0002 0.0014 0.0362 0.0050 0.0003 0.0365 0.0340 0.0007 0.0004 0.0121
0.0022 0.0135 0.0480 0.0828 0.5437 0.0675 0.3529 0.6760 0.0979 0.5756 0.0275 0.0520 0.0074 0.0001 0.0000 0.0000 0.0000 0.0000 0.0000 0.0012 0.0232 0.9648 0.9994 1.0000 0.9996 0.8535 0.0632 0.0007 0.0001 0.0000 0.0000 0.0000 0.0000 0.0000 0.0000 0.0000 0.0000 0.0000 0.0000 0.0000 0.0001 0.0005 0.0080 0.0115 0.0019 0.0193 0.0025 0.0373 0.0012 0.0077 0.2991 0.1288 0.0038 0.2722 0.6551 0.0376 0.0038 0.1427
0.0005 0.0009 0.0069 0.0286 0.7617 0.2979 0.8873 0.8622 0.1123 0.2550 0.0051 0.0170 0.0014 0.0001 0.0000 0.0000 0.0000 0.0000 0.0003 0.0436 0.1888 0.9703 0.7570 0.9996 1.0000 0.9992 0.9392 0.0228 0.0009 0.0000 0.0000 0.0000 0.0000 0.0000 0.0000 0.0000 0.0000 0.0000 0.0000 0.0000 0.0005 0.0022 0.0427 0.0486 0.0057 0.0342 0.0065 0.0862 0.0021 0.0170 0.3508 0.1150 0.0054 0.2235 0.4307 0.0074 0.0020 0.0864
0.0004 0.0014 0.0016 0.0025 0.1358 0.0985 0.4975 0.1382 0.0033 0.0468 0.0015 0.0237 0.0055 0.0007 0.0003 0.0001 0.0002 0.0009 0.0072 0.0760 0.8638 0.9362 0.6253 0.8535 0.9992 1.0000 0.9987 0.7717 0.0073 0.0003 0.0000 0.0000 0.0002 0.0001 0.0000 0.0000 0.0001 0.0000 0.0002 0.0002 0.0038 0.0098 0.0968 0.0821 0.0108 0.0269 0.0025 0.0220 0.0004 0.0047 0.1429 0.0087 0.0005 0.0540 0.0640 0.0005 0.0004 0.0197
0.0002 0.0002 0.0018 0.0036 0.4795 0.5106 0.8389 0.2061 0.0032 0.0736 0.0053 0.1644 0.1066 0.0046 0.0057 0.0017 0.0036 0.0527 0.0689 0.1910 0.9126 0.9173 0.0941 0.0632 0.9392 0.9987 1.0000 0.9986 0.8638 0.0437 0.0009 0.0003 0.0166 0.0019 0.0000 0.0003 0.0006 0.0002 0.0014 0.0007 0.0136 0.0237 0.2657 0.3052 0.0342 0.0953 0.0458 0.5659 0.0068 0.0099 0.6571 0.0996 0.0003 0.0091 0.0640 0.0001 0.0000 0.0010
0.0002 0.0002 0.0030 0.0016 0.0886 0.1877 0.1357 0.0091 0.0002 0.0014 0.0003 0.0293 0.0498 0.0062 0.0101 0.0125 0.0391 0.1421 0.8830 0.8833 0.9903 0.6745 0.0125 0.0007 0.0228 0.7717 0.9986 1.0000 0.9985 0.7006 0.0263 0.0082 0.0850 0.0247 0.0005 0.0016 0.0032 0.0005 0.0154 0.0025 0.0520 0.0884 0.4052 0.2332 0.0318 0.0080 0.0082 0.0654 0.0005 0.0002 0.0143 0.0019 0.0000 0.0001 0.0003 0.0000 0.0000 0.0001
0.0002 0.0001 0.0017 0.0004 0.1160 0.1157 0.1142 0.0359 0.0001 0.0008 0.0004 0.0391 0.1049 0.0258 0.1022 0.2243 0.4945 0.5613 0.9029 0.8137 0.5376 0.1874 0.0006 0.0001 0.0009 0.0073 0.8638 0.9985 1.0000 0.9987 0.6619 0.0376 0.6191 0.6036 0.0033 0.0044 0.0378 0.0012 0.0247 0.0013 0.0153 0.0176 0.1576 0.0510 0.0117 0.0057 0.0119 0.2033 0.0031 0.0004 0.0102 0.0031 0.0000 0.0000 0.0000 0.0000 0.0000 0.0001
0.0001 0.0000 0.0002 0.0001 0.0013 0.0069 0.0025 0.0003 0.0000 0.0000 0.0000 0.0013 0.0180 0.0046 0.0156 0.0812 0.5244 0.4261 0.7761 0.2300 0.0354 0.0012 0.0001 0.0000 0.0000 0.0003 0.0437 0.7006 0.9987 1.0000 0.9984 0.9931 0.9931 0.8680 0.0378 0.0578 0.0507 0.0091 0.0711 0.0096 0.1429 0.2412 0.3886 0.2051 0.0546 0.0064 0.0584 0.3591 0.0041 0.0003 0.0097 0.0022 0.0000 0.0000 0.0000 0.0000 0.0000 0.0000
0.0003 0.0001 0.0004 0.0000 0.0008 0.0028 0.0003 0.0000 0.0000 0.0000 0.0000 0.0003 0.0058 0.0057 0.0293 0.2911 0.7784 0.3632 0.6260 0.0371 0.0010 0.0001 0.0000 0.0000 0.0000 0.0000 0.0009 0.0263 0.6619 0.9984 1.0000 0.9994 0.9498 0.9498 0.6975 0.0509 0.0074 0.0016 0.0050 0.0007 0.0062 0.0163 0.0191 0.0025 0.0010 0.0004 0.0023 0.0333 0.0012 0.0000 0.0003 0.0003 0.0000 0.0000 0.0000 0.0000 0.0000 0.0000
0.0002 0.0000 0.0000 0.0000 0.0000 0.0004 0.0002 0.0000 0.0000 0.0000 0.0000 0.0000 0.0004 0.0004 0.0010 0.0138 0.0640 0.0111 0.0465 0.0018 0.0002 0.0001 0.0000 0.0000 0.0000 0.0000 0.0003 0.0082 0.0376 0.9931 0.9994 1.0000 0.9994 0.9483 0.8571 0.8371 0.2146 0.0731 0.4855 0.0226 0.1389 0.2304 0.1035 0.0186 0.0191 0.0032 0.0582 0.2439 0.0147 0.0004 0.0025 0.0020 0.0000 0.0000 0.0000 0.0000 0.0000 0.0000
0.0001 0.0000 0.0000 0.0000 0.0005 0.0242 0.0228 0.0005 0.0000 0.0001 0.0000 0.0003 0.0033 0.0004 0.0009 0.0329 0.0876 0.0149 0.1278 0.0101 0.0033 0.0004 0.0000 0.0000 0.0000 0.0002 0.0166 0.0850 0.6191 0.9931 0.9498 0.9994 1.0000 0.9983 0.9388 0.9292 0.6269 0.2192 0.6935 0.0803 0.2115 0.3329 0.1786 0.1009 0.0957 0.0203 0.4845 0.8607 0.1849 0.0040 0.0806 0.1149 0.0002 0.0000 0.0001 0.0000 0.0000 0.0000
0.0002 0.0000 0.0002 0.0002 0.0144 0.0704 0.0204 0.0008 0.0000 0.0001 0.0002 0.0003 0.0181 0.0036 0.0146 0.2991 0.5117 0.1064 0.1705 0.0072 0.0005 0.0001 0.0000 0.0000 0.0000 0.0001 0.0019 0.0247 0.6036 0.8680 0.9498 0.9483 0.9983 1.0000 0.9956 0.8090 0.3441 0.0115 0.0302 0.0020 0.0027 0.0060 0.0055 0.0019 0.0014 0.0003 0.0169 0.1663 0.0150 0.0001 0.0007 0.0129 0.0000 0.0000 0.0000 0.0000 0.0000 0.0000
0.0001 0.0000 0.0000 0.0000 0.0001 0.0063 0.0003 0.0000 0.0000 0.0000 0.0000 0.0000 0.0004 0.0003 0.0009 0.0135 0.0282 0.0022 0.0026 0.0001 0.0000 0.0000 0.0000 0.0000 0.0000 0.0000 0.0000 0.0005 0.0033 0.0378 0.6975 0.8571 0.9388 0.9956 0.9999 0.9895 0.5580 0.0205 0.0733 0.0012 0.0019 0.0033 0.0009 0.0003 0.0010 0.0001 0.0092 0.0247 0.0144 0.0001 0.0001 0.0010 0.0000 0.0000 0.0000 0.0000 0.0000 0.0000
0.0001 0.0000 0.0000 0.0000 0.0000 0.0011 0.0003 0.0000 0.0000 0.0000 0.0000 0.0000 0.0001 0.0000 0.0001 0.0007 0.0012 0.0005 0.0011 0.0001 0.0000 0.0000 0.0000 0.0000 0.0000 0.0000 0.0003 0.0016 0.0044 0.0578 0.0509 0.8371 0.9292 0.8090 0.9895 0.9998 0.9824 0.8712 0.8630 0.0637 0.0638 0.1081 0.0127 0.0055 0.0218 0.0056 0.2756 0.4114 0.3040 0.0035 0.0090 0.0976 0.0019 0.0000 0.0000 0.0002 0.0000 0.0000
0.0001 0.0000 0.0000 0.0000 0.0001 0.0029 0.0066 0.0005 0.0001 0.0001 0.0000 0.0000 0.0002 0.0001 0.0002 0.0008 0.0010 0.0004 0.0029 0.0001 0.0001 0.0000 0.0000 0.0000 0.0000 0.0001 0.0006 0.0032 0.0378 0.0507 0.0074 0.2146 0.6269 0.3441 0.5580 0.9824 0.9999 0.9955 0.7273 0.0268 0.0160 0.0171 0.0026 0.0010 0.0048 0.0082 0.5239 0.6033 0.6698 0.0401 0.0285 0.1346 0.0099 0.0003 0.0007 0.0008 0.0001 0.0000
0.0001 0.0000 0.0000 0.0000 0.0000 0.0003 0.0004 0.0001 0.0000 0.0000 0.0000 0.0000 0.0000 0.0001 0.0001 0.0001 0.0003 0.0001 0.0005 0.0000 0.0001 0.0000 0.0000 0.0000 0.0000 0.0000 0.0002 0.0005 0.0012 0.0091 0.0016 0.0731 0.2192 0.0115 0.0205 0.8712 0.9955 0.9999 0.9911 0.5586 0.1155 0.1698 0.0066 0.0056 0.0482 0.1074 0.6999 0.5676 0.7110 0.1589 0.0331 0.0591 0.0119 0.0010 0.0003 0.0005 0.0001 0.0001
0.0001 0.0000 0.0000 0.0000 0.0000 0.0002 0.0001 0.0000 0.0000 0.0000 0.0000 0.0000 0.0001 0.0000 0.0000 0.0001 0.0004 0.0014 0.0137 0.0012 0.0047 0.0002 0.0000 0.0000 0.0000 0.0002 0.0014 0.0154 0.0247 0.0711 0.0050 0.4855 0.6935 0.0302 0.0733 0.8630 0.7273 0.9911 0.9999 0.9943 0.9194 0.4089 0.0444 0.0333 0.3000 0.2589 0.7529 0.3427 0.2344 0.1622 0.0510 0.0050 0.0017 0.0010 0.0001 0.0000 0.0000 0.0001
0.0001 0.0000 0.0000 0.0000 0.0000 0.0001 0.0001 0.0001 0.0000 0.0000 0.0000 0.0000 0.0000 0.0001 0.0000 0.0001 0.0004 0.0008 0.0030 0.0008 0.0033 0.0002 0.0001 0.0000 0.0000 0.0002 0.0007 0.0025 0.0013 0.0096 0.0007 0.0226 0.0803 0.0020 0.0012 0.0637 0.0268 0.5586 0.9943 1.0000 0.9982 0.6802 0.0509 0.0919 0.4745 0.3656 0.5831 0.1109 0.0723 0.3241 0.0307 0.0014 0.0033 0.0037 0.0001 0.0001 0.0000 0.0001
0.0001 0.0000 0.0000 0.0000 0.0001 0.0010 0.0009 0.0008 0.0000 0.0002 0.0000 0.0001 0.0003 0.0003 0.0004 0.0012 0.0024 0.0058 0.0391 0.0175 0.0447 0.0050 0.0015 0.0001 0.0005 0.0038 0.0136 0.0520 0.0153 0.1429 0.0062 0.1389 0.2115 0.0027 0.0019 0.0638 0.0160 0.1155 0.9194 0.9982 1.0000 0.9994 0.4942 0.4787 0.8548 0.7067 0.7150 0.1417 0.0294 0.3140 0.1000 0.0012 0.0016 0.0061 0.0001 0.0000 0.0000 0.0001
0.0001 0.0000 0.0000 0.0001 0.0002 0.0027 0.0024 0.0056 0.0004 0.0082 0.0001 0.0004 0.0011 0.0014 0.0012 0.0012 0.0096 0.0238 0.1654 0.0386 0.0916 0.0155 0.0030 0.0005 0.0022 0.0098 0.0237 0.0884 0.0176 0.2412 0.0163 0.2304 0.3329 0.0060 0.0033 0.1081 0.0171 0.1698 0.4089 0.6802 0.9994 1.0000 0.9992 0.9700 0.8993 0.3667 0.2503 0.1008 0.0120 0.0495 0.1175 0.0012 0.0003 0.0017 0.0001 0.0000 0.0000 0.0001
0.0002 0.0000 0.0001 0.0003 0.0041 0.0474 0.0355 0.0395 0.0054 0.0363 0.0016 0.0018 0.0336 0.0039 0.0054 0.0028 0.0380 0.0582 0.3859 0.1941 0.4092 0.1463 0.0333 0.0080 0.0427 0.0968 0.2657 0.4052 0.1576 0.3886 0.0191 0.1035 0.1786 0.0055 0.0009 0.0127 0.0026 0.0066 0.0444 0.0509 0.4942 0.9992 1.0000 0.9990 0.7307 0.1501 0.0663 0.0104 0.0004 0.0193 0.0805 0.0001 0.0001 0.0011 0.0001 0.0000 0.0000 0.0002
0.0002 0.0000 0.0001 0.0002 0.0041 0.0528 0.0578 0.0537 0.0289 0.0635 0.0075 0.0021 0.0093 0.0011 0.0008 0.0007 0.0070 0.0084 0.0732 0.0191 0.1336 0.1095 0.0204 0.0115 0.0486 0.0821 0.3052 0.2332 0.0510 0.2051 0.0025 0.0186 0.1009 0.0019 0.0003 0.0055 0.0010 0.0056 0.0333 0.0919 0.4787 0.9700 0.9990 1.0000 0.9978 0.7713 0.1021 0.0200 0.0008 0.0457 0.0919 0.0003 0.0003 0.0058 0.0003 0.0000 0.0000 0.0003
0.0001 0.0000 0.0000 0.0000 0.0002 0.0060 0.0085 0.0259 0.0035 0.0071 0.0003 0.0004 0.0004 0.0004 0.0001 0.0002 0.0009 0.0012 0.0095 0.0016 0.0152 0.0059 0.0032 0.0019 0.0057 0.0108 0.0342 0.0318 0.0117 0.0546 0.0010 0.0191 0.0957 0.0014 0.0010 0.0218 0.0048 0.0482 0.3000 0.4745 0.8548 0.8993 0.7307 0.9978 1.0000 0.9959 0.5970 0.0094 0.0029 0.1229 0.0644 0.0001 0.0003 0.0052 0.0001 0.0000 0.0000 0.0003
0.0001 0.0000 0.0000 0.0000 0.0004 0.0122 0.0313 0.0256 0.0003 0.0010 0.0000 0.0001 0.0000 0.0000 0.0000 0.0000 0.0001 0.0004 0.0049 0.0016 0.0424 0.0137 0.0129 0.0193 0.0342 0.0269 0.0953 0.0080 0.0057 0.0064 0.0004 0.0032 0.0203 0.0003 0.0001 0.0056 0.0082 0.1074 0.2589 0.3656 0.7067 0.3667 0.1501 0.7713 0.9959 1.0000 0.9981 0.4850 0.0627 0.9967 0.9956 0.0170 0.0380 0.8095 0.0099 0.0002 0.0010 0.0035
0.0000 0.0000 0.0000 0.0000 0.0001 0.0026 0.0136 0.0028 0.0000 0.0000 0.0000 0.0000 0.0000 0.0000 0.0000 0.0000 0.0000 0.0000 0.0007 0.0003 0.0058 0.0014 0.0003 0.0025 0.0065 0.0025 0.0458 0.0082 0.0119 0.0584 0.0023 0.0582 0.4845 0.0169 0.0092 0.2756 0.5239 0.6999 0.7529 0.5831 0.7150 0.2503 0.0663 0.1021 0.5970 0.9981 1.0000 0.9993 0.9988 0.9990 0.9750 0.0326 0.0093 0.0026 0.0002 0.0000 0.0000 0.0000
0.0001 0.0000 0.0000 0.0002 0.0030 0.1640 0.4028 0.0485 0.0005 0.0004 0.0000 0.0002 0.0001 0.0000 0.0000 0.0000 0.0001 0.0002 0.0061 0.0020 0.0335 0.0254 0.0033 0.0373 0.0862 0.0220 0.5659 0.0654 0.2033 0.3591 0.0333 0.2439 0.8607 0.1663 0.0247 0.4114 0.6033 0.5676 0.3427 0.1109 0.1417 0.1008 0.0104 0.0200 0.0094 0.4850 0.9993 1.0000 0.9997 0.9839 0.9976 0.9911 0.0039 0.0005 0.0004 0.0000 0.0000 0.0000
0.0001 0.0000 0.0000 0.0000 0.0001 0.0305 0.0547 0.0004 0.0000 0.0000 0.0000 0.0000 0.0000 0.0000 0.0000 0.0000 0.0000 0.0000 0.0000 0.0000 0.0003 0.0003 0.0002 0.0012 0.0021 0.0004 0.0068 0.0005 0.0031 0.0041 0.0012 0.0147 0.1849 0.0150 0.0144 0.3040 0.6698 0.7110 0.2344 0.0723 0.0294 0.0120 0.0004 0.0008 0.0029 0.0627 0.9988 0.9997 1.0000 0.9997 0.9935 0.9983 0.9914 0.0014 0.0001 0.0005 0.0002 0.0001
0.0000 0.0000 0.0000 0.0000 0.0000 0.0037 0.0047 0.0003 0.0000 0.0000 0.0000 0.0000 0.0000 0.0000 0.0000 0.0000 0.0000 0.0000 0.0000 0.0000 0.0014 0.0010 0.0014 0.0077 0.0170 0.0047 0.0099 0.0002 0.0004 0.0003 0.0000 0.0004 0.0040 0.0001 0.0001 0.0035 0.0401 0.1589 0.1622 0.3241 0.3140 0.0495 0.0193 0.0457 0.1229 0.9967 0.9990 0.9839 0.9997 1.0000 0.9997 0.9947 0.9988 0.9931 0.0017 0.0005 0.0004 0.0012
0.0000 0.0000 0.0000 0.0001 0.0032 0.0890 0.4416 0.0449 0.0008 0.0014 0.0000 0.0001 0.0000 0.0000 0.0000 0.0000 0.0000 0.0000 0.0028 0.0007 0.0563 0.0545 0.0362 0.2991 0.3508 0.1429 0.6571 0.0143 0.0102 0.0097 0.0003 0.0025 0.0806 0.0007 0.0001 0.0090 0.0285 0.0331 0.0510 0.0307 0.1000 0.1175 0.0805 0.0919 0.0644 0.9956 0.9750 0.9976 0.9935 0.9997 1.0000 0.9996 0.9944 0.9983 0.9894 0.0038 0.0002 0.0020
0.0001 0.0000 0.0000 0.0002 0.0015 0.1924 0.5064 0.0570 0.0039 0.0020 0.0000 0.0000 0.0000 0.0000 0.0000 0.0000 0.0000 0.0000 0.0000 0.0000 0.0045 0.0115 0.0050 0.1288 0.1150 0.0087 0.0996 0.0019 0.0031 0.0022 0.0003 0.0020 0.1149 0.0129 0.0010 0.0976 0.1346 0.0591 0.0050 0.0014 0.0012 0.0012 0.0001 0.0003 0.0001 0.0170 0.0326 0.9911 0.9983 0.9947 0.9996 1.0000 0.9994 0.9934 0.9985 0.9876 0.0033 0.0012
0.0001 0.0000 0.0000 0.0000 0.0000 0.0021 0.0071 0.0005 0.0000 0.0000 0.0000 0.0000 0.0000 0.0000 0.0000 0.0000 0.0000 0.0000 0.0000 0.0000 0.0000 0.0001 0.0003 0.0038 0.0054 0.0005 0.0003 0.0000 0.0000 0.0000 0.0000 0.0000 0.0002 0.0000 0.0000 0.0019 0.0099 0.0119 0.0017 0.0033 0.0016 0.0003 0.0001 0.0003 0.0003 0.0380 0.0093 0.0039 0.9914 0.9988 0.9944 0.9994 1.0000 0.9993 0.9919 0.9975 0.9744 0.0324
0.0001 0.0000 0.0000 0.0000 0.0005 0.0110 0.0850 0.0073 0.0002 0.0006 0.0000 0.0000 0.0000 0.0000 0.0000 0.0000 0.0000 0.0000 0.0000 0.0000 0.0016 0.0037 0.0365 0.2722 0.2235 0.0540 0.0091 0.0001 0.0000 0.0000 0.0000 0.0000 0.0000 0.0000 0.0000 0.0000 0.0003 0.0010 0.0010 0.0037 0.0061 0.0017 0.0011 0.0058 0.0052 0.8095 0.0026 0.0005 0.0014 0.9931 0.9983 0.9934 0.9993 1.0000 0.9995 0.9870 0.9909 0.9262
0.0001 0.0000 0.0001 0.0007 0.0063 0.1526 0.5835 0.2124 0.0292 0.0404 0.0004 0.0003 0.0000 0.0000 0.0000 0.0000 0.0000 0.0000 0.0000 0.0000 0.0060 0.0181 0.0340 0.6551 0.4307 0.0640 0.0640 0.0003 0.0000 0.0000 0.0000 0.0000 0.0001 0.0000 0.0000 0.0000 0.0007 0.0003 0.0001 0.0001 0.0001 0.0001 0.0001 0.0003 0.0001 0.0099 0.0002 0.0004 0.0001 0.0017 0.9894 0.9985 0.9919 0.9995 1.0000 0.9995 0.9676 0.9518
0.0001 0.0000 0.0000 0.0002 0.0004 0.0170 0.0446 0.0197 0.0020 0.0014 0.0000 0.0000 0.0000 0.0000 0.0000 0.0000 0.0000 0.0000 0.0000 0.0000 0.0000 0.0001 0.0007 0.0376 0.0074 0.0005 0.0001 0.0000 0.0000 0.0000 0.0000 0.0000 0.0000 0.0000 0.0000 0.0002 0.0008 0.0005 0.0000 0.0001 0.0000 0.0000 0.0000 0.0000 0.0000 0.0002 0.0000 0.0000 0.0005 0.0005 0.0038 0.9876 0.9975 0.9870 0.9995 1.0000 0.9994 0.9140
0.0001 0.0000 0.0000 0.0001 0.0001 0.0014 0.0044 0.0016 0.0001 0.0001 0.0000 0.0000 0.0000 0.0000 0.0000 0.0000 0.0000 0.0000 0.0000 0.0000 0.0000 0.0000 0.0004 0.0038 0.0020 0.0004 0.0000 0.0000 0.0000 0.0000 0.0000 0.0000 0.0000 0.0000 0.0000 0.0000 0.0001 0.0001 0.0000 0.0000 0.0000 0.0000 0.0000 0.0000 0.0000 0.0010 0.0000 0.0000 0.0002 0.0004 0.0002 0.0033 0.9744 0.9909 0.9676 0.9994 1.0000 0.9979
0.0003 0.0002 0.0003 0.0011 0.0039 0.0121 0.0808 0.0470 0.0067 0.0070 0.0007 0.0002 0.0001 0.0000 0.0000 0.0000 0.0000 0.0000 0.0000 0.0000 0.0004 0.0014 0.0121 0.1427 0.0864 0.0197 0.0010 0.0001 0.0001 0.0000 0.0000 0.0000 0.0000 0.0000 0.0000 0.0000 0.0000 0.0001 0.0001 0.0001 0.0001 0.0001 0.0002 0.0003 0.0003 0.0035 0.0000 0.0000 0.0001 0.0012 0.0020 0.0012 0.0324 0.9262 0.9518 0.9140 0.9979 1.0000
