1.0000 0.9988 0.7130 0.0467 0.0048 0.0004 0.0001 0.0001 0.0002 0.0003 0.0102 0.0138 0.3797 0.6348 0.4947 0.1832 0.1506 0.0483 0.0385 0.0115 0.0222 0.0314 0.0582 0.0144 0.0275 0.0077 0.0051 0.0034 0.0012 0.0011 0.0008 0.0005 0.0003 0.0003 0.0003 0.0003 0.0003 0.0003 0.0003 0.0003 0.0003 0.0003 0.0003 0.0003 0.0004 0.0006 0.0005 0.0003 0.0004 0.0004 0.0003 0.0003 0.0004 0.0005 0.0005 0.0007 0.0017 0.0019 0.0077 0.0015 0.0052 0.0005 0.0011 0.0007 0.0005 0.0007 0.0005 0.0006 0.0017 0.0030 0.0019 0.0056 0.0012 0.0021 0.0011 0.0010 0.0019 0.0015 0.0029 0.0012 0.0011 0.0012 0.0008 0.0010 0.0011 0.0010 0.0013 0.0015 0.0025
0.9988 1.0000 0.9992 0.8629 0.0156 0.0008 0.0000 0.0000 0.0001 0.0000 0.0302 0.0442 0.7809 0.9342 0.5116 0.1550 0.2758 0.0763 0.0853 0.0240 0.0640 0.1125 0.2944 0.0384 0.0804 0.0071 0.0054 0.0030 0.0009 0.0007 0.0005 0.0003 0.0003 0.0002 0.0001 0.0001 0.0001 0.0001 0.0001 0.0001 0.0001 0.0001 0.0001 0.0001 0.0001 0.0004 0.0004 0.0001 0.0001 0.0002 0.0001 0.0001 0.0001 0.0002 0.0003 0.0004 0.0010 0.0021 0.0217 0.0024 0.0268 0.0004 0.0008 0.0004 0.0004 0.0004 0.0004 0.0006 0.0054 0.0126 0.0049 0.0211 0.0012 0.0013 0.0007 0.0007 0.0014 0.0012 0.0089 0.0009 0.0008 0.0012 0.0005 0.0009 0.0010 0.0008 0.0010 0.0015 0.0021
0.7130 0.9992 1.0000 0.9992 0.9028 0.0060 0.0001 0.0000 0.0047 0.0111 0.9886 0.9402 0.9493 0.7900 0.0937 0.0265 0.0496 0.0052 0.0054 0.0027 0.0088 0.0099 0.0699 0.0056 0.0250 0.0019 0.0010 0.0010 0.0003 0.0003 0.0001 0.0001 0.0001 0.0001 0.0000 0.0000 0.0000 0.0000 0.0000 0.0000 0.0000 0.0000 0.0000 0.0000 0.0001 0.0001 0.0001 0.0001 0.0001 0.0001 0.0001 0.0000 0.0001 0.0001 0.0001 0.0001 0.0001 0.0001 0.0015 0.0009 0.0151 0.0004 0.0024 0.0015 0.0004 0.0005 0.0006 0.0009 0.0026 0.0034 0.0007 0.0016 0.0002 0.0003 0.0002 0.0001 0.0003 0.0003 0.0009 0.0006 0.0007 0.0016 0.0005 0.0013 0.0023 0.0012 0.0015 0.0041 0.0073
0.0467 0.8629 0.9992 1.0000 0.9992 0.8014 0.0027 0.0010 0.0186 0.0230 0.9640 0.9828 0.5543 0.7851 0.0219 0.0247 0.1431 0.0186 0.0318 0.0124 0.0822 0.1220 0.6833 0.0347 0.4391 0.0049 0.0021 0.0007 0.0002 0.0002 0.0002 0.0000 0.0000 0.0001 0.0000 0.0000 0.0000 0.0001 0.0000 0.0000 0.0000 0.0000 0.0000 0.0000 0.0000 0.0001 0.0001 0.0000 0.0001 0.0001 0.0000 0.0000 0.0001 0.0001 0.0000 0.0001 0.0003 0.0010 0.0372 0.0530 0.5932 0.0161 0.1445 0.0071 0.0024 0.0064 0.0030 0.0251 0.2957 0.1997 0.0536 0.0285 0.0006 0.0002 0.0001 0.0001 0.0003 0.0004 0.0263 0.0027 0.0033 0.0443 0.0032 0.0084 0.0089 0.0016 0.0016 0.0047 0.0112
0.0048 0.0156 0.9028 0.9992 1.0000 0.9988 0.4607 0.1145 0.9747 0.9469 0.9895 0.7196 0.0057 0.0036 0.0005 0.0008 0.0028 0.0009 0.0019 0.0040 0.0165 0.0076 0.0201 0.0021 0.0075 0.0003 0.0002 0.0003 0.0001 0.0001 0.0000 0.0000 0.0000 0.0000 0.0000 0.0000 0.0000 0.0000 0.0000 0.0000 0.0000 0.0000 0.0000 0.0000 0.0000 0.0001 0.0000 0.0000 0.0000 0.0000 0.0000 0.0000 0.0000 0.0000 0.0000 0.0000 0.0000 0.0000 0.0001 0.0004 0.0219 0.0016 0.1274 0.0098 0.0077 0.0244 0.0053 0.0182 0.0177 0.0075 0.0004 0.0002 0.0000 0.0000 0.0000 0.0000 0.0001 0.0001 0.0006 0.0012 0.0050 0.0248 0.0051 0.0171 0.0585 0.0172 0.0129 0.0512 0.0450
0.0004 0.0008 0.0060 0.8014 0.9988 1.0000 0.9990 0.9949 0.9760 0.9548 0.6156 0.9398 0.0035 0.0030 0.0003 0.0014 0.0040 0.0011 0.0023 0.0055 0.0260 0.0084 0.1073 0.0038 0.0851 0.0016 0.0011 0.0005 0.0001 0.0001 0.0001 0.0000 0.0000 0.0000 0.0000 0.0000 0.0000 0.0000 0.0000 0.0000 0.0000 0.0000 0.0000 0.0000 0.0000 0.0001 0.0000 0.0000 0.0000 0.0000 0.0000 0.0000 0.0000 0.0000 0.0000 0.0000 0.0000 0.0002 0.0015 0.0174 0.4250 0.2239 0.9921 0.1450 0.3124 0.7889 0.2212 0.5389 0.3983 0.1571 0.0026 0.0004 0.0000 0.0000 0.0000 0.0000 0.0000 0.0002 0.0029 0.0061 0.0349 0.2998 0.0611 0.0835 0.1057 0.0157 0.0055 0.0205 0.0316
0.0001 0.0000 0.0001 0.0027 0.4607 0.9990 1.0000 0.9993 0.8558 0.1388 0.0004 0.0019 0.0000 0.0000 0.0000 0.0001 0.0004 0.0007 0.0021 0.0105 0.0191 0.0030 0.0088 0.0014 0.0170 0.0041 0.0009 0.0007 0.0002 0.0003 0.0002 0.0001 0.0001 0.0001 0.0001 0.0001 0.0001 0.0001 0.0001 0.0001 0.0001 0.0001 0.0001 0.0001 0.0001 0.0002 0.0001 0.0000 0.0001 0.0001 0.0000 0.0000 0.0001 0.0000 0.0000 0.0001 0.0001 0.0001 0.0008 0.0019 0.0357 0.0125 0.4484 0.0054 0.0975 0.5167 0.1093 0.4384 0.1438 0.2160 0.0036 0.0012 0.0001 0.0001 0.0001 0.0001 0.0002 0.0007 0.0028 0.0240 0.0820 0.3331 0.1776 0.2811 0.5397 0.1371 0.0926 0.1394 0.1438
0.0001 0.0000 0.0000 0.0010 0.1145 0.9949 0.9993 1.0000 0.9998 0.9757 0.0079 0.0104 0.0000 0.0000 0.0000 0.0000 0.0002 0.0002 0.0003 0.0004 0.0010 0.0003 0.0025 0.0004 0.0038 0.0005 0.0006 0.0004 0.0001 0.0001 0.0001 0.0000 0.0000 0.0000 0.0001 0.0000 0.0000 0.0001 0.0001 0.0001 0.0001 0.0001 0.0001 0.0001 0.0001 0.0001 0.0001 0.0000 0.0001 0.0001 0.0000 0.0000 0.0000 0.0000 0.0000 0.0000 0.0000 0.0000 0.0001 0.0004 0.0189 0.0404 0.9361 0.2104 0.8838 0.9830 0.2951 0.3874 0.0439 0.0093 0.0003 0.0001 0.0000 0.0000 0.0000 0.0000 0.0001 0.0002 0.0008 0.0030 0.0140 0.1553 0.0682 0.1048 0.1458 0.0247 0.0217 0.0334 0.0756
0.0002 0.0001 0.0047 0.0186 0.9747 0.9760 0.8558 0.9998 1.0000 0.9997 0.6559 0.0213 0.0001 0.0000 0.0000 0.0001 0.0003 0.0002 0.0003 0.0004 0.0014 0.0001 0.0010 0.0001 0.0011 0.0001 0.0002 0.0002 0.0001 0.0001 0.0000 0.0000 0.0000 0.0000 0.0000 0.0000 0.0000 0.0000 0.0000 0.0000 0.0000 0.0000 0.0000 0.0001 0.0000 0.0001 0.0000 0.0000 0.0000 0.0000 0.0000 0.0000 0.0000 0.0000 0.0000 0.0000 0.0000 0.0000 0.0000 0.0000 0.0015 0.0020 0.2822 0.0404 0.4396 0.2507 0.0057 0.0071 0.0033 0.0005 0.0000 0.0000 0.0000 0.0000 0.0000 0.0000 0.0000 0.0001 0.0003 0.0005 0.0012 0.0139 0.0062 0.0091 0.0366 0.0073 0.0083 0.0102 0.0273
0.0003 0.0000 0.0111 0.0230 0.9469 0.9548 0.1388 0.9757 0.9997 1.0000 0.9993 0.9750 0.0051 0.0006 0.0003 0.0027 0.0025 0.0006 0.0010 0.0012 0.0042 0.0005 0.0030 0.0002 0.0016 0.0001 0.0001 0.0001 0.0000 0.0000 0.0000 0.0000 0.0000 0.0000 0.0000 0.0000 0.0000 0.0000 0.0000 0.0000 0.0000 0.0000 0.0000 0.0000 0.0000 0.0000 0.0000 0.0000 0.0000 0.0000 0.0000 0.0000 0.0000 0.0000 0.0000 0.0000 0.0000 0.0000 0.0000 0.0000 0.0113 0.0109 0.8023 0.7066 0.8964 0.3770 0.0273 0.0166 0.0122 0.0007 0.0001 0.0000 0.0000 0.0000 0.0000 0.0000 0.0000 0.0001 0.0002 0.0004 0.0005 0.0066 0.0021 0.0072 0.0107 0.0041 0.0044 0.0050 0.0154
0.0102 0.0302 0.9886 0.9640 0.9895 0.6156 0.0004 0.0079 0.6559 0.9993 1.0000 0.9995 0.8570 0.0136 0.0031 0.0113 0.0065 0.0007 0.0008 0.0005 0.0017 0.0007 0.0030 0.0001 0.0009 0.0000 0.0001 0.0001 0.0000 0.0000 0.0000 0.0000 0.0000 0.0000 0.0000 0.0000 0.0000 0.0000 0.0000 0.0000 0.0000 0.0000 0.0000 0.0000 0.0000 0.0001 0.0000 0.0000 0.0000 0.0000 0.0000 0.0000 0.0000 0.0000 0.0000 0.0000 0.0000 0.0000 0.0002 0.0001 0.0162 0.0023 0.1648 0.1022 0.0438 0.0027 0.0009 0.0004 0.0011 0.0003 0.0000 0.0000 0.0000 0.0000 0.0000 0.0000 0.0000 0.0000 0.0001 0.0001 0.0002 0.0014 0.0006 0.0016 0.0099 0.0020 0.0037 0.0056 0.0073
0.0138 0.0442 0.9402 0.9828 0.7196 0.9398 0.0019 0.0104 0.0213 0.9750 0.9995 1.0000 0.9994 0.8052 0.0490 0.2514 0.3013 0.0171 0.0227 0.0069 0.0619 0.1373 0.2975 0.0078 0.0500 0.0004 0.0001 0.0001 0.0000 0.0000 0.0000 0.0000 0.0000 0.0000 0.0000 0.0000 0.0000 0.0000 0.0000 0.0000 0.0000 0.0000 0.0000 0.0000 0.0000 0.0000 0.0000 0.0000 0.0000 0.0000 0.0000 0.0000 0.0000 0.0000 0.0000 0.0000 0.0000 0.0001 0.0023 0.0030 0.5847 0.0695 0.7904 0.5005 0.0704 0.0111 0.0312 0.0056 0.1724 0.0073 0.0069 0.0004 0.0000 0.0000 0.0000 0.0000 0.0000 0.0001 0.0003 0.0004 0.0007 0.0234 0.0017 0.0092 0.0057 0.0014 0.0012 0.0016 0.0037
0.3797 0.7809 0.9493 0.5543 0.0057 0.0035 0.0000 0.0000 0.0001 0.0051 0.8570 0.9994 1.0000 0.9991 0.9879 0.5907 0.4083 0.0132 0.0224 0.0029 0.0090 0.0356 0.0221 0.0020 0.0016 0.0001 0.0001 0.0001 0.0000 0.0000 0.0000 0.0000 0.0000 0.0000 0.0000 0.0000 0.0000 0.0000 0.0000 0.0000 0.0000 0.0000 0.0000 0.0000 0.0000 0.0001 0.0000 0.0000 0.0000 0.0000 0.0000 0.0000 0.0000 0.0000 0.0000 0.0000 0.0000 0.0000 0.0004 0.0001 0.0230 0.0012 0.0242 0.1004 0.0011 0.0002 0.0003 0.0001 0.0008 0.0001 0.0002 0.0001 0.0000 0.0001 0.0001 0.0001 0.0001 0.0001 0.0001 0.0001 0.0002 0.0011 0.0003 0.0014 0.0016 0.0014 0.0014 0.0016 0.0025
0.6348 0.9342 0.7900 0.7851 0.0036 0.0030 0.0000 0.0000 0.0000 0.0006 0.0136 0.8052 0.9991 1.0000 0.9992 0.7248 0.7351 0.1862 0.3684 0.0375 0.1059 0.7716 0.3509 0.0707 0.0446 0.0016 0.0005 0.0003 0.0001 0.0001 0.0001 0.0000 0.0001 0.0001 0.0000 0.0000 0.0000 0.0000 0.0000 0.0000 0.0000 0.0000 0.0000 0.0000 0.0000 0.0001 0.0000 0.0000 0.0001 0.0001 0.0000 0.0000 0.0001 0.0000 0.0000 0.0001 0.0005 0.0012 0.0759 0.0067 0.5558 0.0199 0.0136 0.0136 0.0003 0.0001 0.0005 0.0004 0.0212 0.0031 0.0095 0.0023 0.0005 0.0003 0.0003 0.0002 0.0003 0.0004 0.0008 0.0007 0.0008 0.0074 0.0011 0.0052 0.0021 0.0016 0.0013 0.0015 0.0023
0.4947 0.5116 0.0937 0.0219 0.0005 0.0003 0.0000 0.0000 0.0000 0.0003 0.0031 0.0490 0.9879 0.9992 1.0000 0.9995 0.8886 0.0937 0.1143 0.0077 0.0075 0.1107 0.0402 0.0263 0.0049 0.0008 0.0004 0.0003 0.0001 0.0001 0.0000 0.0000 0.0000 0.0000 0.0000 0.0000 0.0000 0.0000 0.0000 0.0000 0.0000 0.0000 0.0000 0.0000 0.0000 0.0001 0.0001 0.0000 0.0001 0.0001 0.0001 0.0000 0.0000 0.0001 0.0001 0.0001 0.0001 0.0002 0.0027 0.0003 0.0130 0.0010 0.0011 0.0049 0.0002 0.0001 0.0002 0.0001 0.0008 0.0005 0.0005 0.0007 0.0003 0.0003 0.0002 0.0003 0.0003 0.0003 0.0004 0.0004 0.0005 0.0022 0.0008 0.0032 0.0015 0.0022 0.0020 0.0023 0.0029
0.1832 0.1550 0.0265 0.0247 0.0008 0.0014 0.0001 0.0000 0.0001 0.0027 0.0113 0.2514 0.5907 0.7248 0.9995 1.0000 0.9988 0.4840 0.0925 0.0126 0.0052 0.0979 0.0103 0.0091 0.0010 0.0002 0.0001 0.0001 0.0001 0.0000 0.0000 0.0000 0.0000 0.0000 0.0000 0.0000 0.0000 0.0000 0.0000 0.0000 0.0000 0.0001 0.0000 0.0000 0.0000 0.0001 0.0000 0.0000 0.0000 0.0001 0.0000 0.0000 0.0001 0.0001 0.0001 0.0001 0.0002 0.0001 0.0025 0.0002 0.0081 0.0015 0.0018 0.0223 0.0005 0.0001 0.0005 0.0001 0.0005 0.0003 0.0002 0.0006 0.0003 0.0003 0.0002 0.0002 0.0003 0.0003 0.0003 0.0003 0.0004 0.0014 0.0005 0.0030 0.0015 0.0021 0.0021 0.0025 0.0033
0.1506 0.2758 0.0496 0.1431 0.0028 0.0040 0.0004 0.0002 0.0003 0.0025 0.0065 0.3013 0.4083 0.7351 0.8886 0.9988 1.0000 0.9992 0.8817 0.1325 0.1191 0.7648 0.1292 0.0562 0.0029 0.0004 0.0003 0.0002 0.0001 0.0001 0.0001 0.0000 0.0000 0.0000 0.0000 0.0000 0.0000 0.0000 0.0000 0.0000 0.0000 0.0001 0.0000 0.0000 0.0000 0.0001 0.0000 0.0000 0.0001 0.0001 0.0000 0.0000 0.0001 0.0001 0.0001 0.0001 0.0007 0.0008 0.0505 0.0049 0.2082 0.0145 0.0116 0.0257 0.0009 0.0003 0.0009 0.0005 0.0060 0.0066 0.0012 0.0057 0.0004 0.0005 0.0003 0.0002 0.0003 0.0003 0.0007 0.0004 0.0007 0.0038 0.0009 0.0060 0.0020 0.0019 0.0019 0.0024 0.0036
0.0483 0.0763 0.0052 0.0186 0.0009 0.0011 0.0007 0.0002 0.0002 0.0006 0.0007 0.0171 0.0132 0.1862 0.0937 0.4840 0.9992 1.0000 0.9989 0.4365 0.0529 0.4316 0.0427 0.0078 0.0007 0.0002 0.0001 0.0001 0.0001 0.0000 0.0001 0.0000 0.0000 0.0000 0.0000 0.0000 0.0000 0.0000 0.0000 0.0000 0.0001 0.0001 0.0000 0.0000 0.0000 0.0001 0.0001 0.0001 0.0001 0.0001 0.0000 0.0001 0.0001 0.0001 0.0001 0.0001 0.0007 0.0004 0.0409 0.0027 0.0517 0.0150 0.0046 0.0396 0.0014 0.0003 0.0008 0.0003 0.0010 0.0020 0.0002 0.0019 0.0002 0.0004 0.0003 0.0003 0.0003 0.0003 0.0004 0.0003 0.0003 0.0019 0.0007 0.0047 0.0024 0.0028 0.0032 0.0044 0.0044
0.0385 0.0853 0.0054 0.0318 0.0019 0.0023 0.0021 0.0003 0.0003 0.0010 0.0008 0.0227 0.0224 0.3684 0.1143 0.0925 0.8817 0.9989 1.0000 0.9989 0.9746 0.9735 0.1333 0.0138 0.0007 0.0002 0.0001 0.0002 0.0001 0.0000 0.0000 0.0000 0.0000 0.0000 0.0000 0.0000 0.0000 0.0000 0.0000 0.0000 0.0000 0.0000 0.0000 0.0000 0.0000 0.0001 0.0001 0.0000 0.0000 0.0001 0.0000 0.0000 0.0001 0.0001 0.0001 0.0001 0.0009 0.0006 0.0991 0.0146 0.3018 0.1502 0.0193 0.0864 0.0043 0.0005 0.0023 0.0004 0.0023 0.0061 0.0003 0.0066 0.0003 0.0005 0.0003 0.0003 0.0003 0.0003 0.0005 0.0003 0.0004 0.0041 0.0008 0.0055 0.0023 0.0022 0.0027 0.0034 0.0044
0.0115 0.0240 0.0027 0.0124 0.0040 0.0055 0.0105 0.0004 0.0004 0.0012 0.0005 0.0069 0.0029 0.0375 0.0077 0.0126 0.1325 0.4365 0.9989 1.0000 0.9997 0.8053 0.0589 0.0152 0.0006 0.0001 0.0001 0.0002 0.0001 0.0000 0.0000 0.0000 0.0000 0.0000 0.0000 0.0000 0.0000 0.0000 0.0001 0.0000 0.0001 0.0001 0.0001 0.0000 0.0001 0.0001 0.0001 0.0000 0.0001 0.0001 0.0001 0.0000 0.0001 0.0001 0.0001 0.0001 0.0004 0.0001 0.0153 0.0074 0.1282 0.2613 0.0469 0.2248 0.0113 0.0016 0.0096 0.0013 0.0027 0.0025 0.0001 0.0014 0.0002 0.0005 0.0003 0.0003 0.0003 0.0002 0.0006 0.0005 0.0022 0.0470 0.0052 0.0183 0.0041 0.0041 0.0049 0.0078 0.0073
0.0222 0.0640 0.0088 0.0822 0.0165 0.0260 0.0191 0.0010 0.0014 0.0042 0.0017 0.0619 0.0090 0.1059 0.0075 0.0052 0.1191 0.0529 0.9746 0.9997 1.0000 0.9990 0.8060 0.0833 0.0057 0.0003 0.0001 0.0001 0.0000 0.0000 0.0000 0.0000 0.0000 0.0000 0.0000 0.0000 0.0000 0.0000 0.0000 0.0000 0.0000 0.0000 0.0001 0.0000 0.0001 0.0001 0.0001 0.0000 0.0001 0.0002 0.0000 0.0000 0.0001 0.0001 0.0001 0.0000 0.0005 0.0003 0.0667 0.0944 0.8041 0.8464 0.2800 0.3899 0.0213 0.0059 0.0443 0.0034 0.0534 0.0135 0.0008 0.0105 0.0004 0.0012 0.0003 0.0003 0.0004 0.0001 0.0008 0.0003 0.0005 0.0126 0.0008 0.0086 0.0038 0.0024 0.0026 0.0036 0.0063
0.0314 0.1125 0.0099 0.1220 0.0076 0.0084 0.0030 0.0003 0.0001 0.0005 0.0007 0.1373 0.0356 0.7716 0.1107 0.0979 0.7648 0.4316 0.9735 0.8053 0.9990 1.0000 0.9993 0.6620 0.0079 0.0009 0.0001 0.0002 0.0000 0.0000 0.0000 0.0000 0.0000 0.0000 0.0000 0.0000 0.0000 0.0000 0.0000 0.0000 0.0000 0.0000 0.0000 0.0000 0.0000 0.0000 0.0000 0.0000 0.0000 0.0000 0.0000 0.0000 0.0001 0.0001 0.0000 0.0001 0.0030 0.0064 0.8519 0.8142 0.9227 0.7098 0.0408 0.0102 0.0005 0.0002 0.0011 0.0007 0.0162 0.0203 0.0036 0.0556 0.0003 0.0012 0.0002 0.0002 0.0003 0.0001 0.0009 0.0001 0.0001 0.0019 0.0001 0.0010 0.0009 0.0007 0.0009 0.0013 0.0022
0.0582 0.2944 0.0699 0.6833 0.0201 0.1073 0.0088 0.0025 0.0010 0.0030 0.0030 0.2975 0.0221 0.3509 0.0402 0.0103 0.1292 0.0427 0.1333 0.0589 0.8060 0.9993 1.0000 0.9994 0.9437 0.0331 0.0013 0.0006 0.0000 0.0003 0.0007 0.0000 0.0000 0.0002 0.0000 0.0000 0.0000 0.0001 0.0000 0.0000 0.0000 0.0000 0.0000 0.0000 0.0000 0.0000 0.0000 0.0000 0.0001 0.0001 0.0000 0.0000 0.0007 0.0003 0.0001 0.0001 0.0119 0.0487 0.8936 0.9679 0.7057 0.6643 0.0218 0.0022 0.0001 0.0003 0.0028 0.0009 0.1751 0.0056 0.0180 0.0033 0.0001 0.0005 0.0001 0.0001 0.0003 0.0001 0.0023 0.0004 0.0004 0.0125 0.0004 0.0027 0.0015 0.0007 0.0009 0.0014 0.0035
0.0144 0.0384 0.0056 0.0347 0.0021 0.0038 0.0014 0.0004 0.0001 0.0002 0.0001 0.0078 0.0020 0.0707 0.0263 0.0091 0.0562 0.0078 0.0138 0.0152 0.0833 0.6620 0.9994 1.0000 0.9992 0.8902 0.0635 0.0228 0.0005 0.0154 0.0524 0.0001 0.0001 0.0026 0.0001 0.0000 0.0000 0.0001 0.0000 0.0000 0.0000 0.0000 0.0000 0.0000 0.0000 0.0002 0.0000 0.0000 0.0003 0.0019 0.0002 0.0007 0.0661 0.0351 0.0032 0.0323 0.8543 0.8550 0.9403 0.7510 0.0613 0.0238 0.0004 0.0000 0.0000 0.0000 0.0000 0.0001 0.0023 0.0008 0.0033 0.0236 0.0012 0.0233 0.0007 0.0005 0.0011 0.0001 0.0009 0.0001 0.0001 0.0007 0.0001 0.0007 0.0007 0.0005 0.0007 0.0010 0.0017
0.0275 0.0804 0.0250 0.4391 0.0075 0.0851 0.0170 0.0038 0.0011 0.0016 0.0009 0.0500 0.0016 0.0446 0.0049 0.0010 0.0029 0.0007 0.0007 0.0006 0.0057 0.0079 0.9437 0.9992 1.0000 0.9992 0.4119 0.0098 0.0009 0.0334 0.0380 0.0000 0.0001 0.0019 0.0001 0.0000 0.0000 0.0000 0.0000 0.0000 0.0000 0.0000 0.0000 0.0000 0.0000 0.0000 0.0000 0.0000 0.0005 0.0009 0.0001 0.0011 0.0663 0.0115 0.0016 0.0724 0.8113 0.9606 0.7483 0.9860 0.0537 0.0107 0.0001 0.0000 0.0000 0.0000 0.0000 0.0001 0.1760 0.0076 0.4552 0.0296 0.0067 0.0135 0.0007 0.0009 0.0032 0.0010 0.0182 0.0027 0.0008 0.0140 0.0004 0.0026 0.0018 0.0004 0.0006 0.0010 0.0028
0.0077 0.0071 0.0019 0.0049 0.0003 0.0016 0.0041 0.0005 0.0001 0.0001 0.0000 0.0004 0.0001 0.0016 0.0008 0.0002 0.0004 0.0002 0.0002 0.0001 0.0003 0.0009 0.0331 0.8902 0.9992 1.0000 0.9991 0.5867 0.0609 0.9925 0.9781 0.0137 0.0350 0.6309 0.0084 0.0003 0.0010 0.0009 0.0000 0.0000 0.0000 0.0000 0.0000 0.0003 0.0000 0.0004 0.0000 0.0001 0.0160 0.0288 0.0010 0.0345 0.7131 0.2268 0.0704 0.7966 0.8625 0.7184 0.0584 0.1167 0.0185 0.0001 0.0000 0.0000 0.0000 0.0000 0.0000 0.0000 0.0015 0.0004 0.0261 0.0031 0.0037 0.0128 0.0009 0.0007 0.0014 0.0002 0.0021 0.0001 0.0001 0.0008 0.0001 0.0006 0.0005 0.0003 0.0004 0.0005 0.0011
0.0051 0.0054 0.0010 0.0021 0.0002 0.0011 0.0009 0.0006 0.0002 0.0001 0.0001 0.0001 0.0001 0.0005 0.0004 0.0001 0.0003 0.0001 0.0001 0.0001 0.0001 0.0001 0.0013 0.0635 0.4119 0.9991 1.0000 0.9992 0.9937 0.9951 0.8944 0.0268 0.0154 0.0064 0.0008 0.0000 0.0000 0.0000 0.0000 0.0000 0.0000 0.0000 0.0000 0.0000 0.0000 0.0001 0.0000 0.0000 0.0004 0.0017 0.0002 0.0021 0.1095 0.0244 0.0343 0.5145 0.3591 0.5030 0.0093 0.0038 0.0001 0.0000 0.0000 0.0000 0.0000 0.0000 0.0000 0.0000 0.0001 0.0000 0.0057 0.0014 0.0083 0.0257 0.0034 0.0025 0.0030 0.0006 0.0014 0.0003 0.0001 0.0009 0.0003 0.0012 0.0007 0.0007 0.0008 0.0010 0.0016
0.0034 0.0030 0.0010 0.0007 0.0003 0.0005 0.0007 0.0004 0.0002 0.0001 0.0001 0.0001 0.0001 0.0003 0.0003 0.0001 0.0002 0.0001 0.0002 0.0002 0.0001 0.0002 0.0006 0.0228 0.0098 0.5867 0.9992 1.0000 0.9998 0.9772 0.9875 0.8873 0.0075 0.0030 0.0023 0.0003 0.0000 0.0000 0.0000 0.0001 0.0001 0.0001 0.0000 0.0003 0.0001 0.0007 0.0002 0.0000 0.0016 0.0088 0.0003 0.0007 0.0125 0.0021 0.0008 0.0354 0.0071 0.0230 0.0008 0.0009 0.0000 0.0000 0.0000 0.0000 0.0000 0.0000 0.0000 0.0000 0.0001 0.0000 0.0038 0.0008 0.0101 0.0101 0.0032 0.0034 0.0126 0.0016 0.0033 0.0003 0.0003 0.0005 0.0003 0.0005 0.0005 0.0005 0.0007 0.0010 0.0013
0.0012 0.0009 0.0003 0.0002 0.0001 0.0001 0.0002 0.0001 0.0001 0.0000 0.0000 0.0000 0.0000 0.0001 0.0001 0.0001 0.0001 0.0001 0.0001 0.0001 0.0000 0.0000 0.0000 0.0005 0.0009 0.0609 0.9937 0.9998 1.0000 0.9997 0.9834 0.9647 0.9157 0.0056 0.0012 0.0010 0.0004 0.0000 0.0000 0.0000 0.0000 0.0000 0.0000 0.0001 0.0000 0.0001 0.0000 0.0000 0.0001 0.0002 0.0000 0.0012 0.0043 0.0007 0.0010 0.0355 0.0030 0.0053 0.0000 0.0001 0.0000 0.0000 0.0000 0.0000 0.0000 0.0000 0.0000 0.0000 0.0000 0.0000 0.0002 0.0001 0.0008 0.0019 0.0009 0.0008 0.0020 0.0004 0.0004 0.0001 0.0001 0.0002 0.0002 0.0003 0.0003 0.0004 0.0005 0.0007 0.0010
0.0011 0.0007 0.0003 0.0002 0.0001 0.0001 0.0003 0.0001 0.0001 0.0000 0.0000 0.0000 0.0000 0.0001 0.0001 0.0000 0.0001 0.0000 0.0000 0.0000 0.0000 0.0000 0.0003 0.0154 0.0334 0.9925 0.9951 0.9772 0.9997 1.0000 0.9994 0.9879 0.9874 0.9441 0.0061 0.0008 0.0011 0.0004 0.0000 0.0000 0.0000 0.0000 0.0000 0.0004 0.0000 0.0001 0.0000 0.0002 0.0164 0.0027 0.0006 0.1860 0.5829 0.0269 0.0802 0.8136 0.1722 0.3070 0.0011 0.0085 0.0000 0.0000 0.0000 0.0000 0.0000 0.0000 0.0000 0.0000 0.0001 0.0000 0.0078 0.0007 0.0047 0.0041 0.0009 0.0010 0.0046 0.0010 0.0040 0.0003 0.0003 0.0007 0.0001 0.0004 0.0003 0.0003 0.0003 0.0005 0.0011
0.0008 0.0005 0.0001 0.0002 0.0000 0.0001 0.0002 0.0001 0.0000 0.0000 0.0000 0.0000 0.0000 0.0001 0.0000 0.0000 0.0001 0.0001 0.0000 0.0000 0.0000 0.0000 0.0007 0.0524 0.0380 0.9781 0.8944 0.9875 0.9834 0.9994 1.0000 0.9997 0.9882 0.9905 0.9528 0.0030 0.0008 0.0022 0.0004 0.0000 0.0000 0.0001 0.0002 0.0133 0.0002 0.0044 0.0003 0.0007 0.2225 0.1113 0.0014 0.0417 0.6741 0.0380 0.0053 0.2066 0.0487 0.2142 0.0014 0.0159 0.0004 0.0000 0.0000 0.0000 0.0000 0.0000 0.0000 0.0000 0.0005 0.0004 0.0534 0.0019 0.0328 0.0051 0.0012 0.0026 0.0252 0.0099 0.0552 0.0007 0.0007 0.0010 0.0002 0.0003 0.0003 0.0003 0.0003 0.0003 0.0007
0.0005 0.0003 0.0001 0.0000 0.0000 0.0000 0.0001 0.0000 0.0000 0.0000 0.0000 0.0000 0.0000 0.0000 0.0000 0.0000 0.0000 0.0000 0.0000 0.0000 0.0000 0.0000 0.0000 0.0001 0.0000 0.0137 0.0268 0.8873 0.9647 0.9879 0.9997 1.0000 0.9997 0.9860 0.9882 0.9279 0.0051 0.0011 0.0019 0.0007 0.0000 0.0002 0.0002 0.0013 0.0000 0.0006 0.0000 0.0001 0.0043 0.0015 0.0000 0.0010 0.0086 0.0003 0.0003 0.0023 0.0003 0.0013 0.0000 0.0002 0.0000 0.0000 0.0000 0.0000 0.0000 0.0000 0.0000 0.0000 0.0000 0.0000 0.0005 0.0000 0.0015 0.0009 0.0007 0.0012 0.0152 0.0037 0.0044 0.0001 0.0002 0.0002 0.0001 0.0002 0.0002 0.0002 0.0003 0.0004 0.0006
0.0003 0.0003 0.0001 0.0000 0.0000 0.0000 0.0001 0.0000 0.0000 0.0000 0.0000 0.0000 0.0000 0.0001 0.0000 0.0000 0.0000 0.0000 0.0000 0.0000 0.0000 0.0000 0.0000 0.0001 0.0001 0.0350 0.0154 0.0075 0.9157 0.9874 0.9882 0.9997 1.0000 0.9997 0.9871 0.9749 0.9070 0.0065 0.0015 0.0024 0.0008 0.0014 0.0005 0.0016 0.0000 0.0001 0.0000 0.0005 0.0053 0.0002 0.0001 0.0832 0.0251 0.0003 0.0022 0.0490 0.0007 0.0023 0.0000 0.0002 0.0000 0.0000 0.0000 0.0000 0.0000 0.0000 0.0000 0.0000 0.0000 0.0000 0.0004 0.0000 0.0005 0.0004 0.0004 0.0007 0.0022 0.0007 0.0018 0.0002 0.0002 0.0003 0.0001 0.0003 0.0002 0.0002 0.0002 0.0003 0.0005
0.0003 0.0002 0.0001 0.0001 0.0000 0.0000 0.0001 0.0000 0.0000 0.0000 0.0000 0.0000 0.0000 0.0001 0.0000 0.0000 0.0000 0.0000 0.0000 0.0000 0.0000 0.0000 0.0002 0.0026 0.0019 0.6309 0.0064 0.0030 0.0056 0.9441 0.9905 0.9860 0.9997 1.0000 0.9997 0.9826 0.9804 0.9163 0.0093 0.0029 0.0023 0.0138 0.0099 0.2691 0.0018 0.0052 0.0004 0.0351 0.7469 0.0382 0.0045 0.6784 0.8729 0.0098 0.0196 0.3026 0.0107 0.0952 0.0003 0.0152 0.0001 0.0001 0.0000 0.0000 0.0000 0.0000 0.0000 0.0000 0.0010 0.0003 0.0439 0.0007 0.0086 0.0010 0.0005 0.0020 0.0123 0.0059 0.0671 0.0009 0.0008 0.0012 0.0003 0.0003 0.0003 0.0002 0.0001 0.0002 0.0005
0.0003 0.0001 0.0000 0.0000 0.0000 0.0000 0.0001 0.0001 0.0000 0.0000 0.0000 0.0000 0.0000 0.0000 0.0000 0.0000 0.0000 0.0000 0.0000 0.0000 0.0000 0.0000 0.0000 0.0001 0.0001 0.0084 0.0008 0.0023 0.0012 0.0061 0.9528 0.9882 0.9871 0.9997 1.0000 0.9997 0.9801 0.9765 0.8686 0.0231 0.0045 0.0165 0.0205 0.2616 0.0036 0.0373 0.0005 0.0070 0.4428 0.0241 0.0005 0.0338 0.1163 0.0004 0.0004 0.0041 0.0003 0.0023 0.0000 0.0008 0.0000 0.0000 0.0000 0.0000 0.0000 0.0000 0.0000 0.0000 0.0002 0.0001 0.0066 0.0008 0.0151 0.0015 0.0018 0.0069 0.0385 0.0189 0.0496 0.0016 0.0014 0.0007 0.0004 0.0003 0.0003 0.0002 0.0003 0.0003 0.0005
0.0003 0.0001 0.0000 0.0000 0.0000 0.0000 0.0001 0.0000 0.0000 0.0000 0.0000 0.0000 0.0000 0.0000 0.0000 0.0000 0.0000 0.0000 0.0000 0.0000 0.0000 0.0000 0.0000 0.0000 0.0000 0.0003 0.0000 0.0003 0.0010 0.0008 0.0030 0.9279 0.9749 0.9826 0.9997 1.0000 0.9997 0.9640 0.9464 0.7951 0.0228 0.0450 0.0105 0.0127 0.0002 0.0007 0.0000 0.0003 0.0031 0.0001 0.0000 0.0018 0.0010 0.0000 0.0000 0.0003 0.0000 0.0001 0.0000 0.0000 0.0000 0.0000 0.0000 0.0000 0.0000 0.0000 0.0000 0.0000 0.0000 0.0000 0.0002 0.0000 0.0007 0.0004 0.0008 0.0015 0.0049 0.0007 0.0014 0.0001 0.0003 0.0001 0.0002 0.0002 0.0002 0.0002 0.0003 0.0003 0.0006
0.0003 0.0001 0.0000 0.0000 0.0000 0.0000 0.0001 0.0000 0.0000 0.0000 0.0000 0.0000 0.0000 0.0000 0.0000 0.0000 0.0000 0.0000 0.0000 0.0000 0.0000 0.0000 0.0000 0.0000 0.0000 0.0010 0.0000 0.0000 0.0004 0.0011 0.0008 0.0051 0.9070 0.9804 0.9801 0.9997 1.0000 0.9996 0.9584 0.9193 0.6091 0.3353 0.1496 0.3480 0.0022 0.0012 0.0002 0.0299 0.0913 0.0003 0.0007 0.1744 0.0141 0.0001 0.0009 0.0033 0.0001 0.0006 0.0000 0.0004 0.0000 0.0000 0.0000 0.0000 0.0000 0.0000 0.0000 0.0000 0.0001 0.0000 0.0010 0.0001 0.0028 0.0005 0.0011 0.0030 0.0086 0.0018 0.0066 0.0005 0.0008 0.0003 0.0003 0.0003 0.0003 0.0003 0.0003 0.0004 0.0007
0.0003 0.0001 0.0000 0.0001 0.0000 0.0000 0.0001 0.0001 0.0000 0.0000 0.0000 0.0000 0.0000 0.0000 0.0000 0.0000 0.0000 0.0000 0.0000 0.0000 0.0000 0.0000 0.0001 0.0001 0.0000 0.0009 0.0000 0.0000 0.0000 0.0004 0.0022 0.0011 0.0065 0.9163 0.9765 0.9640 0.9996 1.0000 0.9997 0.9080 0.8001 0.6898 0.4608 0.8993 0.0415 0.0439 0.0012 0.1074 0.6841 0.0104 0.0021 0.2245 0.0903 0.0003 0.0004 0.0029 0.0001 0.0009 0.0000 0.0014 0.0000 0.0001 0.0000 0.0000 0.0000 0.0000 0.0000 0.0001 0.0005 0.0004 0.0082 0.0008 0.0132 0.0012 0.0019 0.0063 0.0243 0.0094 0.0441 0.0022 0.0036 0.0009 0.0008 0.0003 0.0003 0.0002 0.0002 0.0004 0.0008
0.0003 0.0001 0.0000 0.0000 0.0000 0.0000 0.0001 0.0001 0.0000 0.0000 0.0000 0.0000 0.0000 0.0000 0.0000 0.0000 0.0000 0.0000 0.0000 0.0001 0.0000 0.0000 0.0000 0.0000 0.0000 0.0000 0.0000 0.0000 0.0000 0.0000 0.0004 0.0019 0.0015 0.0093 0.8686 0.9464 0.9584 0.9997 1.0000 0.9995 0.8670 0.4767 0.1248 0.1589 0.0066 0.0082 0.0002 0.0039 0.0240 0.0002 0.0000 0.0029 0.0005 0.0000 0.0000 0.0001 0.0000 0.0000 0.0000 0.0000 0.0000 0.0000 0.0000 0.0000 0.0000 0.0000 0.0000 0.0000 0.0001 0.0001 0.0004 0.0002 0.0015 0.0008 0.0015 0.0040 0.0098 0.0029 0.0045 0.0009 0.0014 0.0005 0.0005 0.0002 0.0002 0.0002 0.0004 0.0005 0.0009
0.0003 0.0001 0.0000 0.0000 0.0000 0.0000 0.0001 0.0001 0.0000 0.0000 0.0000 0.0000 0.0000 0.0000 0.0000 0.0000 0.0000 0.0000 0.0000 0.0000 0.0000 0.0000 0.0000 0.0000 0.0000 0.0000 0.0000 0.0001 0.0000 0.0000 0.0000 0.0007 0.0024 0.0029 0.0231 0.7951 0.9193 0.9080 0.9995 1.0000 0.9996 0.8327 0.0720 0.0426 0.0011 0.0008 0.0000 0.0007 0.0021 0.0000 0.0000 0.0010 0.0001 0.0000 0.0000 0.0000 0.0000 0.0000 0.0000 0.0000 0.0000 0.0000 0.0000 0.0000 0.0000 0.0000 0.0000 0.0000 0.0000 0.0000 0.0001 0.0001 0.0004 0.0004 0.0009 0.0014 0.0028 0.0012 0.0014 0.0008 0.0010 0.0004 0.0005 0.0003 0.0004 0.0003 0.0004 0.0006 0.0009
0.0003 0.0001 0.0000 0.0000 0.0000 0.0000 0.0001 0.0001 0.0000 0.0000 0.0000 0.0000 0.0000 0.0000 0.0000 0.0000 0.0000 0.0001 0.0000 0.0001 0.0000 0.0000 0.0000 0.0000 0.0000 0.0000 0.0000 0.0001 0.0000 0.0000 0.0000 0.0000 0.0008 0.0023 0.0045 0.0228 0.6091 0.8001 0.8670 0.9996 1.0000 0.9994 0.7866 0.2430 0.0158 0.0035 0.0003 0.0093 0.0152 0.0001 0.0001 0.0093 0.0003 0.0000 0.0001 0.0001 0.0000 0.0000 0.0000 0.0001 0.0000 0.0001 0.0000 0.0001 0.0001 0.0000 0.0000 0.0000 0.0000 0.0001 0.0002 0.0001 0.0005 0.0004 0.0008 0.0014 0.0028 0.0016 0.0018 0.0010 0.0010 0.0005 0.0004 0.0004 0.0004 0.0005 0.0005 0.0007 0.0010
0.0003 0.0001 0.0000 0.0000 0.0000 0.0000 0.0001 0.0001 0.0000 0.0000 0.0000 0.0000 0.0000 0.0000 0.0000 0.0001 0.0001 0.0001 0.0000 0.0001 0.0000 0.0000 0.0000 0.0000 0.0000 0.0000 0.0000 0.0001 0.0000 0.0000 0.0001 0.0002 0.0014 0.0138 0.0165 0.0450 0.3353 0.6898 0.4767 0.8327 0.9994 1.0000 0.9993 0.8144 0.0469 0.0058 0.0005 0.0201 0.0117 0.0001 0.0001 0.0020 0.0001 0.0000 0.0000 0.0001 0.0000 0.0000 0.0000 0.0000 0.0000 0.0000 0.0000 0.0001 0.0001 0.0000 0.0000 0.0000 0.0000 0.0000 0.0002 0.0001 0.0004 0.0003 0.0005 0.0009 0.0016 0.0012 0.0011 0.0007 0.0008 0.0004 0.0004 0.0003 0.0003 0.0005 0.0005 0.0006 0.0010
0.0003 0.0001 0.0000 0.0000 0.0000 0.0000 0.0001 0.0001 0.0000 0.0000 0.0000 0.0000 0.0000 0.0000 0.0000 0.0000 0.0000 0.0000 0.0000 0.0001 0.0001 0.0000 0.0000 0.0000 0.0000 0.0000 0.0000 0.0000 0.0000 0.0000 0.0002 0.0002 0.0005 0.0099 0.0205 0.0105 0.1496 0.4608 0.1248 0.0720 0.7866 0.9993 1.0000 0.9991 0.6758 0.0373 0.0055 0.1222 0.0507 0.0002 0.0004 0.0030 0.0001 0.0000 0.0000 0.0000 0.0000 0.0000 0.0000 0.0000 0.0000 0.0000 0.0000 0.0001 0.0000 0.0000 0.0001 0.0000 0.0001 0.0000 0.0002 0.0001 0.0004 0.0003 0.0005 0.0008 0.0016 0.0009 0.0009 0.0007 0.0009 0.0005 0.0005 0.0004 0.0004 0.0005 0.0006 0.0007 0.0010
0.0003 0.0001 0.0000 0.0000 0.0000 0.0000 0.0001 0.0001 0.0001 0.0000 0.0000 0.0000 0.0000 0.0000 0.0000 0.0000 0.0000 0.0000 0.0000 0.0000 0.0000 0.0000 0.0000 0.0000 0.0000 0.0003 0.0000 0.0003 0.0001 0.0004 0.0133 0.0013 0.0016 0.2691 0.2616 0.0127 0.3480 0.8993 0.1589 0.0426 0.2430 0.8144 0.9991 1.0000 0.9988 0.6063 0.0486 0.9418 0.9844 0.0222 0.0203 0.4360 0.0155 0.0003 0.0003 0.0004 0.0001 0.0001 0.0000 0.0003 0.0000 0.0001 0.0000 0.0001 0.0000 0.0001 0.0001 0.0001 0.0004 0.0001 0.0013 0.0002 0.0016 0.0005 0.0006 0.0012 0.0022 0.0010 0.0021 0.0008 0.0019 0.0008 0.0005 0.0004 0.0004 0.0004 0.0004 0.0005 0.0010
0.0004 0.0001 0.0001 0.0000 0.0000 0.0000 0.0001 0.0001 0.0000 0.0000 0.0000 0.0000 0.0000 0.0000 0.0000 0.0000 0.0000 0.0000 0.0000 0.0001 0.0001 0.0000 0.0000 0.0000 0.0000 0.0000 0.0000 0.0001 0.0000 0.0000 0.0002 0.0000 0.0000 0.0018 0.0036 0.0002 0.0022 0.0415 0.0066 0.0011 0.0158 0.0469 0.6758 0.9988 1.0000 0.9987 0.9945 0.9961 0.9276 0.0413 0.0200 0.0049 0.0010 0.0000 0.0000 0.0000 0.0000 0.0000 0.0000 0.0000 0.0000 0.0001 0.0000 0.0000 0.0000 0.0000 0.0001 0.0000 0.0000 0.0000 0.0001 0.0000 0.0006 0.0004 0.0010 0.0010 0.0012 0.0005 0.0007 0.0004 0.0005 0.0003 0.0003 0.0003 0.0003 0.0004 0.0005 0.0005 0.0009
0.0006 0.0004 0.0001 0.0001 0.0001 0.0001 0.0002 0.0001 0.0001 0.0000 0.0001 0.0000 0.0001 0.0001 0.0001 0.0001 0.0001 0.0001 0.0001 0.0001 0.0001 0.0000 0.0000 0.0002 0.0000 0.0004 0.0001 0.0007 0.0001 0.0001 0.0044 0.0006 0.0001 0.0052 0.0373 0.0007 0.0012 0.0439 0.0082 0.0008 0.0035 0.0058 0.0373 0.6063 0.9987 1.0000 0.9997 0.9781 0.9903 0.9597 0.0101 0.0017 0.0022 0.0016 0.0001 0.0000 0.0001 0.0002 0.0000 0.0005 0.0001 0.0002 0.0000 0.0001 0.0001 0.0001 0.0003 0.0003 0.0007 0.0003 0.0014 0.0005 0.0027 0.0015 0.0022 0.0026 0.0037 0.0016 0.0030 0.0012 0.0013 0.0005 0.0004 0.0003 0.0004 0.0004 0.0004 0.0005 0.0009
0.0005 0.0004 0.0001 0.0001 0.0000 0.0000 0.0001 0.0001 0.0000 0.0000 0.0000 0.0000 0.0000 0.0000 0.0001 0.0000 0.0000 0.0001 0.0001 0.0001 0.0001 0.0000 0.0000 0.0000 0.0000 0.0000 0.0000 0.0002 0.0000 0.0000 0.0003 0.0000 0.0000 0.0004 0.0005 0.0000 0.0002 0.0012 0.0002 0.0000 0.0003 0.0005 0.0055 0.0486 0.9945 0.9997 1.0000 0.9997 0.9870 0.9792 0.9457 0.0045 0.0005 0.0014 0.0007 0.0001 0.0000 0.0001 0.0000 0.0001 0.0000 0.0000 0.0000 0.0000 0.0000 0.0000 0.0001 0.0001 0.0001 0.0000 0.0003 0.0002 0.0009 0.0010 0.0015 0.0014 0.0026 0.0012 0.0010 0.0004 0.0005 0.0003 0.0003 0.0002 0.0003 0.0002 0.0003 0.0004 0.0006
0.0003 0.0001 0.0001 0.0000 0.0000 0.0000 0.0000 0.0000 0.0000 0.0000 0.0000 0.0000 0.0000 0.0000 0.0000 0.0000 0.0000 0.0001 0.0000 0.0000 0.0000 0.0000 0.0000 0.0000 0.0000 0.0001 0.0000 0.0000 0.0000 0.0002 0.0007 0.0001 0.0005 0.0351 0.0070 0.0003 0.0299 0.1074 0.0039 0.0007 0.0093 0.0201 0.1222 0.9418 0.9961 0.9781 0.9997 1.0000 0.9994 0.9894 0.9887 0.9555 0.0067 0.0012 0.0012 0.0005 0.0001 0.0001 0.0000 0.0001 0.0000 0.0000 0.0000 0.0000 0.0000 0.0000 0.0000 0.0000 0.0000 0.0000 0.0003 0.0000 0.0004 0.0007 0.0008 0.0005 0.0010 0.0005 0.0005 0.0003 0.0003 0.0003 0.0002 0.0002 0.0002 0.0001 0.0001 0.0003 0.0005
0.0004 0.0001 0.0001 0.0001 0.0000 0.0000 0.0001 0.0001 0.0000 0.0000 0.0000 0.0000 0.0000 0.0001 0.0001 0.0000 0.0001 0.0001 0.0000 0.0001 0.0001 0.0000 0.0001 0.0003 0.0005 0.0160 0.0004 0.0016 0.0001 0.0164 0.2225 0.0043 0.0053 0.7469 0.4428 0.0031 0.0913 0.6841 0.0240 0.0021 0.0152 0.0117 0.0507 0.9844 0.9276 0.9903 0.9870 0.9994 1.0000 0.9998 0.9906 0.9894 0.9675 0.0233 0.0021 0.0042 0.0034 0.0024 0.0001 0.0055 0.0001 0.0002 0.0000 0.0000 0.0000 0.0000 0.0001 0.0001 0.0021 0.0003 0.0131 0.0003 0.0030 0.0025 0.0015 0.0011 0.0025 0.0010 0.0044 0.0009 0.0010 0.0008 0.0003 0.0003 0.0002 0.0001 0.0001 0.0002 0.0005
0.0004 0.0002 0.0001 0.0001 0.0000 0.0000 0.0001 0.0001 0.0000 0.0000 0.0000 0.0000 0.0000 0.0001 0.0001 0.0001 0.0001 0.0001 0.0001 0.0001 0.0002 0.0000 0.0001 0.0019 0.0009 0.0288 0.0017 0.0088 0.0002 0.0027 0.1113 0.0015 0.0002 0.0382 0.0241 0.0001 0.0003 0.0104 0.0002 0.0000 0.0001 0.0001 0.0002 0.0222 0.0413 0.9597 0.9792 0.9894 0.9998 1.0000 0.9998 0.9864 0.9857 0.9189 0.0345 0.0154 0.0171 0.0085 0.0005 0.0047 0.0001 0.0002 0.0000 0.0000 0.0000 0.0000 0.0001 0.0001 0.0014 0.0007 0.0249 0.0036 0.0202 0.0281 0.0169 0.0146 0.0426 0.0102 0.0160 0.0014 0.0008 0.0004 0.0003 0.0002 0.0002 0.0002 0.0002 0.0002 0.0005
0.0003 0.0001 0.0001 0.0000 0.0000 0.0000 0.0000 0.0000 0.0000 0.0000 0.0000 0.0000 0.0000 0.0000 0.0001 0.0000 0.0000 0.0000 0.0000 0.0001 0.0000 0.0000 0.0000 0.0002 0.0001 0.0010 0.0002 0.0003 0.0000 0.0006 0.0014 0.0000 0.0001 0.0045 0.0005 0.0000 0.0007 0.0021 0.0000 0.0000 0.0001 0.0001 0.0004 0.0203 0.0200 0.0101 0.9457 0.9887 0.9906 0.9998 1.0000 0.9998 0.9684 0.9341 0.6810 0.0148 0.0033 0.0015 0.0001 0.0004 0.0000 0.0000 0.0000 0.0000 0.0000 0.0000 0.0000 0.0000 0.0000 0.0000 0.0007 0.0002 0.0021 0.0103 0.0099 0.0056 0.0106 0.0015 0.0011 0.0004 0.0002 0.0002 0.0001 0.0000 0.0000 0.0001 0.0001 0.0001 0.0003
0.0003 0.0001 0.0000 0.0000 0.0000 0.0000 0.0000 0.0000 0.0000 0.0000 0.0000 0.0000 0.0000 0.0000 0.0000 0.0000 0.0000 0.0001 0.0000 0.0000 0.0000 0.0000 0.0000 0.0007 0.0011 0.0345 0.0021 0.0007 0.0012 0.1860 0.0417 0.0010 0.0832 0.6784 0.0338 0.0018 0.1744 0.2245 0.0029 0.0010 0.0093 0.0020 0.0030 0.4360 0.0049 0.0017 0.0045 0.9555 0.9894 0.9864 0.9998 1.0000 0.9997 0.9390 0.7566 0.5060 0.0292 0.0077 0.0003 0.0018 0.0000 0.0000 0.0000 0.0000 0.0000 0.0000 0.0000 0.0000 0.0001 0.0000 0.0032 0.0002 0.0032 0.0129 0.0068 0.0017 0.0055 0.0023 0.0021 0.0018 0.0004 0.0003 0.0001 0.0001 0.0001 0.0001 0.0001 0.0001 0.0003
0.0004 0.0001 0.0001 0.0001 0.0000 0.0000 0.0001 0.0000 0.0000 0.0000 0.0000 0.0000 0.0000 0.0001 0.0000 0.0001 0.0001 0.0001 0.0001 0.0001 0.0001 0.0001 0.0007 0.0661 0.0663 0.7131 0.1095 0.0125 0.0043 0.5829 0.6741 0.0086 0.0251 0.8729 0.1163 0.0010 0.0141 0.0903 0.0005 0.0001 0.0003 0.0001 0.0001 0.0155 0.0010 0.0022 0.0005 0.0067 0.9675 0.9857 0.9684 0.9997 1.0000 0.9995 0.9130 0.8399 0.6484 0.2747 0.0137 0.0496 0.0004 0.0001 0.0000 0.0000 0.0000 0.0000 0.0000 0.0000 0.0030 0.0010 0.2089 0.0142 0.0730 0.0737 0.0172 0.0073 0.0260 0.0093 0.0386 0.0021 0.0007 0.0009 0.0001 0.0001 0.0001 0.0001 0.0000 0.0000 0.0003
0.0005 0.0002 0.0001 0.0001 0.0000 0.0000 0.0000 0.0000 0.0000 0.0000 0.0000 0.0000 0.0000 0.0000 0.0001 0.0001 0.0001 0.0001 0.0001 0.0001 0.0001 0.0001 0.0003 0.0351 0.0115 0.2268 0.0244 0.0021 0.0007 0.0269 0.0380 0.0003 0.0003 0.0098 0.0004 0.0000 0.0001 0.0003 0.0000 0.0000 0.0000 0.0000 0.0000 0.0003 0.0000 0.0016 0.0014 0.0012 0.0233 0.9189 0.9341 0.9390 0.9995 1.0000 0.9994 0.9100 0.7643 0.1357 0.0088 0.0082 0.0000 0.0000 0.0000 0.0000 0.0000 0.0000 0.0000 0.0000 0.0001 0.0001 0.0225 0.0103 0.1585 0.3057 0.1380 0.0581 0.0731 0.0138 0.0070 0.0019 0.0003 0.0003 0.0001 0.0000 0.0001 0.0000 0.0000 0.0001 0.0003
0.0005 0.0003 0.0001 0.0000 0.0000 0.0000 0.0000 0.0000 0.0000 0.0000 0.0000 0.0000 0.0000 0.0000 0.0001 0.0001 0.0001 0.0001 0.0001 0.0001 0.0001 0.0000 0.0001 0.0032 0.0016 0.0704 0.0343 0.0008 0.0010 0.0802 0.0053 0.0003 0.0022 0.0196 0.0004 0.0000 0.0009 0.0004 0.0000 0.0000 0.0001 0.0000 0.0000 0.0003 0.0000 0.0001 0.0007 0.0012 0.0021 0.0345 0.6810 0.7566 0.9130 0.9994 1.0000 0.9997 0.7364 0.0526 0.0019 0.0014 0.0000 0.0000 0.0000 0.0000 0.0000 0.0000 0.0000 0.0000 0.0000 0.0000 0.0022 0.0020 0.0377 0.2727 0.1580 0.0311 0.0219 0.0042 0.0008 0.0010 0.0001 0.0001 0.0001 0.0000 0.0000 0.0000 0.0000 0.0001 0.0003
0.0007 0.0004 0.0001 0.0001 0.0000 0.0000 0.0001 0.0000 0.0000 0.0000 0.0000 0.0000 0.0000 0.0001 0.0001 0.0001 0.0001 0.0001 0.0001 0.0001 0.0000 0.0001 0.0001 0.0323 0.0724 0.7966 0.5145 0.0354 0.0355 0.8136 0.2066 0.0023 0.0490 0.3026 0.0041 0.0003 0.0033 0.0029 0.0001 0.0000 0.0001 0.0001 0.0000 0.0004 0.0000 0.0000 0.0001 0.0005 0.0042 0.0154 0.0148 0.5060 0.8399 0.9100 0.9997 1.0000 0.9993 0.7377 0.0099 0.0058 0.0001 0.0000 0.0000 0.0000 0.0000 0.0000 0.0000 0.0000 0.0002 0.0001 0.0353 0.0123 0.1909 0.5062 0.1242 0.0312 0.0291 0.0077 0.0014 0.0012 0.0000 0.0003 0.0000 0.0000 0.0000 0.0000 0.0000 0.0001 0.0004
0.0017 0.0010 0.0001 0.0003 0.0000 0.0000 0.0001 0.0000 0.0000 0.0000 0.0000 0.0000 0.0000 0.0005 0.0001 0.0002 0.0007 0.0007 0.0009 0.0004 0.0005 0.0030 0.0119 0.8543 0.8113 0.8625 0.3591 0.0071 0.0030 0.1722 0.0487 0.0003 0.0007 0.0107 0.0003 0.0000 0.0001 0.0001 0.0000 0.0000 0.0000 0.0000 0.0000 0.0001 0.0000 0.0001 0.0000 0.0001 0.0034 0.0171 0.0033 0.0292 0.6484 0.7643 0.7364 0.9993 1.0000 0.9994 0.7827 0.0648 0.0004 0.0000 0.0000 0.0000 0.0000 0.0000 0.0000 0.0000 0.0004 0.0014 0.1407 0.1638 0.6584 0.8068 0.1722 0.0535 0.0367 0.0072 0.0033 0.0034 0.0000 0.0004 0.0000 0.0000 0.0001 0.0000 0.0001 0.0002 0.0004
0.0019 0.0021 0.0001 0.0010 0.0000 0.0002 0.0001 0.0000 0.0000 0.0000 0.0000 0.0001 0.0000 0.0012 0.0002 0.0001 0.0008 0.0004 0.0006 0.0001 0.0003 0.0064 0.0487 0.8550 0.9606 0.7184 0.5030 0.0230 0.0053 0.3070 0.2142 0.0013 0.0023 0.0952 0.0023 0.0001 0.0006 0.0009 0.0000 0.0000 0.0000 0.0000 0.0000 0.0001 0.0000 0.0002 0.0001 0.0001 0.0024 0.0085 0.0015 0.0077 0.2747 0.1357 0.0526 0.7377 0.9994 1.0000 0.9996 0.8991 0.0050 0.0002 0.0000 0.0000 0.0000 0.0000 0.0000 0.0000 0.0075 0.0126 0.9366 0.9280 0.8647 0.6362 0.0521 0.0638 0.0343 0.0118 0.0297 0.0509 0.0003 0.0032 0.0000 0.0001 0.0001 0.0001 0.0002 0.0002 0.0005
0.0077 0.0217 0.0015 0.0372 0.0001 0.0015 0.0008 0.0001 0.0000 0.0000 0.0002 0.0023 0.0004 0.0759 0.0027 0.0025 0.0505 0.0409 0.0991 0.0153 0.0667 0.8519 0.8936 0.9403 0.7483 0.0584 0.0093 0.0008 0.0000 0.0011 0.0014 0.0000 0.0000 0.0003 0.0000 0.0000 0.0000 0.0000 0.0000 0.0000 0.0000 0.0000 0.0000 0.0000 0.0000 0.0000 0.0000 0.0000 0.0001 0.0005 0.0001 0.0003 0.0137 0.0088 0.0019 0.0099 0.7827 0.9996 1.0000 0.9996 0.9406 0.0019 0.0001 0.0000 0.0000 0.0000 0.0000 0.0000 0.0061 0.1285 0.9563 0.9918 0.4560 0.3959 0.0204 0.0427 0.0362 0.0060 0.0350 0.0026 0.0002 0.0007 0.0000 0.0000 0.0002 0.0002 0.0002 0.0004 0.0008
0.0015 0.0024 0.0009 0.0530 0.0004 0.0174 0.0019 0.0004 0.0000 0.0000 0.0001 0.0030 0.0001 0.0067 0.0003 0.0002 0.0049 0.0027 0.0146 0.0074 0.0944 0.8142 0.9679 0.7510 0.9860 0.1167 0.0038 0.0009 0.0001 0.0085 0.0159 0.0002 0.0002 0.0152 0.0008 0.0000 0.0004 0.0014 0.0000 0.0000 0.0001 0.0000 0.0000 0.0003 0.0000 0.0005 0.0001 0.0001 0.0055 0.0047 0.0004 0.0018 0.0496 0.0082 0.0014 0.0058 0.0648 0.8991 0.9996 1.0000 0.9995 0.8404 0.0031 0.0003 0.0000 0.0005 0.0008 0.0073 0.9864 0.9730 0.9899 0.6222 0.0038 0.0012 0.0001 0.0003 0.0002 0.0001 0.0127 0.0068 0.0039 0.2316 0.0034 0.0021 0.0038 0.0004 0.0005 0.0013 0.0025
0.0052 0.0268 0.0151 0.5932 0.0219 0.4250 0.0357 0.0189 0.0015 0.0113 0.0162 0.5847 0.0230 0.5558 0.0130 0.0081 0.2082 0.0517 0.3018 0.1282 0.8041 0.9227 0.7057 0.0613 0.0537 0.0185 0.0001 0.0000 0.0000 0.0000 0.0004 0.0000 0.0000 0.0001 0.0000 0.0000 0.0000 0.0000 0.0000 0.0000 0.0000 0.0000 0.0000 0.0000 0.0000 0.0001 0.0000 0.0000 0.0001 0.0001 0.0000 0.0000 0.0004 0.0000 0.0000 0.0001 0.0004 0.0050 0.9406 0.9995 1.0000 0.9995 0.8091 0.0120 0.0004 0.0015 0.0059 0.0953 0.9700 0.9916 0.6342 0.7068 0.0011 0.0006 0.0001 0.0009 0.0014 0.0010 0.2704 0.0019 0.0095 0.0149 0.0004 0.0003 0.0007 0.0001 0.0002 0.0004 0.0010
0.0005 0.0004 0.0004 0.0161 0.0016 0.2239 0.0125 0.0404 0.0020 0.0109 0.0023 0.0695 0.0012 0.0199 0.0010 0.0015 0.0145 0.0150 0.1502 0.2613 0.8464 0.7098 0.6643 0.0238 0.0107 0.0001 0.0000 0.0000 0.0000 0.0000 0.0000 0.0000 0.0000 0.0001 0.0000 0.0000 0.0000 0.0001 0.0000 0.0000 0.0001 0.0000 0.0000 0.0001 0.0001 0.0002 0.0000 0.0000 0.0002 0.0002 0.0000 0.0000 0.0001 0.0000 0.0000 0.0000 0.0000 0.0002 0.0019 0.8404 0.9995 1.0000 0.9993 0.7786 0.0208 0.1937 0.8632 0.9295 0.9891 0.6005 0.0024 0.0005 0.0000 0.0000 0.0000 0.0000 0.0000 0.0000 0.0003 0.0000 0.0008 0.0239 0.0040 0.0233 0.0419 0.0033 0.0023 0.0066 0.0068
0.0011 0.0008 0.0024 0.1445 0.1274 0.9921 0.4484 0.9361 0.2822 0.8023 0.1648 0.7904 0.0242 0.0136 0.0011 0.0018 0.0116 0.0046 0.0193 0.0469 0.2800 0.0408 0.0218 0.0004 0.0001 0.0000 0.0000 0.0000 0.0000 0.0000 0.0000 0.0000 0.0000 0.0000 0.0000 0.0000 0.0000 0.0000 0.0000 0.0000 0.0000 0.0000 0.0000 0.0000 0.0000 0.0000 0.0000 0.0000 0.0000 0.0000 0.0000 0.0000 0.0000 0.0000 0.0000 0.0000 0.0000 0.0000 0.0001 0.0031 0.8091 0.9993 1.0000 0.9990 0.9772 0.9865 0.9397 0.9693 0.7582 0.6783 0.0007 0.0003 0.0000 0.0000 0.0000 0.0000 0.0000 0.0000 0.0019 0.0001 0.0274 0.0537 0.0093 0.0423 0.0234 0.0026 0.0023 0.0035 0.0057
0.0007 0.0004 0.0015 0.0071 0.0098 0.1450 0.0054 0.2104 0.0404 0.7066 0.1022 0.5005 0.1004 0.0136 0.0049 0.0223 0.0257 0.0396 0.0864 0.2248 0.3899 0.0102 0.0022 0.0000 0.0000 0.0000 0.0000 0.0000 0.0000 0.0000 0.0000 0.0000 0.0000 0.0000 0.0000 0.0000 0.0000 0.0000 0.0000 0.0000 0.0001 0.0001 0.0001 0.0001 0.0000 0.0001 0.0000 0.0000 0.0000 0.0000 0.0000 0.0000 0.0000 0.0000 0.0000 0.0000 0.0000 0.0000 0.0000 0.0003 0.0120 0.7786 0.9990 1.0000 0.9999 0.7493 0.6284 0.0881 0.0034 0.0027 0.0000 0.0000 0.0000 0.0000 0.0000 0.0000 0.0000 0.0000 0.0000 0.0000 0.0001 0.0001 0.0001 0.0014 0.0033 0.0033 0.0078 0.0054 0.0041
