1.0000 0.4089 0.1513 0.1294 0.1152 0.0974 0.0862 0.0789 0.0733 0.0686 0.0653 0.0660 0.0658 0.0637 0.0637 0.0641 0.0633 0.0633 0.0635 0.0632 0.0630 0.0631 0.0630 0.0628 0.0627 0.0627 0.0627 0.0630 0.0629 0.0629 0.0632 0.0631 0.0631 0.0632 0.0634 0.0639 0.0635 0.0634 0.0639 0.0646 0.0638 0.0637 0.0655 0.0668 0.0649 0.0657 0.0688 0.0679 0.0671 0.0652 0.0650 0.0649 0.0637 0.0636 0.0637 0.0633 0.0631 0.0632 0.0631 0.0627 0.0629 0.0629 0.0628 0.0628 0.0628 0.0628 0.0628 0.0628 0.0628 0.0628 0.0628 0.0628 0.0628 0.0628 0.0627 0.0627 0.0629 0.0630 0.0630 0.0631 0.0632 0.0633 0.0633 0.0635 0.0633 0.0635 0.0635 0.0631 0.0631 0.0633 0.0630 0.0628 0.0631 0.0631 0.0630 0.0630 0.0631 0.0632 0.0630 0.0631 0.0632 0.0631 0.0630 0.0630 0.0631 0.0631 0.0629 0.0629 0.0631 0.0632 0.0630 0.0631 0.0632 0.0632 0.0632 0.0633 0.0633 0.0635 0.0635 0.0635 0.0635 0.0637 0.0634 0.0637 0.0636 0.0636 0.0632 0.0633 0.0633 0.0633 0.0631 0.0632 0.0632 0.0631 0.0631 0.0631 0.0631 0.0632 0.0632 0.0631 0.0633 0.0632 0.0634 0.0633 0.0633 0.0633 0.0632 0.0632 0.0630 0.0631 0.0631 0.0631 0.0631 0.0632 0.0633 0.0633 0.0635 0.0636 0.0640 0.0641 0.0644 0.0649 0.0649 0.0649
0.4089 1.0000 0.4171 0.1506 0.1451 0.1231 0.0969 0.0848 0.0802 0.0736 0.0670 0.0677 0.0673 0.0641 0.0640 0.0645 0.0636 0.0635 0.0636 0.0632 0.0631 0.0631 0.0630 0.0628 0.0628 0.0627 0.0627 0.0628 0.0628 0.0628 0.0631 0.0631 0.0631 0.0633 0.0634 0.0640 0.0635 0.0634 0.0641 0.0650 0.0641 0.0641 0.0664 0.0683 0.0657 0.0664 0.0707 0.0700 0.0686 0.0659 0.0657 0.0658 0.0640 0.0638 0.0639 0.0634 0.0631 0.0632 0.0631 0.0628 0.0629 0.0628 0.0628 0.0627 0.0628 0.0628 0.0628 0.0628 0.0628 0.0628 0.0627 0.0628 0.0628 0.0628 0.0627 0.0628 0.0629 0.0630 0.0631 0.0632 0.0632 0.0633 0.0635 0.0635 0.0633 0.0636 0.0634 0.0631 0.0631 0.0633 0.0631 0.0629 0.0631 0.0631 0.0630 0.0630 0.0631 0.0632 0.0630 0.0632 0.0631 0.0631 0.0630 0.0629 0.0630 0.0631 0.0629 0.0630 0.0631 0.0632 0.0631 0.0632 0.0632 0.0633 0.0633 0.0633 0.0633 0.0635 0.0635 0.0635 0.0636 0.0639 0.0636 0.0640 0.0637 0.0636 0.0634 0.0635 0.0635 0.0634 0.0632 0.0633 0.0632 0.0632 0.0632 0.0631 0.0632 0.0633 0.0632 0.0631 0.0633 0.0632 0.0633 0.0633 0.0632 0.0634 0.0633 0.0632 0.0631 0.0632 0.0631 0.0632 0.0633 0.0634 0.0635 0.0635 0.0638 0.0639 0.0644 0.0646 0.0650 0.0652 0.0654 0.0652
0.1513 0.4171 1.0000 0.4051 0.1424 0.1442 0.1218 0.0923 0.0833 0.0795 0.0711 0.0708 0.0690 0.0646 0.0644 0.0647 0.0636 0.0634 0.0636 0.0632 0.0631 0.0631 0.0630 0.0628 0.0628 0.0627 0.0627 0.0629 0.0629 0.0629 0.0631 0.0631 0.0631 0.0632 0.0633 0.0639 0.0636 0.0635 0.0642 0.0653 0.0644 0.0641 0.0668 0.0693 0.0662 0.0668 0.0719 0.0715 0.0695 0.0662 0.0659 0.0663 0.0642 0.0638 0.0640 0.0634 0.0631 0.0632 0.0631 0.0628 0.0628 0.0629 0.0627 0.0627 0.0628 0.0628 0.0627 0.0627 0.0628 0.0628 0.0627 0.0627 0.0628 0.0628 0.0628 0.0627 0.0628 0.0630 0.0630 0.0631 0.0631 0.0632 0.0633 0.0633 0.0632 0.0634 0.0634 0.0630 0.0631 0.0632 0.0630 0.0628 0.0630 0.0631 0.0630 0.0630 0.0630 0.0632 0.0630 0.0632 0.0631 0.0632 0.0630 0.0629 0.0630 0.0631 0.0629 0.0629 0.0631 0.0632 0.0630 0.0632 0.0633 0.0633 0.0633 0.0633 0.0633 0.0635 0.0634 0.0635 0.0637 0.0640 0.0637 0.0642 0.0639 0.0637 0.0635 0.0635 0.0635 0.0633 0.0632 0.0633 0.0632 0.0632 0.0633 0.0631 0.0632 0.0633 0.0632 0.0630 0.0632 0.0632 0.0633 0.0632 0.0632 0.0633 0.0632 0.0632 0.0632 0.0632 0.0631 0.0631 0.0632 0.0633 0.0635 0.0636 0.0640 0.0642 0.0648 0.0651 0.0653 0.0657 0.0654 0.0651
0.1294 0.1506 0.4051 1.0000 0.4039 0.1404 0.1438 0.1175 0.0932 0.0843 0.0776 0.0801 0.0763 0.0672 0.0661 0.0673 0.0648 0.0637 0.0640 0.0636 0.0632 0.0631 0.0631 0.0628 0.0628 0.0628 0.0627 0.0630 0.0629 0.0630 0.0631 0.0631 0.0631 0.0632 0.0633 0.0639 0.0641 0.0639 0.0650 0.0666 0.0659 0.0653 0.0691 0.0736 0.0693 0.0690 0.0759 0.0758 0.0720 0.0670 0.0668 0.0686 0.0654 0.0644 0.0647 0.0643 0.0633 0.0632 0.0632 0.0630 0.0630 0.0628 0.0628 0.0627 0.0628 0.0628 0.0628 0.0628 0.0628 0.0629 0.0628 0.0628 0.0629 0.0628 0.0628 0.0629 0.0630 0.0631 0.0632 0.0633 0.0633 0.0634 0.0635 0.0635 0.0634 0.0635 0.0636 0.0633 0.0633 0.0633 0.0631 0.0630 0.0631 0.0630 0.0631 0.0632 0.0631 0.0632 0.0631 0.0633 0.0633 0.0632 0.0630 0.0631 0.0631 0.0631 0.0630 0.0631 0.0632 0.0633 0.0632 0.0633 0.0635 0.0634 0.0633 0.0634 0.0634 0.0636 0.0636 0.0637 0.0640 0.0643 0.0642 0.0648 0.0642 0.0641 0.0639 0.0640 0.0637 0.0634 0.0634 0.0636 0.0633 0.0634 0.0635 0.0632 0.0632 0.0634 0.0632 0.0630 0.0632 0.0632 0.0633 0.0635 0.0632 0.0635 0.0633 0.0632 0.0632 0.0633 0.0632 0.0633 0.0634 0.0634 0.0640 0.0643 0.0645 0.0646 0.0660 0.0663 0.0662 0.0668 0.0660 0.0652
0.1152 0.1451 0.1424 0.4039 1.0000 0.4053 0.1402 0.1350 0.1185 0.0931 0.0817 0.0880 0.0837 0.0696 0.0671 0.0682 0.0650 0.0636 0.0639 0.0635 0.0630 0.0630 0.0629 0.0628 0.0627 0.0627 0.0627 0.0630 0.0629 0.0628 0.0632 0.0630 0.0630 0.0631 0.0632 0.0637 0.0638 0.0636 0.0646 0.0663 0.0659 0.0651 0.0690 0.0752 0.0702 0.0694 0.0777 0.0793 0.0742 0.0675 0.0674 0.0697 0.0655 0.0642 0.0646 0.0641 0.0632 0.0632 0.0631 0.0628 0.0629 0.0628 0.0627 0.0627 0.0628 0.0627 0.0627 0.0627 0.0628 0.0629 0.0627 0.0628 0.0629 0.0628 0.0628 0.0628 0.0629 0.0630 0.0631 0.0632 0.0633 0.0633 0.0633 0.0634 0.0633 0.0636 0.0636 0.0633 0.0633 0.0633 0.0632 0.0630 0.0631 0.0630 0.0630 0.0631 0.0631 0.0632 0.0630 0.0632 0.0633 0.0632 0.0630 0.0630 0.0630 0.0630 0.0629 0.0630 0.0631 0.0632 0.0631 0.0633 0.0633 0.0634 0.0633 0.0634 0.0633 0.0635 0.0636 0.0636 0.0639 0.0642 0.0642 0.0648 0.0642 0.0640 0.0639 0.0640 0.0637 0.0635 0.0633 0.0636 0.0632 0.0632 0.0634 0.0632 0.0631 0.0633 0.0631 0.0628 0.0631 0.0631 0.0632 0.0633 0.0632 0.0634 0.0632 0.0631 0.0631 0.0632 0.0631 0.0633 0.0634 0.0634 0.0639 0.0642 0.0645 0.0645 0.0661 0.0664 0.0665 0.0668 0.0662 0.0652
0.0974 0.1231 0.1442 0.1404 0.4053 1.0000 0.4066 0.1389 0.1340 0.1130 0.0887 0.0909 0.0863 0.0720 0.0674 0.0667 0.0637 0.0631 0.0631 0.0628 0.0627 0.0627 0.0627 0.0627 0.0627 0.0626 0.0626 0.0627 0.0627 0.0627 0.0628 0.0628 0.0627 0.0628 0.0629 0.0632 0.0632 0.0631 0.0637 0.0650 0.0646 0.0641 0.0671 0.0739 0.0690 0.0679 0.0772 0.0824 0.0766 0.0678 0.0681 0.0703 0.0648 0.0637 0.0643 0.0635 0.0628 0.0630 0.0630 0.0627 0.0627 0.0627 0.0627 0.0627 0.0627 0.0627 0.0627 0.0627 0.0627 0.0627 0.0627 0.0627 0.0627 0.0627 0.0627 0.0627 0.0627 0.0628 0.0627 0.0628 0.0629 0.0630 0.0630 0.0631 0.0630 0.0632 0.0631 0.0628 0.0630 0.0631 0.0628 0.0627 0.0629 0.0629 0.0628 0.0628 0.0629 0.0630 0.0627 0.0628 0.0628 0.0628 0.0627 0.0627 0.0628 0.0628 0.0627 0.0627 0.0628 0.0630 0.0628 0.0630 0.0631 0.0631 0.0631 0.0631 0.0631 0.0632 0.0633 0.0632 0.0635 0.0639 0.0637 0.0643 0.0639 0.0637 0.0635 0.0636 0.0635 0.0632 0.0631 0.0633 0.0630 0.0630 0.0631 0.0630 0.0630 0.0630 0.0630 0.0628 0.0630 0.0628 0.0631 0.0631 0.0630 0.0632 0.0630 0.0629 0.0628 0.0630 0.0630 0.0631 0.0631 0.0631 0.0633 0.0636 0.0637 0.0641 0.0655 0.0659 0.0659 0.0663 0.0660 0.0653
0.0862 0.0969 0.1218 0.1438 0.1402 0.4066 1.0000 0.4022 0.1433 0.1358 0.1155 0.1086 0.0966 0.0822 0.0753 0.0711 0.0655 0.0637 0.0636 0.0631 0.0627 0.0628 0.0627 0.0627 0.0627 0.0626 0.0627 0.0627 0.0627 0.0627 0.0629 0.0627 0.0628 0.0628 0.0628 0.0630 0.0632 0.0631 0.0635 0.0651 0.0652 0.0643 0.0672 0.0758 0.0711 0.0688 0.0787 0.0874 0.0803 0.0683 0.0699 0.0747 0.0661 0.0641 0.0653 0.0643 0.0630 0.0631 0.0633 0.0628 0.0627 0.0628 0.0627 0.0627 0.0627 0.0627 0.0627 0.0627 0.0627 0.0627 0.0627 0.0627 0.0628 0.0627 0.0627 0.0627 0.0627 0.0627 0.0627 0.0628 0.0628 0.0629 0.0629 0.0630 0.0630 0.0630 0.0630 0.0628 0.0630 0.0628 0.0628 0.0627 0.0628 0.0628 0.0628 0.0628 0.0628 0.0630 0.0627 0.0628 0.0629 0.0629 0.0628 0.0628 0.0628 0.0628 0.0627 0.0627 0.0628 0.0630 0.0628 0.0630 0.0631 0.0631 0.0631 0.0630 0.0630 0.0632 0.0633 0.0633 0.0636 0.0640 0.0641 0.0649 0.0642 0.0641 0.0638 0.0640 0.0636 0.0632 0.0632 0.0635 0.0630 0.0630 0.0632 0.0632 0.0630 0.0630 0.0631 0.0628 0.0630 0.0628 0.0630 0.0630 0.0629 0.0631 0.0630 0.0628 0.0628 0.0630 0.0628 0.0630 0.0631 0.0630 0.0635 0.0638 0.0636 0.0641 0.0660 0.0662 0.0657 0.0661 0.0655 0.0649
0.0789 0.0848 0.0923 0.1175 0.1350 0.1389 0.4022 1.0000 0.4025 0.1367 0.1402 0.1553 0.1194 0.0919 0.0894 0.0840 0.0702 0.0652 0.0642 0.0632 0.0627 0.0627 0.0627 0.0626 0.0627 0.0626 0.0626 0.0628 0.0627 0.0627 0.0628 0.0627 0.0627 0.0627 0.0628 0.0630 0.0632 0.0630 0.0632 0.0655 0.0670 0.0645 0.0675 0.0809 0.0743 0.0687 0.0791 0.0914 0.0795 0.0663 0.0683 0.0768 0.0662 0.0636 0.0651 0.0650 0.0630 0.0631 0.0634 0.0629 0.0628 0.0628 0.0627 0.0627 0.0627 0.0627 0.0627 0.0627 0.0627 0.0627 0.0627 0.0627 0.0627 0.0627 0.0626 0.0627 0.0627 0.0627 0.0627 0.0627 0.0628 0.0629 0.0628 0.0629 0.0628 0.0628 0.0628 0.0628 0.0628 0.0627 0.0628 0.0627 0.0628 0.0628 0.0627 0.0628 0.0628 0.0630 0.0627 0.0628 0.0630 0.0629 0.0627 0.0627 0.0628 0.0627 0.0628 0.0627 0.0628 0.0630 0.0628 0.0629 0.0630 0.0630 0.0630 0.0629 0.0629 0.0631 0.0632 0.0632 0.0635 0.0639 0.0641 0.0651 0.0643 0.0642 0.0641 0.0642 0.0636 0.0632 0.0633 0.0637 0.0630 0.0630 0.0634 0.0634 0.0630 0.0631 0.0631 0.0628 0.0628 0.0628 0.0628 0.0629 0.0628 0.0630 0.0629 0.0628 0.0628 0.0629 0.0628 0.0630 0.0631 0.0630 0.0638 0.0646 0.0642 0.0650 0.0682 0.0680 0.0669 0.0672 0.0662 0.0654
0.0733 0.0802 0.0833 0.0932 0.1185 0.1340 0.1433 0.4025 1.0000 0.4013 0.1654 0.1937 0.1522 0.1080 0.0991 0.0938 0.0782 0.0680 0.0647 0.0629 0.0627 0.0627 0.0627 0.0627 0.0627 0.0626 0.0626 0.0627 0.0627 0.0627 0.0628 0.0627 0.0627 0.0627 0.0627 0.0628 0.0632 0.0630 0.0631 0.0662 0.0702 0.0654 0.0689 0.0900 0.0824 0.0715 0.0849 0.1056 0.0884 0.0690 0.0720 0.0854 0.0696 0.0642 0.0668 0.0669 0.0632 0.0632 0.0637 0.0631 0.0627 0.0627 0.0628 0.0626 0.0627 0.0627 0.0627 0.0627 0.0627 0.0628 0.0627 0.0627 0.0627 0.0627 0.0627 0.0627 0.0627 0.0628 0.0628 0.0628 0.0628 0.0630 0.0629 0.0629 0.0628 0.0628 0.0628 0.0627 0.0628 0.0628 0.0628 0.0627 0.0628 0.0628 0.0628 0.0628 0.0629 0.0630 0.0628 0.0629 0.0631 0.0628 0.0627 0.0628 0.0627 0.0627 0.0628 0.0627 0.0628 0.0630 0.0629 0.0628 0.0629 0.0630 0.0629 0.0628 0.0628 0.0630 0.0632 0.0632 0.0636 0.0641 0.0649 0.0661 0.0647 0.0647 0.0649 0.0650 0.0640 0.0635 0.0638 0.0644 0.0632 0.0631 0.0638 0.0635 0.0630 0.0631 0.0632 0.0628 0.0628 0.0627 0.0627 0.0628 0.0628 0.0630 0.0629 0.0628 0.0628 0.0628 0.0627 0.0628 0.0630 0.0628 0.0636 0.0647 0.0640 0.0646 0.0684 0.0678 0.0664 0.0667 0.0659 0.0650
0.0686 0.0736 0.0795 0.0843 0.0931 0.1130 0.1358 0.1367 0.4013 1.0000 0.4046 0.1400 0.1819 0.1610 0.1042 0.0934 0.0935 0.0785 0.0662 0.0641 0.0628 0.0627 0.0627 0.0627 0.0627 0.0627 0.0627 0.0627 0.0627 0.0627 0.0628 0.0627 0.0627 0.0627 0.0627 0.0627 0.0630 0.0631 0.0631 0.0653 0.0737 0.0693 0.0709 0.0946 0.1007 0.0833 0.0996 0.1465 0.1267 0.0875 0.0950 0.1291 0.0895 0.0742 0.0813 0.0809 0.0664 0.0653 0.0671 0.0645 0.0633 0.0633 0.0633 0.0627 0.0628 0.0628 0.0627 0.0628 0.0629 0.0630 0.0629 0.0628 0.0629 0.0629 0.0628 0.0629 0.0629 0.0629 0.0630 0.0630 0.0629 0.0631 0.0630 0.0628 0.0630 0.0629 0.0628 0.0628 0.0630 0.0627 0.0628 0.0630 0.0630 0.0628 0.0628 0.0630 0.0628 0.0630 0.0629 0.0629 0.0632 0.0630 0.0630 0.0630 0.0628 0.0629 0.0631 0.0631 0.0630 0.0632 0.0632 0.0631 0.0631 0.0632 0.0630 0.0630 0.0630 0.0630 0.0633 0.0633 0.0640 0.0645 0.0661 0.0671 0.0651 0.0653 0.0663 0.0666 0.0651 0.0642 0.0652 0.0663 0.0641 0.0638 0.0650 0.0644 0.0634 0.0634 0.0634 0.0630 0.0629 0.0627 0.0628 0.0628 0.0628 0.0631 0.0629 0.0628 0.0630 0.0629 0.0627 0.0630 0.0631 0.0627 0.0633 0.0647 0.0635 0.0633 0.0664 0.0666 0.0645 0.0650 0.0643 0.0639
0.0653 0.0670 0.0711 0.0776 0.0817 0.0887 0.1155 0.1402 0.1654 0.4046 1.0000 0.4092 0.1418 0.1772 0.1592 0.1041 0.0925 0.0923 0.0773 0.0661 0.0636 0.0627 0.0626 0.0627 0.0627 0.0626 0.0627 0.0628 0.0626 0.0627 0.0627 0.0627 0.0627 0.0627 0.0627 0.0627 0.0628 0.0628 0.0628 0.0639 0.0690 0.0639 0.0640 0.0784 0.0801 0.0668 0.0738 0.0965 0.0883 0.0696 0.0758 0.0965 0.0724 0.0654 0.0732 0.0724 0.0638 0.0640 0.0662 0.0641 0.0631 0.0633 0.0634 0.0628 0.0628 0.0628 0.0627 0.0627 0.0627 0.0627 0.0627 0.0627 0.0627 0.0628 0.0627 0.0627 0.0628 0.0628 0.0627 0.0627 0.0627 0.0627 0.0627 0.0627 0.0627 0.0627 0.0627 0.0626 0.0627 0.0627 0.0627 0.0627 0.0628 0.0627 0.0627 0.0628 0.0627 0.0629 0.0627 0.0627 0.0628 0.0628 0.0627 0.0627 0.0627 0.0627 0.0628 0.0627 0.0627 0.0630 0.0628 0.0629 0.0629 0.0628 0.0627 0.0627 0.0627 0.0627 0.0628 0.0628 0.0631 0.0633 0.0640 0.0646 0.0635 0.0637 0.0641 0.0647 0.0637 0.0633 0.0637 0.0648 0.0632 0.0630 0.0637 0.0635 0.0630 0.0631 0.0631 0.0626 0.0627 0.0627 0.0627 0.0627 0.0627 0.0628 0.0627 0.0628 0.0627 0.0627 0.0627 0.0627 0.0627 0.0627 0.0631 0.0637 0.0631 0.0635 0.0668 0.0659 0.0646 0.0648 0.0642 0.0638
0.0660 0.0677 0.0708 0.0801 0.0880 0.0909 0.1086 0.1553 0.1937 0.1400 0.4092 1.0000 0.4047 0.1399 0.1792 0.1594 0.1028 0.0923 0.0921 0.0778 0.0660 0.0638 0.0627 0.0627 0.0631 0.0628 0.0627 0.0629 0.0627 0.0627 0.0630 0.0627 0.0627 0.0627 0.0627 0.0630 0.0655 0.0641 0.0637 0.0719 0.0823 0.0684 0.0693 0.0977 0.0894 0.0686 0.0756 0.0948 0.0812 0.0653 0.0684 0.0884 0.0710 0.0632 0.0673 0.0715 0.0633 0.0630 0.0642 0.0634 0.0628 0.0627 0.0630 0.0626 0.0627 0.0627 0.0627 0.0627 0.0627 0.0628 0.0627 0.0627 0.0627 0.0628 0.0627 0.0627 0.0627 0.0628 0.0629 0.0628 0.0628 0.0629 0.0627 0.0627 0.0628 0.0627 0.0628 0.0627 0.0627 0.0627 0.0628 0.0627 0.0628 0.0627 0.0628 0.0629 0.0627 0.0631 0.0630 0.0631 0.0633 0.0628 0.0627 0.0628 0.0628 0.0628 0.0629 0.0628 0.0628 0.0630 0.0630 0.0628 0.0629 0.0630 0.0628 0.0627 0.0627 0.0628 0.0628 0.0628 0.0630 0.0632 0.0640 0.0650 0.0636 0.0639 0.0647 0.0654 0.0637 0.0634 0.0641 0.0647 0.0631 0.0630 0.0635 0.0631 0.0627 0.0628 0.0629 0.0627 0.0627 0.0627 0.0627 0.0627 0.0627 0.0628 0.0627 0.0627 0.0628 0.0628 0.0627 0.0629 0.0631 0.0632 0.0653 0.0676 0.0654 0.0672 0.0756 0.0729 0.0696 0.0689 0.0668 0.0655
0.0658 0.0673 0.0690 0.0763 0.0837 0.0863 0.0966 0.1194 0.1522 0.1819 0.1418 0.4047 1.0000 0.4053 0.1415 0.1801 0.1604 0.1028 0.0928 0.0941 0.0791 0.0664 0.0636 0.0629 0.0654 0.0660 0.0630 0.0637 0.0630 0.0633 0.0639 0.0628 0.0630 0.0632 0.0631 0.0638 0.0703 0.0729 0.0698 0.0819 0.1145 0.0948 0.0895 0.1452 0.1632 0.0974 0.1052 0.1472 0.1190 0.0836 0.0869 0.1365 0.1051 0.0759 0.0844 0.1007 0.0729 0.0661 0.0707 0.0692 0.0636 0.0631 0.0636 0.0628 0.0629 0.0633 0.0629 0.0631 0.0631 0.0636 0.0642 0.0636 0.0637 0.0641 0.0645 0.0644 0.0633 0.0638 0.0650 0.0642 0.0633 0.0634 0.0631 0.0628 0.0633 0.0629 0.0631 0.0635 0.0635 0.0629 0.0633 0.0640 0.0632 0.0628 0.0632 0.0639 0.0630 0.0634 0.0645 0.0641 0.0650 0.0636 0.0636 0.0646 0.0636 0.0633 0.0647 0.0644 0.0635 0.0641 0.0645 0.0634 0.0633 0.0636 0.0632 0.0629 0.0629 0.0630 0.0631 0.0631 0.0636 0.0639 0.0661 0.0668 0.0646 0.0653 0.0686 0.0694 0.0654 0.0652 0.0680 0.0673 0.0643 0.0642 0.0655 0.0638 0.0631 0.0633 0.0631 0.0627 0.0628 0.0627 0.0628 0.0630 0.0628 0.0631 0.0629 0.0629 0.0634 0.0631 0.0628 0.0639 0.0648 0.0636 0.0661 0.0714 0.0666 0.0660 0.0740 0.0738 0.0671 0.0671 0.0652 0.0642
0.0637 0.0641 0.0646 0.0672 0.0696 0.0720 0.0822 0.0919 0.1080 0.1610 0.1772 0.1399 0.4053 1.0000 0.4056 0.1447 0.1821 0.1578 0.1030 0.0927 0.0941 0.0790 0.0661 0.0635 0.0653 0.0673 0.0630 0.0639 0.0628 0.0631 0.0635 0.0627 0.0627 0.0627 0.0628 0.0628 0.0650 0.0675 0.0640 0.0673 0.0893 0.0809 0.0716 0.0947 0.1197 0.0833 0.0851 0.1196 0.1161 0.0869 0.0984 0.1614 0.1103 0.0854 0.1069 0.1189 0.0786 0.0737 0.0841 0.0757 0.0654 0.0648 0.0655 0.0633 0.0636 0.0642 0.0631 0.0632 0.0630 0.0635 0.0642 0.0634 0.0634 0.0640 0.0640 0.0637 0.0632 0.0635 0.0639 0.0634 0.0631 0.0631 0.0628 0.0627 0.0630 0.0628 0.0629 0.0631 0.0632 0.0627 0.0630 0.0633 0.0630 0.0628 0.0629 0.0633 0.0629 0.0632 0.0636 0.0633 0.0640 0.0633 0.0633 0.0641 0.0633 0.0631 0.0641 0.0640 0.0632 0.0636 0.0640 0.0632 0.0631 0.0633 0.0630 0.0628 0.0628 0.0628 0.0629 0.0629 0.0632 0.0633 0.0649 0.0651 0.0641 0.0644 0.0664 0.0679 0.0652 0.0649 0.0670 0.0671 0.0642 0.0640 0.0650 0.0636 0.0630 0.0632 0.0629 0.0627 0.0627 0.0627 0.0627 0.0628 0.0627 0.0630 0.0628 0.0629 0.0630 0.0630 0.0628 0.0630 0.0633 0.0629 0.0639 0.0659 0.0635 0.0636 0.0675 0.0666 0.0639 0.0644 0.0636 0.0634
0.0637 0.0640 0.0644 0.0661 0.0671 0.0674 0.0753 0.0894 0.0991 0.1042 0.1592 0.1792 0.1415 0.4056 1.0000 0.4219 0.1412 0.1793 0.1579 0.1022 0.0914 0.0941 0.0781 0.0655 0.0680 0.0667 0.0629 0.0634 0.0628 0.0630 0.0633 0.0628 0.0628 0.0631 0.0627 0.0629 0.0669 0.0659 0.0632 0.0677 0.0845 0.0691 0.0652 0.0827 0.0863 0.0657 0.0669 0.0809 0.0754 0.0655 0.0698 0.0919 0.0737 0.0647 0.0765 0.0835 0.0649 0.0641 0.0707 0.0663 0.0631 0.0633 0.0641 0.0630 0.0633 0.0632 0.0628 0.0629 0.0628 0.0629 0.0629 0.0628 0.0629 0.0631 0.0630 0.0630 0.0628 0.0629 0.0630 0.0629 0.0628 0.0628 0.0627 0.0627 0.0628 0.0627 0.0627 0.0627 0.0628 0.0626 0.0627 0.0627 0.0628 0.0627 0.0628 0.0630 0.0630 0.0634 0.0633 0.0632 0.0635 0.0631 0.0628 0.0631 0.0629 0.0628 0.0631 0.0630 0.0628 0.0632 0.0632 0.0628 0.0628 0.0630 0.0628 0.0627 0.0627 0.0627 0.0627 0.0628 0.0628 0.0629 0.0636 0.0639 0.0633 0.0632 0.0644 0.0655 0.0639 0.0636 0.0649 0.0652 0.0634 0.0633 0.0638 0.0631 0.0627 0.0628 0.0628 0.0627 0.0627 0.0627 0.0627 0.0628 0.0627 0.0628 0.0628 0.0628 0.0629 0.0628 0.0630 0.0634 0.0632 0.0633 0.0658 0.0666 0.0643 0.0658 0.0717 0.0683 0.0659 0.0659 0.0645 0.0641
0.0641 0.0645 0.0647 0.0673 0.0682 0.0667 0.0711 0.0840 0.0938 0.0934 0.1041 0.1594 0.1801 0.1447 0.4219 1.0000 0.4174 0.1488 0.1892 0.1639 0.1045 0.0941 0.0925 0.0780 0.0848 0.0805 0.0652 0.0657 0.0634 0.0653 0.0659 0.0635 0.0651 0.0668 0.0646 0.0676 0.0857 0.0828 0.0733 0.0910 0.1361 0.0904 0.0811 0.1176 0.1142 0.0755 0.0752 0.0878 0.0771 0.0657 0.0675 0.0914 0.0808 0.0654 0.0740 0.0929 0.0694 0.0642 0.0721 0.0714 0.0633 0.0630 0.0642 0.0628 0.0631 0.0640 0.0629 0.0632 0.0630 0.0637 0.0646 0.0636 0.0636 0.0643 0.0650 0.0642 0.0632 0.0637 0.0642 0.0635 0.0632 0.0631 0.0628 0.0628 0.0631 0.0628 0.0627 0.0631 0.0632 0.0627 0.0630 0.0636 0.0632 0.0628 0.0633 0.0641 0.0634 0.0643 0.0653 0.0644 0.0653 0.0640 0.0641 0.0646 0.0636 0.0636 0.0647 0.0642 0.0632 0.0638 0.0642 0.0632 0.0631 0.0633 0.0631 0.0628 0.0628 0.0628 0.0628 0.0628 0.0630 0.0630 0.0643 0.0644 0.0634 0.0636 0.0659 0.0669 0.0641 0.0642 0.0667 0.0657 0.0635 0.0641 0.0647 0.0632 0.0629 0.0633 0.0630 0.0627 0.0628 0.0627 0.0629 0.0629 0.0629 0.0632 0.0631 0.0632 0.0640 0.0635 0.0636 0.0659 0.0657 0.0651 0.0702 0.0747 0.0683 0.0688 0.0786 0.0737 0.0676 0.0674 0.0653 0.0644
0.0633 0.0636 0.0636 0.0648 0.0650 0.0637 0.0655 0.0702 0.0782 0.0935 0.0925 0.1028 0.1604 0.1821 0.1412 0.4174 1.0000 0.4043 0.1433 0.1867 0.1647 0.1038 0.0913 0.0878 0.0970 0.1023 0.0720 0.0723 0.0648 0.0690 0.0696 0.0640 0.0660 0.0686 0.0664 0.0670 0.0846 0.0986 0.0798 0.0870 0.1525 0.1217 0.0880 0.1129 0.1576 0.0918 0.0819 0.0987 0.0930 0.0766 0.0803 0.1274 0.1192 0.0856 0.1043 0.1667 0.0988 0.0815 0.1021 0.1027 0.0729 0.0678 0.0720 0.0637 0.0650 0.0704 0.0645 0.0652 0.0638 0.0668 0.0735 0.0688 0.0670 0.0699 0.0739 0.0697 0.0649 0.0666 0.0685 0.0649 0.0634 0.0632 0.0628 0.0628 0.0633 0.0628 0.0628 0.0637 0.0636 0.0627 0.0634 0.0657 0.0636 0.0630 0.0644 0.0658 0.0633 0.0640 0.0671 0.0647 0.0664 0.0645 0.0658 0.0682 0.0645 0.0643 0.0682 0.0670 0.0640 0.0649 0.0666 0.0637 0.0633 0.0637 0.0632 0.0628 0.0628 0.0628 0.0630 0.0628 0.0633 0.0635 0.0660 0.0652 0.0643 0.0645 0.0686 0.0698 0.0652 0.0656 0.0703 0.0667 0.0640 0.0650 0.0654 0.0632 0.0629 0.0635 0.0628 0.0627 0.0628 0.0627 0.0628 0.0629 0.0628 0.0632 0.0630 0.0631 0.0643 0.0632 0.0631 0.0650 0.0649 0.0633 0.0657 0.0702 0.0646 0.0641 0.0684 0.0674 0.0635 0.0640 0.0634 0.0631
0.0633 0.0635 0.0634 0.0637 0.0636 0.0631 0.0637 0.0652 0.0680 0.0785 0.0923 0.0923 0.1028 0.1578 0.1793 0.1488 0.4043 1.0000 0.4070 0.1413 0.1815 0.1646 0.1049 0.0899 0.0901 0.0884 0.0680 0.0688 0.0637 0.0658 0.0657 0.0631 0.0637 0.0645 0.0632 0.0630 0.0704 0.0745 0.0644 0.0672 0.0921 0.0773 0.0653 0.0764 0.0898 0.0678 0.0653 0.0738 0.0738 0.0676 0.0738 0.0996 0.0851 0.0746 0.1027 0.1190 0.0787 0.0765 0.1022 0.0857 0.0678 0.0689 0.0724 0.0645 0.0655 0.0675 0.0639 0.0639 0.0632 0.0637 0.0659 0.0641 0.0636 0.0647 0.0648 0.0636 0.0629 0.0633 0.0635 0.0629 0.0628 0.0628 0.0627 0.0627 0.0630 0.0628 0.0627 0.0628 0.0630 0.0627 0.0628 0.0634 0.0633 0.0630 0.0633 0.0636 0.0632 0.0636 0.0640 0.0633 0.0641 0.0634 0.0634 0.0638 0.0632 0.0631 0.0640 0.0635 0.0628 0.0634 0.0639 0.0630 0.0629 0.0632 0.0630 0.0628 0.0627 0.0628 0.0629 0.0628 0.0631 0.0634 0.0647 0.0645 0.0644 0.0638 0.0657 0.0676 0.0646 0.0644 0.0659 0.0651 0.0635 0.0639 0.0640 0.0630 0.0629 0.0632 0.0629 0.0626 0.0628 0.0627 0.0628 0.0628 0.0629 0.0631 0.0630 0.0631 0.0633 0.0630 0.0631 0.0642 0.0633 0.0631 0.0650 0.0655 0.0633 0.0637 0.0663 0.0645 0.0633 0.0636 0.0632 0.0632
0.0635 0.0636 0.0636 0.0640 0.0639 0.0631 0.0636 0.0642 0.0647 0.0662 0.0773 0.0921 0.0928 0.1030 0.1579 0.1892 0.1433 0.4070 1.0000 0.4056 0.1430 0.1851 0.1632 0.1079 0.1083 0.0914 0.0693 0.0678 0.0637 0.0683 0.0668 0.0640 0.0665 0.0683 0.0641 0.0654 0.0811 0.0777 0.0654 0.0741 0.0981 0.0729 0.0651 0.0771 0.0787 0.0640 0.0636 0.0663 0.0649 0.0631 0.0644 0.0733 0.0679 0.0633 0.0718 0.0842 0.0654 0.0639 0.0763 0.0720 0.0635 0.0635 0.0666 0.0632 0.0640 0.0653 0.0632 0.0632 0.0630 0.0635 0.0646 0.0635 0.0634 0.0641 0.0641 0.0635 0.0629 0.0633 0.0634 0.0630 0.0629 0.0629 0.0627 0.0627 0.0629 0.0628 0.0627 0.0627 0.0629 0.0627 0.0628 0.0631 0.0631 0.0630 0.0633 0.0639 0.0634 0.0641 0.0648 0.0641 0.0646 0.0640 0.0639 0.0637 0.0632 0.0634 0.0638 0.0633 0.0630 0.0632 0.0634 0.0628 0.0628 0.0631 0.0630 0.0627 0.0627 0.0628 0.0629 0.0628 0.0631 0.0632 0.0639 0.0636 0.0633 0.0631 0.0642 0.0651 0.0633 0.0633 0.0646 0.0640 0.0631 0.0639 0.0641 0.0631 0.0632 0.0639 0.0633 0.0627 0.0631 0.0628 0.0632 0.0633 0.0633 0.0639 0.0637 0.0641 0.0646 0.0636 0.0645 0.0671 0.0650 0.0648 0.0695 0.0687 0.0651 0.0666 0.0705 0.0668 0.0646 0.0645 0.0637 0.0634
0.0632 0.0632 0.0632 0.0636 0.0635 0.0628 0.0631 0.0632 0.0629 0.0641 0.0661 0.0778 0.0941 0.0927 0.1022 0.1639 0.1867 0.1413 0.4056 1.0000 0.4079 0.1410 0.1709 0.1555 0.1912 0.1517 0.0934 0.0843 0.0712 0.0856 0.0794 0.0694 0.0786 0.0835 0.0750 0.0782 0.1179 0.1192 0.0849 0.0987 0.1588 0.1023 0.0789 0.0930 0.0989 0.0702 0.0661 0.0689 0.0664 0.0635 0.0642 0.0759 0.0770 0.0658 0.0741 0.1013 0.0765 0.0678 0.0869 0.0916 0.0679 0.0662 0.0733 0.0641 0.0661 0.0736 0.0655 0.0659 0.0642 0.0678 0.0758 0.0694 0.0675 0.0714 0.0743 0.0694 0.0653 0.0671 0.0679 0.0647 0.0636 0.0633 0.0628 0.0629 0.0633 0.0628 0.0628 0.0636 0.0636 0.0627 0.0633 0.0656 0.0638 0.0632 0.0650 0.0667 0.0642 0.0652 0.0696 0.0670 0.0679 0.0664 0.0676 0.0682 0.0651 0.0655 0.0679 0.0661 0.0638 0.0648 0.0654 0.0635 0.0631 0.0635 0.0633 0.0628 0.0628 0.0628 0.0630 0.0629 0.0633 0.0634 0.0649 0.0641 0.0634 0.0633 0.0658 0.0659 0.0635 0.0641 0.0669 0.0644 0.0633 0.0652 0.0653 0.0633 0.0635 0.0647 0.0634 0.0629 0.0632 0.0629 0.0632 0.0636 0.0636 0.0650 0.0644 0.0652 0.0678 0.0648 0.0653 0.0697 0.0676 0.0650 0.0687 0.0718 0.0656 0.0652 0.0689 0.0671 0.0638 0.0640 0.0634 0.0631
0.0630 0.0631 0.0631 0.0632 0.0630 0.0627 0.0627 0.0627 0.0627 0.0628 0.0636 0.0660 0.0791 0.0941 0.0914 0.1045 0.1647 0.1815 0.1430 0.4079 1.0000 0.4062 0.1400 0.1581 0.1441 0.1618 0.0984 0.0900 0.0728 0.0839 0.0773 0.0670 0.0716 0.0747 0.0693 0.0676 0.0872 0.1005 0.0739 0.0758 0.1125 0.0932 0.0698 0.0771 0.0904 0.0688 0.0645 0.0681 0.0679 0.0649 0.0679 0.0865 0.0862 0.0743 0.0941 0.1351 0.0913 0.0851 0.1314 0.1200 0.0813 0.0804 0.0913 0.0694 0.0729 0.0840 0.0693 0.0686 0.0659 0.0696 0.0799 0.0710 0.0679 0.0721 0.0747 0.0687 0.0649 0.0669 0.0672 0.0641 0.0634 0.0632 0.0629 0.0629 0.0634 0.0630 0.0630 0.0637 0.0636 0.0630 0.0636 0.0657 0.0645 0.0637 0.0652 0.0662 0.0644 0.0653 0.0686 0.0658 0.0667 0.0649 0.0662 0.0671 0.0643 0.0645 0.0673 0.0658 0.0637 0.0649 0.0661 0.0638 0.0635 0.0642 0.0639 0.0630 0.0631 0.0630 0.0636 0.0635 0.0643 0.0648 0.0675 0.0659 0.0648 0.0644 0.0672 0.0676 0.0644 0.0647 0.0668 0.0644 0.0634 0.0649 0.0649 0.0632 0.0633 0.0644 0.0633 0.0628 0.0633 0.0630 0.0631 0.0635 0.0633 0.0642 0.0637 0.0641 0.0654 0.0634 0.0635 0.0652 0.0641 0.0631 0.0645 0.0655 0.0633 0.0632 0.0648 0.0640 0.0630 0.0632 0.0630 0.0628
0.0631 0.0631 0.0631 0.0631 0.0630 0.0627 0.0628 0.0627 0.0627 0.0627 0.0627 0.0638 0.0664 0.0790 0.0941 0.0941 0.1038 0.1646 0.1851 0.1410 0.4062 1.0000 0.4143 0.1457 0.1161 0.0999 0.0791 0.0734 0.0658 0.0719 0.0680 0.0648 0.0669 0.0684 0.0642 0.0636 0.0731 0.0743 0.0636 0.0652 0.0796 0.0676 0.0632 0.0653 0.0674 0.0631 0.0627 0.0632 0.0635 0.0629 0.0644 0.0698 0.0666 0.0644 0.0758 0.0848 0.0673 0.0685 0.0911 0.0792 0.0661 0.0694 0.0758 0.0657 0.0677 0.0704 0.0652 0.0650 0.0642 0.0648 0.0668 0.0646 0.0639 0.0648 0.0643 0.0635 0.0630 0.0634 0.0633 0.0628 0.0629 0.0629 0.0627 0.0628 0.0630 0.0629 0.0627 0.0628 0.0631 0.0629 0.0631 0.0636 0.0640 0.0636 0.0641 0.0647 0.0644 0.0649 0.0655 0.0646 0.0646 0.0642 0.0641 0.0635 0.0631 0.0633 0.0636 0.0631 0.0628 0.0632 0.0636 0.0630 0.0630 0.0634 0.0633 0.0629 0.0629 0.0630 0.0634 0.0634 0.0640 0.0644 0.0650 0.0645 0.0639 0.0635 0.0644 0.0648 0.0633 0.0635 0.0642 0.0634 0.0631 0.0639 0.0641 0.0632 0.0634 0.0642 0.0635 0.0631 0.0635 0.0633 0.0636 0.0639 0.0639 0.0644 0.0642 0.0647 0.0648 0.0636 0.0642 0.0657 0.0639 0.0635 0.0653 0.0649 0.0634 0.0639 0.0650 0.0638 0.0632 0.0633 0.0631 0.0631
0.0630 0.0630 0.0630 0.0631 0.0629 0.0627 0.0627 0.0627 0.0627 0.0627 0.0626 0.0627 0.0636 0.0661 0.0781 0.0925 0.0913 0.1049 0.1632 0.1709 0.1400 0.4143 1.0000 0.4391 0.1689 0.1143 0.0910 0.0780 0.0712 0.0837 0.0750 0.0710 0.0768 0.0787 0.0683 0.0687 0.0878 0.0812 0.0659 0.0709 0.0848 0.0674 0.0639 0.0665 0.0657 0.0628 0.0627 0.0629 0.0627 0.0627 0.0628 0.0639 0.0633 0.0629 0.0652 0.0721 0.0640 0.0639 0.0753 0.0725 0.0640 0.0659 0.0725 0.0650 0.0674 0.0706 0.0655 0.0655 0.0647 0.0655 0.0684 0.0657 0.0645 0.0659 0.0657 0.0642 0.0636 0.0643 0.0642 0.0635 0.0635 0.0633 0.0630 0.0631 0.0632 0.0630 0.0629 0.0630 0.0632 0.0629 0.0631 0.0635 0.0636 0.0635 0.0641 0.0651 0.0645 0.0655 0.0670 0.0671 0.0666 0.0666 0.0662 0.0644 0.0638 0.0644 0.0641 0.0633 0.0631 0.0635 0.0639 0.0633 0.0632 0.0636 0.0636 0.0631 0.0631 0.0632 0.0635 0.0635 0.0640 0.0642 0.0646 0.0639 0.0633 0.0632 0.0641 0.0641 0.0631 0.0632 0.0641 0.0635 0.0633 0.0648 0.0652 0.0638 0.0643 0.0660 0.0647 0.0637 0.0646 0.0641 0.0647 0.0656 0.0656 0.0667 0.0666 0.0677 0.0681 0.0657 0.0663 0.0686 0.0658 0.0650 0.0675 0.0668 0.0644 0.0645 0.0658 0.0645 0.0635 0.0636 0.0633 0.0632
0.0628 0.0628 0.0628 0.0628 0.0628 0.0627 0.0627 0.0626 0.0627 0.0627 0.0627 0.0627 0.0629 0.0635 0.0655 0.0780 0.0878 0.0899 0.1079 0.1555 0.1581 0.1457 0.4391 1.0000 0.4322 0.1601 0.1235 0.0957 0.0828 0.1069 0.0891 0.0770 0.0872 0.0900 0.0742 0.0733 0.1003 0.0966 0.0708 0.0749 0.0939 0.0730 0.0651 0.0677 0.0681 0.0632 0.0629 0.0631 0.0628 0.0627 0.0629 0.0644 0.0642 0.0633 0.0662 0.0774 0.0672 0.0664 0.0842 0.0855 0.0684 0.0703 0.0830 0.0683 0.0728 0.0809 0.0699 0.0692 0.0670 0.0693 0.0768 0.0699 0.0671 0.0703 0.0711 0.0667 0.0648 0.0661 0.0659 0.0642 0.0640 0.0637 0.0632 0.0632 0.0634 0.0631 0.0631 0.0634 0.0634 0.0630 0.0633 0.0644 0.0637 0.0635 0.0649 0.0668 0.0649 0.0661 0.0696 0.0694 0.0690 0.0686 0.0686 0.0665 0.0649 0.0658 0.0661 0.0646 0.0638 0.0646 0.0657 0.0641 0.0639 0.0649 0.0646 0.0636 0.0635 0.0635 0.0641 0.0640 0.0648 0.0652 0.0665 0.0649 0.0639 0.0636 0.0652 0.0649 0.0633 0.0640 0.0651 0.0638 0.0635 0.0657 0.0661 0.0639 0.0644 0.0668 0.0646 0.0636 0.0645 0.0640 0.0647 0.0660 0.0657 0.0674 0.0664 0.0671 0.0688 0.0653 0.0648 0.0666 0.0653 0.0636 0.0651 0.0658 0.0637 0.0634 0.0645 0.0639 0.0631 0.0633 0.0631 0.0630
0.0627 0.0628 0.0628 0.0628 0.0627 0.0627 0.0627 0.0627 0.0627 0.0627 0.0627 0.0631 0.0654 0.0653 0.0680 0.0848 0.0970 0.0901 0.1083 0.1912 0.1441 0.1161 0.1689 0.4322 1.0000 0.4035 0.1331 0.1000 0.0854 0.1084 0.0883 0.0748 0.0851 0.0871 0.0736 0.0731 0.1031 0.1039 0.0734 0.0785 0.1045 0.0785 0.0667 0.0709 0.0715 0.0635 0.0630 0.0633 0.0632 0.0627 0.0631 0.0657 0.0653 0.0637 0.0689 0.0837 0.0714 0.0707 0.0953 0.0992 0.0742 0.0760 0.0937 0.0728 0.0806 0.0944 0.0774 0.0762 0.0714 0.0763 0.0906 0.0770 0.0719 0.0802 0.0811 0.0704 0.0680 0.0709 0.0700 0.0663 0.0655 0.0650 0.0637 0.0636 0.0641 0.0634 0.0635 0.0643 0.0640 0.0632 0.0640 0.0655 0.0639 0.0637 0.0663 0.0685 0.0655 0.0670 0.0727 0.0708 0.0703 0.0693 0.0704 0.0688 0.0659 0.0666 0.0672 0.0653 0.0640 0.0650 0.0661 0.0644 0.0642 0.0657 0.0653 0.0640 0.0639 0.0639 0.0647 0.0645 0.0652 0.0656 0.0661 0.0646 0.0636 0.0636 0.0649 0.0644 0.0633 0.0640 0.0650 0.0637 0.0636 0.0661 0.0661 0.0637 0.0645 0.0669 0.0646 0.0636 0.0646 0.0641 0.0649 0.0663 0.0659 0.0677 0.0664 0.0666 0.0685 0.0651 0.0642 0.0657 0.0651 0.0635 0.0645 0.0655 0.0637 0.0632 0.0643 0.0642 0.0632 0.0634 0.0632 0.0630
0.0627 0.0627 0.0627 0.0628 0.0627 0.0626 0.0626 0.0626 0.0626 0.0627 0.0626 0.0628 0.0660 0.0673 0.0667 0.0805 0.1023 0.0884 0.0914 0.1517 0.1618 0.0999 0.1143 0.1601 0.4035 1.0000 0.3977 0.1334 0.1085 0.1529 0.1182 0.0910 0.1085 0.1033 0.0865 0.0887 0.1400 0.1362 0.0897 0.0996 0.1378 0.0924 0.0752 0.0812 0.0785 0.0654 0.0637 0.0641 0.0633 0.0627 0.0632 0.0667 0.0667 0.0641 0.0693 0.0857 0.0735 0.0705 0.0921 0.1041 0.0759 0.0745 0.0939 0.0743 0.0848 0.1037 0.0824 0.0810 0.0736 0.0803 0.0997 0.0800 0.0732 0.0817 0.0833 0.0713 0.0670 0.0694 0.0689 0.0651 0.0642 0.0639 0.0632 0.0631 0.0635 0.0630 0.0631 0.0639 0.0636 0.0629 0.0634 0.0654 0.0636 0.0633 0.0657 0.0679 0.0645 0.0653 0.0700 0.0681 0.0690 0.0670 0.0682 0.0686 0.0655 0.0657 0.0678 0.0660 0.0643 0.0655 0.0676 0.0650 0.0644 0.0659 0.0657 0.0641 0.0637 0.0637 0.0644 0.0641 0.0649 0.0649 0.0662 0.0646 0.0636 0.0639 0.0659 0.0649 0.0636 0.0652 0.0664 0.0639 0.0639 0.0665 0.0657 0.0635 0.0640 0.0658 0.0636 0.0630 0.0637 0.0635 0.0640 0.0650 0.0646 0.0661 0.0649 0.0648 0.0662 0.0639 0.0633 0.0641 0.0640 0.0630 0.0635 0.0644 0.0631 0.0628 0.0635 0.0635 0.0628 0.0630 0.0628 0.0628
0.0627 0.0627 0.0627 0.0627 0.0627 0.0626 0.0627 0.0626 0.0626 0.0627 0.0627 0.0627 0.0630 0.0630 0.0629 0.0652 0.0720 0.0680 0.0693 0.0934 0.0984 0.0791 0.0910 0.1235 0.1331 0.3977 1.0000 0.3963 0.1894 0.1954 0.1196 0.0967 0.1073 0.0902 0.0758 0.0792 0.1091 0.0913 0.0709 0.0803 0.0907 0.0690 0.0652 0.0687 0.0650 0.0628 0.0628 0.0628 0.0628 0.0627 0.0628 0.0636 0.0630 0.0630 0.0648 0.0685 0.0645 0.0652 0.0762 0.0783 0.0676 0.0702 0.0862 0.0743 0.0860 0.0913 0.0795 0.0768 0.0704 0.0723 0.0795 0.0698 0.0661 0.0691 0.0676 0.0639 0.0633 0.0641 0.0640 0.0632 0.0632 0.0632 0.0628 0.0630 0.0630 0.0628 0.0628 0.0630 0.0630 0.0627 0.0628 0.0632 0.0629 0.0628 0.0635 0.0643 0.0633 0.0637 0.0652 0.0652 0.0655 0.0647 0.0646 0.0642 0.0635 0.0637 0.0638 0.0634 0.0631 0.0636 0.0642 0.0637 0.0636 0.0646 0.0653 0.0643 0.0640 0.0641 0.0647 0.0643 0.0646 0.0643 0.0642 0.0635 0.0630 0.0634 0.0642 0.0635 0.0633 0.0649 0.0646 0.0634 0.0640 0.0660 0.0644 0.0632 0.0641 0.0648 0.0635 0.0631 0.0637 0.0635 0.0642 0.0646 0.0644 0.0651 0.0642 0.0639 0.0641 0.0632 0.0630 0.0631 0.0630 0.0627 0.0629 0.0631 0.0628 0.0627 0.0630 0.0630 0.0628 0.0629 0.0628 0.0628
0.0630 0.0628 0.0629 0.0630 0.0630 0.0627 0.0627 0.0628 0.0627 0.0627 0.0628 0.0629 0.0637 0.0639 0.0634 0.0657 0.0723 0.0688 0.0678 0.0843 0.0900 0.0734 0.0780 0.0957 0.1000 0.1334 0.3963 1.0000 0.4044 0.1414 0.1264 0.0960 0.0956 0.0821 0.0724 0.0776 0.1010 0.0861 0.0719 0.0818 0.0899 0.0701 0.0686 0.0722 0.0669 0.0638 0.0637 0.0635 0.0631 0.0628 0.0633 0.0645 0.0639 0.0635 0.0656 0.0697 0.0660 0.0666 0.0764 0.0802 0.0703 0.0719 0.0873 0.0778 0.0917 0.0971 0.0856 0.0817 0.0741 0.0771 0.0843 0.0727 0.0684 0.0714 0.0694 0.0650 0.0641 0.0650 0.0645 0.0635 0.0634 0.0634 0.0630 0.0631 0.0633 0.0631 0.0630 0.0632 0.0633 0.0630 0.0631 0.0635 0.0632 0.0630 0.0636 0.0645 0.0635 0.0636 0.0646 0.0644 0.0650 0.0642 0.0642 0.0644 0.0637 0.0636 0.0639 0.0636 0.0634 0.0639 0.0645 0.0641 0.0639 0.0648 0.0653 0.0643 0.0640 0.0640 0.0644 0.0640 0.0644 0.0640 0.0643 0.0637 0.0632 0.0638 0.0645 0.0636 0.0636 0.0658 0.0653 0.0637 0.0646 0.0676 0.0649 0.0637 0.0648 0.0655 0.0637 0.0633 0.0637 0.0635 0.0640 0.0645 0.0641 0.0649 0.0641 0.0638 0.0642 0.0633 0.0630 0.0632 0.0632 0.0628 0.0629 0.0632 0.0629 0.0628 0.0631 0.0631 0.0628 0.0631 0.0630 0.0629
0.0629 0.0628 0.0629 0.0629 0.0629 0.0627 0.0627 0.0627 0.0627 0.0627 0.0626 0.0627 0.0630 0.0628 0.0628 0.0634 0.0648 0.0637 0.0637 0.0712 0.0728 0.0658 0.0712 0.0828 0.0854 0.1085 0.1894 0.4044 1.0000 0.4049 0.1331 0.1100 0.1116 0.0861 0.0748 0.0814 0.1005 0.0800 0.0689 0.0782 0.0780 0.0652 0.0652 0.0674 0.0637 0.0630 0.0631 0.0627 0.0627 0.0626 0.0627 0.0632 0.0629 0.0631 0.0642 0.0651 0.0636 0.0646 0.0705 0.0704 0.0665 0.0685 0.0776 0.0724 0.0815 0.0826 0.0770 0.0746 0.0693 0.0703 0.0736 0.0672 0.0648 0.0660 0.0649 0.0634 0.0631 0.0634 0.0633 0.0630 0.0630 0.0630 0.0627 0.0628 0.0630 0.0630 0.0628 0.0630 0.0630 0.0628 0.0629 0.0629 0.0629 0.0628 0.0631 0.0634 0.0632 0.0634 0.0635 0.0636 0.0644 0.0637 0.0636 0.0635 0.0633 0.0633 0.0632 0.0631 0.0631 0.0633 0.0636 0.0635 0.0634 0.0641 0.0648 0.0643 0.0639 0.0640 0.0641 0.0637 0.0639 0.0635 0.0635 0.0636 0.0630 0.0641 0.0644 0.0633 0.0637 0.0663 0.0650 0.0636 0.0645 0.0671 0.0644 0.0634 0.0643 0.0646 0.0634 0.0631 0.0635 0.0633 0.0637 0.0640 0.0637 0.0642 0.0637 0.0633 0.0633 0.0631 0.0628 0.0628 0.0628 0.0627 0.0627 0.0628 0.0628 0.0627 0.0628 0.0628 0.0628 0.0629 0.0628 0.0628
0.0629 0.0628 0.0629 0.0630 0.0628 0.0627 0.0627 0.0627 0.0627 0.0627 0.0627 0.0627 0.0633 0.0631 0.0630 0.0653 0.0690 0.0658 0.0683 0.0856 0.0839 0.0719 0.0837 0.1069 0.1084 0.1529 0.1954 0.1414 0.4049 1.0000 0.3971 0.1568 0.1662 0.1145 0.0943 0.1061 0.1465 0.1085 0.0832 0.0941 0.0954 0.0724 0.0684 0.0701 0.0655 0.0632 0.0630 0.0628 0.0627 0.0627 0.0627 0.0631 0.0631 0.0631 0.0643 0.0668 0.0645 0.0647 0.0712 0.0748 0.0678 0.0677 0.0773 0.0702 0.0791 0.0838 0.0763 0.0746 0.0691 0.0727 0.0795 0.0694 0.0659 0.0685 0.0683 0.0645 0.0635 0.0640 0.0639 0.0631 0.0629 0.0630 0.0627 0.0627 0.0630 0.0628 0.0628 0.0632 0.0631 0.0628 0.0630 0.0633 0.0631 0.0629 0.0634 0.0644 0.0634 0.0637 0.0645 0.0646 0.0660 0.0646 0.0648 0.0646 0.0638 0.0637 0.0639 0.0636 0.0633 0.0640 0.0646 0.0641 0.0637 0.0646 0.0653 0.0643 0.0638 0.0638 0.0639 0.0635 0.0637 0.0635 0.0640 0.0640 0.0632 0.0644 0.0655 0.0638 0.0639 0.0669 0.0661 0.0637 0.0644 0.0671 0.0645 0.0633 0.0642 0.0648 0.0633 0.0630 0.0634 0.0632 0.0635 0.0641 0.0637 0.0644 0.0637 0.0635 0.0638 0.0632 0.0627 0.0630 0.0629 0.0627 0.0628 0.0630 0.0628 0.0627 0.0630 0.0630 0.0627 0.0629 0.0628 0.0628
0.0632 0.0631 0.0631 0.0631 0.0632 0.0628 0.0629 0.0628 0.0628 0.0628 0.0627 0.0630 0.0639 0.0635 0.0633 0.0659 0.0696 0.0657 0.0668 0.0794 0.0773 0.0680 0.0750 0.0891 0.0883 0.1182 0.1196 0.1264 0.1331 0.3971 1.0000 0.4051 0.1391 0.1138 0.0913 0.1015 0.1273 0.0986 0.0799 0.0884 0.0899 0.0713 0.0683 0.0690 0.0657 0.0633 0.0631 0.0629 0.0628 0.0627 0.0628 0.0634 0.0634 0.0633 0.0644 0.0668 0.0648 0.0646 0.0701 0.0743 0.0680 0.0671 0.0756 0.0705 0.0799 0.0851 0.0794 0.0777 0.0722 0.0772 0.0835 0.0717 0.0680 0.0712 0.0706 0.0659 0.0641 0.0648 0.0648 0.0635 0.0632 0.0631 0.0628 0.0629 0.0632 0.0630 0.0631 0.0634 0.0636 0.0631 0.0634 0.0640 0.0639 0.0634 0.0642 0.0657 0.0643 0.0646 0.0661 0.0662 0.0681 0.0660 0.0661 0.0661 0.0649 0.0645 0.0647 0.0644 0.0640 0.0645 0.0654 0.0647 0.0642 0.0651 0.0654 0.0644 0.0637 0.0637 0.0637 0.0634 0.0635 0.0635 0.0641 0.0645 0.0636 0.0651 0.0665 0.0646 0.0646 0.0680 0.0677 0.0646 0.0652 0.0683 0.0655 0.0640 0.0650 0.0658 0.0639 0.0634 0.0637 0.0634 0.0639 0.0644 0.0640 0.0650 0.0644 0.0641 0.0645 0.0636 0.0631 0.0632 0.0633 0.0628 0.0630 0.0632 0.0630 0.0628 0.0631 0.0632 0.0628 0.0631 0.0631 0.0629
0.0631 0.0631 0.0631 0.0631 0.0630 0.0628 0.0627 0.0627 0.0627 0.0627 0.0627 0.0627 0.0628 0.0627 0.0628 0.0635 0.0640 0.0631 0.0640 0.0694 0.0670 0.0648 0.0710 0.0770 0.0748 0.0910 0.0967 0.0960 0.1100 0.1568 0.4051 1.0000 0.4050 0.1312 0.0998 0.1066 0.1151 0.0873 0.0736 0.0775 0.0738 0.0646 0.0637 0.0636 0.0628 0.0627 0.0627 0.0627 0.0627 0.0626 0.0626 0.0627 0.0627 0.0628 0.0633 0.0636 0.0632 0.0633 0.0659 0.0661 0.0645 0.0647 0.0689 0.0668 0.0724 0.0737 0.0711 0.0703 0.0670 0.0696 0.0716 0.0656 0.0642 0.0657 0.0648 0.0632 0.0631 0.0632 0.0631 0.0627 0.0627 0.0627 0.0627 0.0627 0.0630 0.0628 0.0627 0.0629 0.0631 0.0628 0.0628 0.0631 0.0632 0.0631 0.0634 0.0643 0.0641 0.0641 0.0646 0.0650 0.0658 0.0644 0.0640 0.0639 0.0635 0.0632 0.0630 0.0630 0.0630 0.0632 0.0634 0.0635 0.0633 0.0638 0.0644 0.0641 0.0635 0.0634 0.0633 0.0632 0.0632 0.0631 0.0631 0.0635 0.0630 0.0637 0.0640 0.0632 0.0633 0.0649 0.0642 0.0633 0.0635 0.0649 0.0635 0.0632 0.0637 0.0640 0.0631 0.0630 0.0633 0.0631 0.0633 0.0635 0.0633 0.0637 0.0635 0.0633 0.0632 0.0631 0.0628 0.0628 0.0628 0.0627 0.0627 0.0627 0.0627 0.0627 0.0628 0.0628 0.0627 0.0628 0.0628 0.0628
0.0631 0.0631 0.0631 0.0631 0.0630 0.0627 0.0628 0.0627 0.0627 0.0627 0.0627 0.0627 0.0630 0.0627 0.0628 0.0651 0.0660 0.0637 0.0665 0.0786 0.0716 0.0669 0.0768 0.0872 0.0851 0.1085 0.1073 0.0956 0.1116 0.1662 0.1391 0.4050 1.0000 0.4051 0.1536 0.1612 0.1697 0.1215 0.0970 0.0972 0.0895 0.0729 0.0679 0.0658 0.0635 0.0627 0.0627 0.0626 0.0626 0.0626 0.0627 0.0627 0.0628 0.0628 0.0636 0.0652 0.0644 0.0643 0.0688 0.0714 0.0667 0.0664 0.0723 0.0678 0.0745 0.0796 0.0745 0.0741 0.0688 0.0748 0.0816 0.0690 0.0658 0.0704 0.0686 0.0641 0.0636 0.0641 0.0634 0.0629 0.0628 0.0628 0.0627 0.0629 0.0633 0.0631 0.0630 0.0632 0.0635 0.0631 0.0630 0.0635 0.0638 0.0632 0.0639 0.0660 0.0647 0.0649 0.0660 0.0668 0.0674 0.0653 0.0650 0.0648 0.0637 0.0633 0.0633 0.0633 0.0632 0.0635 0.0639 0.0636 0.0635 0.0641 0.0648 0.0641 0.0635 0.0634 0.0632 0.0632 0.0633 0.0632 0.0633 0.0633 0.0629 0.0633 0.0637 0.0632 0.0631 0.0642 0.0640 0.0631 0.0633 0.0645 0.0636 0.0631 0.0636 0.0639 0.0631 0.0629 0.0631 0.0630 0.0632 0.0635 0.0633 0.0638 0.0634 0.0633 0.0635 0.0631 0.0627 0.0628 0.0629 0.0627 0.0627 0.0628 0.0628 0.0627 0.0628 0.0628 0.0627 0.0628 0.0629 0.0628
0.0632 0.0633 0.0632 0.0632 0.0631 0.0628 0.0628 0.0627 0.0627 0.0627 0.0627 0.0627 0.0632 0.0627 0.0631 0.0668 0.0686 0.0645 0.0683 0.0835 0.0747 0.0684 0.0787 0.0900 0.0871 0.1033 0.0902 0.0821 0.0861 0.1145 0.1138 0.1312 0.4051 1.0000 0.4085 0.1612 0.1900 0.1503 0.1073 0.0990 0.0940 0.0787 0.0690 0.0652 0.0628 0.0627 0.0627 0.0627 0.0627 0.0627 0.0627 0.0627 0.0628 0.0629 0.0634 0.0658 0.0650 0.0641 0.0697 0.0769 0.0690 0.0681 0.0785 0.0716 0.0815 0.0910 0.0824 0.0799 0.0724 0.0812 0.0889 0.0716 0.0675 0.0730 0.0704 0.0643 0.0636 0.0642 0.0635 0.0630 0.0629 0.0629 0.0627 0.0630 0.0632 0.0632 0.0630 0.0633 0.0637 0.0633 0.0632 0.0640 0.0641 0.0633 0.0644 0.0674 0.0655 0.0658 0.0683 0.0693 0.0703 0.0666 0.0663 0.0659 0.0644 0.0636 0.0635 0.0632 0.0630 0.0632 0.0633 0.0632 0.0631 0.0633 0.0637 0.0633 0.0631 0.0631 0.0631 0.0629 0.0630 0.0629 0.0630 0.0631 0.0628 0.0631 0.0632 0.0630 0.0630 0.0635 0.0635 0.0631 0.0631 0.0638 0.0634 0.0630 0.0633 0.0636 0.0630 0.0628 0.0630 0.0629 0.0631 0.0634 0.0632 0.0636 0.0632 0.0632 0.0633 0.0631 0.0628 0.0628 0.0629 0.0627 0.0627 0.0628 0.0628 0.0627 0.0628 0.0629 0.0627 0.0629 0.0629 0.0628
