1.0000 0.3972 0.1436 0.1344 0.1214 0.1033 0.0946 0.0898 0.0808 0.0716 0.0682 0.0661 0.0643 0.0633 0.0628 0.0628 0.0627 0.0626 0.0625 0.0626 0.0626 0.0625 0.0624 0.0625 0.0624 0.0624 0.0625 0.0624 0.0626 0.0626 0.0627 0.0627 0.0627 0.0628 0.0629 0.0632 0.0637 0.0640 0.0648 0.0652 0.0664 0.0686 0.0653 0.0703 0.0728 0.0651 0.0663 0.0741 0.0668 0.0638 0.0661 0.0677 0.0633 0.0631 0.0647 0.0641 0.0628 0.0630 0.0636 0.0630 0.0627 0.0626 0.0626 0.0626 0.0627 0.0628 0.0630 0.0639 0.0642 0.0652 0.0645 0.0642 0.0639 0.0636 0.0633 0.0631 0.0628 0.0628 0.0626 0.0626 0.0626 0.0626 0.0627 0.0627 0.0627 0.0626 0.0626 0.0626 0.0627 0.0627 0.0628 0.0628 0.0629 0.0630 0.0631 0.0635
0.3972 1.0000 0.4139 0.1463 0.1455 0.1282 0.1039 0.0936 0.0877 0.0759 0.0684 0.0653 0.0636 0.0630 0.0626 0.0627 0.0626 0.0625 0.0624 0.0624 0.0624 0.0623 0.0624 0.0624 0.0624 0.0622 0.0624 0.0623 0.0626 0.0625 0.0626 0.0626 0.0626 0.0627 0.0627 0.0632 0.0637 0.0640 0.0642 0.0650 0.0657 0.0684 0.0641 0.0690 0.0723 0.0641 0.0646 0.0724 0.0655 0.0632 0.0644 0.0661 0.0627 0.0627 0.0639 0.0634 0.0625 0.0627 0.0631 0.0626 0.0625 0.0624 0.0623 0.0626 0.0624 0.0627 0.0627 0.0635 0.0639 0.0653 0.0646 0.0641 0.0639 0.0635 0.0631 0.0629 0.0626 0.0627 0.0626 0.0625 0.0625 0.0625 0.0624 0.0626 0.0626 0.0626 0.0626 0.0625 0.0625 0.0626 0.0627 0.0627 0.0627 0.0627 0.0627 0.0630
0.1436 0.4139 1.0000 0.4072 0.1470 0.1549 0.1384 0.1051 0.0930 0.0870 0.0764 0.0677 0.0645 0.0630 0.0626 0.0626 0.0626 0.0625 0.0625 0.0624 0.0625 0.0624 0.0624 0.0625 0.0624 0.0623 0.0624 0.0624 0.0625 0.0626 0.0626 0.0626 0.0626 0.0628 0.0628 0.0633 0.0643 0.0645 0.0659 0.0661 0.0685 0.0712 0.0644 0.0714 0.0777 0.0649 0.0650 0.0759 0.0679 0.0632 0.0644 0.0675 0.0627 0.0627 0.0637 0.0636 0.0625 0.0627 0.0632 0.0626 0.0626 0.0625 0.0624 0.0624 0.0624 0.0627 0.0630 0.0642 0.0654 0.0680 0.0665 0.0655 0.0650 0.0641 0.0635 0.0630 0.0626 0.0626 0.0625 0.0626 0.0625 0.0626 0.0626 0.0626 0.0626 0.0627 0.0626 0.0626 0.0626 0.0626 0.0627 0.0627 0.0627 0.0628 0.0627 0.0629
0.1344 0.1463 0.4072 1.0000 0.4086 0.1451 0.1734 0.1535 0.1060 0.0944 0.0928 0.0791 0.0678 0.0646 0.0630 0.0627 0.0626 0.0625 0.0625 0.0625 0.0624 0.0624 0.0625 0.0625 0.0624 0.0624 0.0624 0.0624 0.0625 0.0629 0.0626 0.0626 0.0632 0.0633 0.0629 0.0637 0.0661 0.0661 0.0705 0.0701 0.0794 0.0831 0.0697 0.0853 0.1041 0.0734 0.0740 0.1027 0.0837 0.0671 0.0713 0.0808 0.0652 0.0633 0.0657 0.0658 0.0627 0.0628 0.0636 0.0628 0.0626 0.0626 0.0625 0.0625 0.0626 0.0628 0.0635 0.0653 0.0667 0.0694 0.0669 0.0659 0.0657 0.0651 0.0652 0.0633 0.0627 0.0626 0.0626 0.0626 0.0625 0.0626 0.0626 0.0626 0.0626 0.0626 0.0627 0.0626 0.0626 0.0626 0.0627 0.0627 0.0627 0.0628 0.0628 0.0628
0.1214 0.1455 0.1470 0.4086 1.0000 0.4087 0.1479 0.1779 0.1521 0.1037 0.0943 0.0923 0.0772 0.0663 0.0639 0.0627 0.0626 0.0624 0.0625 0.0624 0.0624 0.0624 0.0625 0.0625 0.0624 0.0624 0.0624 0.0624 0.0626 0.0630 0.0627 0.0626 0.0631 0.0632 0.0627 0.0632 0.0650 0.0643 0.0683 0.0665 0.0737 0.0738 0.0651 0.0750 0.0927 0.0690 0.0689 0.0950 0.0826 0.0655 0.0703 0.0844 0.0656 0.0631 0.0662 0.0667 0.0626 0.0626 0.0635 0.0627 0.0626 0.0624 0.0624 0.0626 0.0626 0.0628 0.0632 0.0644 0.0651 0.0674 0.0652 0.0648 0.0646 0.0641 0.0644 0.0631 0.0627 0.0626 0.0626 0.0626 0.0626 0.0626 0.0626 0.0626 0.0627 0.0626 0.0626 0.0626 0.0626 0.0626 0.0627 0.0627 0.0627 0.0627 0.0628 0.0630
0.1033 0.1282 0.1549 0.1451 0.4087 1.0000 0.4065 0.1406 0.1761 0.1499 0.1014 0.0919 0.0905 0.0763 0.0655 0.0636 0.0624 0.0624 0.0624 0.0624 0.0624 0.0625 0.0625 0.0625 0.0624 0.0624 0.0624 0.0624 0.0626 0.0629 0.0626 0.0624 0.0632 0.0635 0.0627 0.0635 0.0661 0.0648 0.0703 0.0663 0.0706 0.0683 0.0627 0.0662 0.0794 0.0642 0.0631 0.0769 0.0743 0.0630 0.0635 0.0740 0.0633 0.0626 0.0633 0.0641 0.0623 0.0623 0.0628 0.0624 0.0624 0.0624 0.0624 0.0625 0.0626 0.0630 0.0639 0.0662 0.0683 0.0723 0.0688 0.0679 0.0674 0.0658 0.0658 0.0632 0.0627 0.0626 0.0625 0.0626 0.0626 0.0625 0.0626 0.0626 0.0627 0.0626 0.0626 0.0625 0.0626 0.0626 0.0627 0.0627 0.0628 0.0627 0.0627 0.0629
0.0946 0.1039 0.1384 0.1734 0.1479 0.4065 1.0000 0.4044 0.1442 0.1793 0.1522 0.1029 0.0928 0.0916 0.0776 0.0665 0.0635 0.0626 0.0626 0.0626 0.0627 0.0626 0.0626 0.0624 0.0625 0.0624 0.0626 0.0627 0.0627 0.0653 0.0632 0.0631 0.0682 0.0677 0.0642 0.0672 0.0762 0.0728 0.0905 0.0804 0.0965 0.0854 0.0679 0.0783 0.1110 0.0774 0.0701 0.0974 0.0972 0.0685 0.0681 0.0869 0.0696 0.0632 0.0651 0.0675 0.0627 0.0625 0.0631 0.0629 0.0625 0.0626 0.0626 0.0626 0.0632 0.0641 0.0681 0.0738 0.0776 0.0823 0.0743 0.0727 0.0732 0.0725 0.0756 0.0667 0.0645 0.0630 0.0628 0.0627 0.0627 0.0626 0.0626 0.0627 0.0627 0.0626 0.0626 0.0626 0.0626 0.0626 0.0627 0.0628 0.0628 0.0628 0.0628 0.0629
0.0898 0.0936 0.1051 0.1535 0.1779 0.1406 0.4044 1.0000 0.4038 0.1425 0.1816 0.1570 0.1024 0.0926 0.0929 0.0785 0.0658 0.0637 0.0627 0.0626 0.0625 0.0626 0.0625 0.0625 0.0624 0.0625 0.0624 0.0632 0.0632 0.0710 0.0646 0.0635 0.0724 0.0695 0.0636 0.0658 0.0758 0.0690 0.0886 0.0765 0.1033 0.0878 0.0710 0.0851 0.1361 0.0935 0.0858 0.1402 0.1485 0.0886 0.0907 0.1371 0.0917 0.0709 0.0781 0.0855 0.0660 0.0635 0.0655 0.0646 0.0627 0.0626 0.0632 0.0627 0.0642 0.0642 0.0690 0.0717 0.0703 0.0718 0.0663 0.0656 0.0666 0.0676 0.0758 0.0668 0.0664 0.0631 0.0627 0.0627 0.0626 0.0626 0.0626 0.0626 0.0627 0.0626 0.0626 0.0625 0.0626 0.0626 0.0627 0.0627 0.0628 0.0628 0.0627 0.0629
0.0808 0.0877 0.0930 0.1060 0.1521 0.1761 0.1442 0.4038 1.0000 0.4064 0.1415 0.1802 0.1572 0.1028 0.0922 0.0924 0.0772 0.0657 0.0635 0.0624 0.0625 0.0626 0.0626 0.0626 0.0624 0.0626 0.0625 0.0626 0.0625 0.0669 0.0630 0.0624 0.0669 0.0653 0.0627 0.0642 0.0714 0.0652 0.0760 0.0653 0.0748 0.0668 0.0626 0.0652 0.0840 0.0681 0.0648 0.0865 0.0950 0.0680 0.0701 0.1024 0.0767 0.0642 0.0711 0.0788 0.0636 0.0627 0.0650 0.0635 0.0625 0.0624 0.0629 0.0627 0.0633 0.0636 0.0666 0.0681 0.0681 0.0699 0.0654 0.0654 0.0658 0.0658 0.0701 0.0642 0.0636 0.0627 0.0626 0.0627 0.0626 0.0626 0.0626 0.0626 0.0627 0.0626 0.0626 0.0626 0.0626 0.0626 0.0627 0.0628 0.0628 0.0628 0.0628 0.0630
0.0716 0.0759 0.0870 0.0944 0.1037 0.1499 0.1793 0.1425 0.4064 1.0000 0.4035 0.1416 0.1798 0.1565 0.1029 0.0921 0.0917 0.0773 0.0662 0.0633 0.0623 0.0626 0.0627 0.0626 0.0625 0.0624 0.0625 0.0633 0.0626 0.0689 0.0635 0.0636 0.0752 0.0711 0.0648 0.0705 0.0882 0.0763 0.0989 0.0742 0.0840 0.0684 0.0629 0.0643 0.0829 0.0697 0.0633 0.0770 0.0927 0.0668 0.0641 0.0857 0.0755 0.0628 0.0639 0.0719 0.0630 0.0625 0.0628 0.0628 0.0624 0.0624 0.0626 0.0627 0.0644 0.0652 0.0734 0.0782 0.0801 0.0830 0.0727 0.0721 0.0744 0.0745 0.0824 0.0689 0.0669 0.0633 0.0628 0.0627 0.0626 0.0626 0.0626 0.0627 0.0627 0.0627 0.0627 0.0627 0.0627 0.0627 0.0628 0.0628 0.0629 0.0629 0.0630 0.0631
0.0682 0.0684 0.0764 0.0928 0.0943 0.1014 0.1522 0.1816 0.1415 0.4035 1.0000 0.4041 0.1411 0.1799 0.1585 0.1035 0.0919 0.0926 0.0790 0.0661 0.0630 0.0632 0.0624 0.0625 0.0624 0.0627 0.0628 0.0718 0.0667 0.0891 0.0710 0.0724 0.1086 0.0903 0.0719 0.0828 0.1167 0.0888 0.1345 0.0899 0.1241 0.0833 0.0698 0.0746 0.1179 0.1022 0.0795 0.1072 0.1708 0.0970 0.0835 0.1257 0.1155 0.0741 0.0745 0.0934 0.0710 0.0636 0.0648 0.0656 0.0625 0.0624 0.0650 0.0640 0.0747 0.0706 0.0903 0.0901 0.0820 0.0812 0.0694 0.0692 0.0741 0.0806 0.1083 0.0831 0.0855 0.0676 0.0649 0.0631 0.0626 0.0627 0.0626 0.0627 0.0627 0.0627 0.0627 0.0626 0.0627 0.0628 0.0628 0.0628 0.0630 0.0629 0.0628 0.0630
0.0661 0.0653 0.0677 0.0791 0.0923 0.0919 0.1029 0.1570 0.1802 0.1416 0.4041 1.0000 0.4042 0.1427 0.1788 0.1592 0.1032 0.0925 0.0936 0.0778 0.0649 0.0648 0.0623 0.0626 0.0624 0.0633 0.0633 0.0738 0.0679 0.0899 0.0696 0.0681 0.0944 0.0780 0.0653 0.0712 0.0899 0.0703 0.0892 0.0681 0.0838 0.0663 0.0633 0.0654 0.0887 0.0821 0.0729 0.0994 0.1480 0.0949 0.0915 0.1685 0.1406 0.0863 0.0963 0.1352 0.0860 0.0702 0.0757 0.0754 0.0639 0.0637 0.0716 0.0677 0.0822 0.0715 0.0843 0.0760 0.0696 0.0688 0.0641 0.0641 0.0658 0.0692 0.0861 0.0738 0.0812 0.0660 0.0647 0.0629 0.0626 0.0626 0.0627 0.0627 0.0627 0.0627 0.0627 0.0627 0.0627 0.0627 0.0629 0.0628 0.0630 0.0629 0.0628 0.0630
0.0643 0.0636 0.0645 0.0678 0.0772 0.0905 0.0928 0.1024 0.1572 0.1798 0.1411 0.4042 1.0000 0.4073 0.1400 0.1789 0.1570 0.1027 0.0922 0.0906 0.0736 0.0659 0.0625 0.0624 0.0623 0.0626 0.0624 0.0662 0.0627 0.0715 0.0632 0.0635 0.0796 0.0690 0.0636 0.0711 0.0891 0.0704 0.0829 0.0645 0.0691 0.0626 0.0623 0.0624 0.0672 0.0649 0.0627 0.0679 0.0878 0.0671 0.0645 0.0912 0.0881 0.0649 0.0695 0.0923 0.0690 0.0633 0.0675 0.0677 0.0626 0.0628 0.0661 0.0643 0.0708 0.0670 0.0764 0.0727 0.0705 0.0702 0.0655 0.0656 0.0672 0.0685 0.0787 0.0681 0.0700 0.0639 0.0632 0.0627 0.0627 0.0626 0.0626 0.0627 0.0627 0.0627 0.0627 0.0627 0.0627 0.0627 0.0628 0.0628 0.0629 0.0630 0.0629 0.0631
0.0633 0.0630 0.0630 0.0646 0.0663 0.0763 0.0916 0.0926 0.1028 0.1565 0.1799 0.1427 0.4073 1.0000 0.4068 0.1411 0.1789 0.1565 0.1029 0.0906 0.0843 0.0764 0.0631 0.0627 0.0623 0.0637 0.0632 0.0772 0.0660 0.0812 0.0681 0.0753 0.1132 0.0889 0.0757 0.0977 0.1452 0.0952 0.1209 0.0772 0.0829 0.0652 0.0630 0.0628 0.0720 0.0719 0.0634 0.0683 0.0957 0.0736 0.0644 0.0859 0.0952 0.0661 0.0653 0.0849 0.0702 0.0628 0.0636 0.0664 0.0627 0.0626 0.0663 0.0647 0.0773 0.0716 0.0898 0.0859 0.0787 0.0767 0.0681 0.0681 0.0732 0.0796 0.1062 0.0847 0.0868 0.0699 0.0659 0.0637 0.0630 0.0627 0.0627 0.0628 0.0628 0.0627 0.0627 0.0627 0.0627 0.0628 0.0629 0.0628 0.0630 0.0631 0.0629 0.0631
0.0628 0.0626 0.0626 0.0630 0.0639 0.0655 0.0776 0.0929 0.0922 0.1029 0.1585 0.1788 0.1400 0.4068 1.0000 0.4024 0.1429 0.1797 0.1569 0.1016 0.0870 0.0918 0.0653 0.0642 0.0634 0.0730 0.0712 0.1086 0.0827 0.1135 0.0818 0.0931 0.1610 0.1008 0.0799 0.1006 0.1316 0.0846 0.1050 0.0721 0.0848 0.0652 0.0633 0.0632 0.0769 0.0820 0.0685 0.0794 0.1297 0.1000 0.0813 0.1201 0.1630 0.0903 0.0860 0.1324 0.1020 0.0721 0.0734 0.0828 0.0649 0.0658 0.0831 0.0770 0.1095 0.0857 0.1042 0.0853 0.0719 0.0682 0.0638 0.0640 0.0677 0.0762 0.1105 0.0980 0.1183 0.0819 0.0756 0.0658 0.0633 0.0627 0.0627 0.0629 0.0628 0.0626 0.0627 0.0626 0.0627 0.0627 0.0628 0.0628 0.0630 0.0628 0.0627 0.0628
0.0628 0.0627 0.0626 0.0627 0.0627 0.0636 0.0665 0.0785 0.0924 0.0921 0.1035 0.1592 0.1789 0.1411 0.4024 1.0000 0.4103 0.1403 0.1765 0.1522 0.0980 0.0922 0.0662 0.0646 0.0630 0.0692 0.0655 0.0876 0.0685 0.0825 0.0662 0.0714 0.0970 0.0722 0.0653 0.0785 0.0917 0.0679 0.0758 0.0629 0.0655 0.0623 0.0624 0.0624 0.0636 0.0651 0.0627 0.0661 0.0881 0.0756 0.0706 0.1019 0.1234 0.0822 0.0864 0.1437 0.1055 0.0765 0.0837 0.0961 0.0702 0.0725 0.0905 0.0800 0.0976 0.0747 0.0809 0.0702 0.0651 0.0644 0.0629 0.0630 0.0641 0.0667 0.0804 0.0749 0.0855 0.0698 0.0685 0.0642 0.0630 0.0628 0.0627 0.0630 0.0627 0.0626 0.0627 0.0627 0.0628 0.0629 0.0630 0.0630 0.0631 0.0631 0.0629 0.0630
0.0627 0.0626 0.0626 0.0626 0.0626 0.0624 0.0635 0.0658 0.0772 0.0917 0.0919 0.1032 0.1570 0.1789 0.1429 0.4103 1.0000 0.4083 0.1436 0.1727 0.1369 0.0994 0.0695 0.0648 0.0626 0.0688 0.0633 0.0804 0.0641 0.0698 0.0635 0.0703 0.0905 0.0699 0.0674 0.0880 0.1010 0.0739 0.0788 0.0640 0.0643 0.0622 0.0625 0.0624 0.0626 0.0630 0.0625 0.0626 0.0698 0.0643 0.0626 0.0706 0.0828 0.0644 0.0647 0.0864 0.0752 0.0635 0.0663 0.0747 0.0642 0.0658 0.0749 0.0692 0.0791 0.0688 0.0741 0.0693 0.0659 0.0655 0.0634 0.0635 0.0649 0.0674 0.0769 0.0732 0.0767 0.0681 0.0662 0.0641 0.0632 0.0629 0.0628 0.0630 0.0628 0.0628 0.0628 0.0628 0.0628 0.0630 0.0631 0.0630 0.0630 0.0631 0.0630 0.0631
0.0626 0.0625 0.0625 0.0625 0.0624 0.0624 0.0626 0.0637 0.0657 0.0773 0.0926 0.0925 0.1027 0.1565 0.1797 0.1403 0.4083 1.0000 0.4047 0.1395 0.1558 0.1459 0.0835 0.0736 0.0677 0.0927 0.0765 0.1210 0.0802 0.0864 0.0742 0.0998 0.1435 0.0907 0.0850 0.1285 0.1460 0.0889 0.0962 0.0694 0.0705 0.0630 0.0626 0.0626 0.0637 0.0660 0.0627 0.0631 0.0765 0.0705 0.0632 0.0722 0.0950 0.0688 0.0654 0.0878 0.0839 0.0649 0.0659 0.0764 0.0646 0.0669 0.0826 0.0771 0.1004 0.0826 0.0913 0.0794 0.0687 0.0662 0.0634 0.0639 0.0665 0.0737 0.0961 0.0965 0.1090 0.0875 0.0803 0.0692 0.0648 0.0635 0.0632 0.0634 0.0631 0.0628 0.0628 0.0627 0.0629 0.0630 0.0631 0.0630 0.0630 0.0630 0.0628 0.0630
0.0625 0.0624 0.0625 0.0625 0.0625 0.0624 0.0626 0.0627 0.0635 0.0662 0.0790 0.0936 0.0922 0.1029 0.1569 0.1765 0.1436 0.4047 1.0000 0.4060 0.1402 0.1716 0.0953 0.0855 0.0762 0.1089 0.0881 0.1472 0.0863 0.0886 0.0723 0.0940 0.1217 0.0769 0.0711 0.0932 0.0953 0.0689 0.0740 0.0632 0.0655 0.0625 0.0626 0.0624 0.0631 0.0652 0.0626 0.0635 0.0782 0.0765 0.0674 0.0827 0.1220 0.0857 0.0798 0.1228 0.1281 0.0819 0.0834 0.1110 0.0774 0.0843 0.1215 0.1040 0.1315 0.0883 0.0861 0.0725 0.0644 0.0634 0.0626 0.0628 0.0638 0.0681 0.0848 0.0904 0.1090 0.0897 0.0877 0.0714 0.0661 0.0640 0.0635 0.0641 0.0632 0.0629 0.0630 0.0626 0.0627 0.0629 0.0630 0.0630 0.0630 0.0630 0.0628 0.0630
0.0626 0.0624 0.0624 0.0625 0.0624 0.0624 0.0626 0.0626 0.0624 0.0633 0.0661 0.0778 0.0906 0.0906 0.1016 0.1522 0.1727 0.1395 0.4060 1.0000 0.4111 0.1393 0.0960 0.0812 0.0689 0.0879 0.0679 0.0895 0.0656 0.0667 0.0630 0.0698 0.0792 0.0641 0.0644 0.0778 0.0773 0.0646 0.0655 0.0624 0.0626 0.0625 0.0626 0.0626 0.0626 0.0626 0.0624 0.0624 0.0641 0.0639 0.0627 0.0662 0.0809 0.0680 0.0671 0.0903 0.0932 0.0708 0.0750 0.0974 0.0769 0.0841 0.0978 0.0855 0.0882 0.0705 0.0678 0.0648 0.0627 0.0628 0.0626 0.0626 0.0628 0.0637 0.0679 0.0700 0.0751 0.0713 0.0716 0.0659 0.0643 0.0637 0.0634 0.0639 0.0634 0.0631 0.0632 0.0630 0.0631 0.0631 0.0632 0.0631 0.0631 0.0631 0.0630 0.0632
0.0626 0.0624 0.0625 0.0624 0.0624 0.0624 0.0627 0.0625 0.0625 0.0623 0.0630 0.0649 0.0736 0.0843 0.0870 0.0980 0.1369 0.1558 0.1402 0.4111 1.0000 0.4002 0.1235 0.0897 0.0782 0.1023 0.0714 0.0907 0.0657 0.0641 0.0634 0.0739 0.0781 0.0644 0.0673 0.0864 0.0804 0.0668 0.0659 0.0626 0.0625 0.0624 0.0625 0.0626 0.0626 0.0625 0.0626 0.0625 0.0626 0.0626 0.0623 0.0626 0.0679 0.0631 0.0623 0.0697 0.0737 0.0635 0.0647 0.0751 0.0676 0.0723 0.0796 0.0767 0.0801 0.0702 0.0671 0.0665 0.0633 0.0630 0.0626 0.0627 0.0632 0.0644 0.0672 0.0710 0.0737 0.0736 0.0738 0.0675 0.0658 0.0645 0.0638 0.0638 0.0633 0.0632 0.0632 0.0630 0.0630 0.0631 0.0630 0.0629 0.0629 0.0630 0.0629 0.0630
0.0625 0.0623 0.0624 0.0624 0.0624 0.0625 0.0626 0.0626 0.0626 0.0626 0.0632 0.0648 0.0659 0.0764 0.0918 0.0922 0.0994 0.1459 0.1716 0.1393 0.4002 1.0000 0.3989 0.1268 0.1160 0.2146 0.1110 0.1556 0.0859 0.0740 0.0688 0.0956 0.0964 0.0686 0.0708 0.0915 0.0810 0.0660 0.0664 0.0626 0.0632 0.0623 0.0624 0.0624 0.0626 0.0629 0.0625 0.0626 0.0640 0.0643 0.0625 0.0637 0.0759 0.0666 0.0636 0.0748 0.0851 0.0667 0.0663 0.0793 0.0684 0.0744 0.0952 0.0945 0.1089 0.0895 0.0786 0.0739 0.0649 0.0635 0.0627 0.0630 0.0640 0.0671 0.0750 0.0890 0.0998 0.1041 0.1071 0.0828 0.0740 0.0679 0.0653 0.0654 0.0640 0.0636 0.0636 0.0631 0.0632 0.0632 0.0631 0.0629 0.0630 0.0630 0.0628 0.0630
0.0624 0.0624 0.0624 0.0625 0.0625 0.0625 0.0626 0.0625 0.0626 0.0627 0.0624 0.0623 0.0625 0.0631 0.0653 0.0662 0.0695 0.0835 0.0953 0.0960 0.1235 0.3989 1.0000 0.4069 0.1713 0.2012 0.0979 0.0954 0.0662 0.0628 0.0628 0.0701 0.0676 0.0624 0.0631 0.0689 0.0645 0.0625 0.0626 0.0624 0.0624 0.0625 0.0624 0.0625 0.0626 0.0626 0.0627 0.0626 0.0626 0.0627 0.0625 0.0625 0.0637 0.0629 0.0624 0.0641 0.0683 0.0635 0.0640 0.0699 0.0666 0.0715 0.0784 0.0821 0.0785 0.0732 0.0652 0.0650 0.0630 0.0630 0.0627 0.0628 0.0632 0.0640 0.0644 0.0699 0.0738 0.0884 0.0971 0.0844 0.0802 0.0729 0.0683 0.0670 0.0649 0.0646 0.0642 0.0635 0.0633 0.0635 0.0632 0.0631 0.0631 0.0631 0.0629 0.0631
0.0625 0.0624 0.0625 0.0625 0.0625 0.0625 0.0624 0.0625 0.0626 0.0626 0.0625 0.0626 0.0624 0.0627 0.0642 0.0646 0.0648 0.0736 0.0855 0.0812 0.0897 0.1268 0.4069 1.0000 0.4439 0.1438 0.0934 0.0844 0.0636 0.0626 0.0625 0.0658 0.0643 0.0624 0.0627 0.0654 0.0633 0.0626 0.0626 0.0626 0.0626 0.0625 0.0626 0.0626 0.0625 0.0626 0.0626 0.0626 0.0626 0.0628 0.0626 0.0627 0.0641 0.0633 0.0626 0.0645 0.0693 0.0641 0.0645 0.0708 0.0683 0.0745 0.0841 0.0898 0.0839 0.0812 0.0675 0.0677 0.0640 0.0635 0.0630 0.0630 0.0633 0.0642 0.0648 0.0707 0.0763 0.0986 0.1198 0.1057 0.0997 0.0838 0.0751 0.0721 0.0675 0.0666 0.0658 0.0642 0.0641 0.0641 0.0637 0.0635 0.0633 0.0632 0.0631 0.0633
0.0624 0.0624 0.0624 0.0624 0.0624 0.0624 0.0625 0.0624 0.0624 0.0625 0.0624 0.0624 0.0623 0.0623 0.0634 0.0630 0.0626 0.0677 0.0762 0.0689 0.0782 0.1160 0.1713 0.4439 1.0000 0.4225 0.1346 0.0959 0.0706 0.0629 0.0627 0.0693 0.0654 0.0623 0.0625 0.0649 0.0629 0.0623 0.0624 0.0624 0.0623 0.0625 0.0624 0.0625 0.0624 0.0625 0.0625 0.0625 0.0624 0.0628 0.0625 0.0624 0.0636 0.0632 0.0626 0.0632 0.0664 0.0630 0.0629 0.0664 0.0644 0.0680 0.0770 0.0855 0.0849 0.0892 0.0710 0.0741 0.0654 0.0639 0.0630 0.0630 0.0631 0.0642 0.0648 0.0790 0.0844 0.1240 0.1269 0.1143 0.0987 0.0820 0.0732 0.0704 0.0668 0.0658 0.0651 0.0639 0.0637 0.0638 0.0636 0.0633 0.0632 0.0631 0.0630 0.0632
0.0624 0.0622 0.0623 0.0624 0.0624 0.0624 0.0624 0.0625 0.0626 0.0624 0.0627 0.0633 0.0626 0.0637 0.0730 0.0692 0.0688 0.0927 0.1089 0.0879 0.1023 0.2146 0.2012 0.1438 0.4225 1.0000 0.3961 0.1504 0.0921 0.0724 0.0677 0.0954 0.0828 0.0638 0.0660 0.0755 0.0671 0.0628 0.0628 0.0623 0.0626 0.0624 0.0625 0.0625 0.0624 0.0628 0.0625 0.0625 0.0629 0.0641 0.0624 0.0626 0.0685 0.0646 0.0625 0.0650 0.0723 0.0642 0.0636 0.0694 0.0644 0.0673 0.0811 0.0838 0.0925 0.0896 0.0755 0.0783 0.0666 0.0648 0.0633 0.0636 0.0640 0.0667 0.0711 0.0922 0.1024 0.1216 0.1359 0.0958 0.0846 0.0729 0.0678 0.0674 0.0653 0.0644 0.0643 0.0635 0.0635 0.0634 0.0634 0.0632 0.0631 0.0630 0.0628 0.0630
0.0625 0.0624 0.0624 0.0624 0.0624 0.0624 0.0626 0.0624 0.0625 0.0625 0.0628 0.0633 0.0624 0.0632 0.0712 0.0655 0.0633 0.0765 0.0881 0.0679 0.0714 0.1110 0.0979 0.0934 0.1346 0.3961 1.0000 0.3944 0.1343 0.0905 0.0811 0.1084 0.0890 0.0656 0.0666 0.0725 0.0654 0.0626 0.0631 0.0625 0.0633 0.0625 0.0630 0.0625 0.0624 0.0648 0.0630 0.0625 0.0645 0.0675 0.0627 0.0627 0.0708 0.0656 0.0626 0.0642 0.0692 0.0632 0.0629 0.0650 0.0629 0.0635 0.0706 0.0747 0.0904 0.1001 0.0927 0.1107 0.0861 0.0774 0.0710 0.0720 0.0730 0.0882 0.0935 0.1508 0.1302 0.1547 0.1103 0.0875 0.0742 0.0680 0.0664 0.0670 0.0665 0.0648 0.0646 0.0638 0.0637 0.0636 0.0636 0.0633 0.0633 0.0633 0.0631 0.0632
0.0624 0.0623 0.0624 0.0624 0.0624 0.0624 0.0627 0.0632 0.0626 0.0633 0.0718 0.0738 0.0662 0.0772 0.1086 0.0876 0.0804 0.1210 0.1472 0.0895 0.0907 0.1556 0.0954 0.0844 0.0959 0.1504 0.3944 1.0000 0.3959 0.1320 0.1132 0.2054 0.1674 0.0948 0.0934 0.1075 0.0891 0.0679 0.0757 0.0647 0.0738 0.0631 0.0642 0.0626 0.0649 0.0756 0.0647 0.0639 0.0808 0.0813 0.0651 0.0696 0.0967 0.0737 0.0647 0.0751 0.0830 0.0656 0.0640 0.0696 0.0633 0.0639 0.0768 0.0747 0.1049 0.0908 0.0972 0.0960 0.0782 0.0720 0.0657 0.0678 0.0725 0.0908 0.1107 0.1383 0.1755 0.1143 0.1107 0.0780 0.0690 0.0651 0.0642 0.0651 0.0648 0.0636 0.0639 0.0632 0.0633 0.0633 0.0633 0.0631 0.0631 0.0630 0.0628 0.0630
0.0626 0.0626 0.0625 0.0625 0.0626 0.0626 0.0627 0.0632 0.0625 0.0626 0.0667 0.0679 0.0627 0.0660 0.0827 0.0685 0.0641 0.0802 0.0863 0.0656 0.0657 0.0859 0.0662 0.0636 0.0706 0.0921 0.1343 0.3959 1.0000 0.4023 0.2089 0.2301 0.1418 0.1068 0.1012 0.0945 0.0800 0.0665 0.0755 0.0676 0.0803 0.0657 0.0677 0.0632 0.0681 0.0851 0.0678 0.0640 0.0796 0.0801 0.0640 0.0650 0.0802 0.0669 0.0626 0.0645 0.0670 0.0628 0.0627 0.0633 0.0626 0.0625 0.0635 0.0633 0.0743 0.0733 0.0861 0.0970 0.0900 0.0861 0.0771 0.0871 0.1003 0.1405 0.1286 0.1473 0.1138 0.0873 0.0763 0.0661 0.0644 0.0641 0.0644 0.0654 0.0661 0.0644 0.0647 0.0640 0.0640 0.0639 0.0639 0.0636 0.0635 0.0634 0.0632 0.0633
0.0626 0.0625 0.0626 0.0629 0.0630 0.0629 0.0653 0.0710 0.0669 0.0689 0.0891 0.0899 0.0715 0.0812 0.1135 0.0825 0.0698 0.0864 0.0886 0.0667 0.0641 0.0740 0.0628 0.0626 0.0629 0.0724 0.0905 0.1320 0.4023 1.0000 0.4193 0.1419 0.1822 0.1464 0.1012 0.0917 0.0926 0.0758 0.1019 0.0883 0.1296 0.0843 0.0861 0.0743 0.0974 0.1461 0.0903 0.0832 0.1294 0.1186 0.0778 0.0835 0.1126 0.0798 0.0668 0.0740 0.0749 0.0641 0.0631 0.0643 0.0626 0.0626 0.0655 0.0642 0.0824 0.0742 0.0976 0.0941 0.0853 0.0799 0.0701 0.0763 0.0905 0.1164 0.1517 0.1156 0.1196 0.0786 0.0731 0.0654 0.0642 0.0637 0.0641 0.0652 0.0655 0.0643 0.0649 0.0638 0.0638 0.0637 0.0641 0.0638 0.0637 0.0637 0.0632 0.0635
0.0627 0.0626 0.0626 0.0626 0.0627 0.0626 0.0632 0.0646 0.0630 0.0635 0.0710 0.0696 0.0632 0.0681 0.0818 0.0662 0.0635 0.0742 0.0723 0.0630 0.0634 0.0688 0.0628 0.0625 0.0627 0.0677 0.0811 0.1132 0.2089 0.4193 1.0000 0.4178 0.1486 0.1789 0.1505 0.1049 0.0922 0.0812 0.0951 0.0909 0.1081 0.0773 0.0773 0.0666 0.0787 0.1011 0.0719 0.0661 0.0854 0.0795 0.0641 0.0645 0.0748 0.0648 0.0627 0.0632 0.0638 0.0627 0.0626 0.0626 0.0626 0.0625 0.0627 0.0624 0.0651 0.0634 0.0715 0.0742 0.0738 0.0757 0.0701 0.0775 0.0925 0.1154 0.1067 0.0912 0.0865 0.0675 0.0663 0.0641 0.0635 0.0633 0.0634 0.0642 0.0646 0.0637 0.0641 0.0636 0.0638 0.0639 0.0641 0.0639 0.0639 0.0637 0.0635 0.0636
0.0627 0.0626 0.0626 0.0626 0.0626 0.0624 0.0631 0.0635 0.0624 0.0636 0.0724 0.0681 0.0635 0.0753 0.0931 0.0714 0.0703 0.0998 0.0940 0.0698 0.0739 0.0956 0.0701 0.0658 0.0693 0.0954 0.1084 0.2054 0.2301 0.1419 0.4178 1.0000 0.4021 0.1443 0.1719 0.1539 0.1054 0.0851 0.0922 0.0765 0.0874 0.0654 0.0652 0.0624 0.0689 0.0829 0.0642 0.0634 0.0816 0.0744 0.0630 0.0650 0.0772 0.0646 0.0627 0.0647 0.0653 0.0627 0.0627 0.0631 0.0624 0.0625 0.0633 0.0628 0.0699 0.0654 0.0765 0.0790 0.0753 0.0776 0.0690 0.0724 0.0828 0.0997 0.1053 0.1005 0.1039 0.0763 0.0747 0.0652 0.0639 0.0633 0.0633 0.0642 0.0642 0.0634 0.0637 0.0633 0.0633 0.0635 0.0636 0.0635 0.0636 0.0635 0.0631 0.0633
0.0627 0.0626 0.0626 0.0632 0.0631 0.0632 0.0682 0.0724 0.0669 0.0752 0.1086 0.0944 0.0796 0.1132 0.1610 0.0970 0.0905 0.1435 0.1217 0.0792 0.0781 0.0964 0.0676 0.0643 0.0654 0.0828 0.0890 0.1674 0.1418 0.1822 0.1486 0.4021 1.0000 0.4033 0.1406 0.1671 0.1637 0.1057 0.1409 0.0978 0.1261 0.0782 0.0731 0.0677 0.0935 0.1172 0.0763 0.0782 0.1256 0.1003 0.0715 0.0827 0.1065 0.0734 0.0653 0.0743 0.0733 0.0634 0.0627 0.0642 0.0623 0.0624 0.0657 0.0643 0.0799 0.0695 0.0858 0.0821 0.0719 0.0715 0.0649 0.0662 0.0727 0.0855 0.1080 0.0957 0.1147 0.0764 0.0749 0.0649 0.0633 0.0630 0.0632 0.0639 0.0639 0.0631 0.0633 0.0630 0.0631 0.0633 0.0635 0.0634 0.0636 0.0635 0.0631 0.0633
0.0628 0.0627 0.0628 0.0633 0.0632 0.0635 0.0677 0.0695 0.0653 0.0711 0.0903 0.0780 0.0690 0.0889 0.1008 0.0722 0.0699 0.0907 0.0769 0.0641 0.0644 0.0686 0.0624 0.0624 0.0623 0.0638 0.0656 0.0948 0.1068 0.1464 0.1789 0.1443 0.4033 1.0000 0.4069 0.1377 0.1544 0.1411 0.1864 0.1543 0.1597 0.0938 0.0821 0.0716 0.0984 0.1156 0.0744 0.0724 0.0984 0.0805 0.0644 0.0672 0.0765 0.0640 0.0625 0.0639 0.0640 0.0627 0.0625 0.0627 0.0624 0.0625 0.0630 0.0626 0.0648 0.0630 0.0671 0.0677 0.0654 0.0677 0.0642 0.0650 0.0689 0.0759 0.0815 0.0719 0.0781 0.0642 0.0650 0.0631 0.0628 0.0628 0.0631 0.0635 0.0635 0.0632 0.0633 0.0632 0.0633 0.0635 0.0636 0.0635 0.0636 0.0636 0.0633 0.0634
0.0629 0.0627 0.0628 0.0629 0.0627 0.0627 0.0642 0.0636 0.0627 0.0648 0.0719 0.0653 0.0636 0.0757 0.0799 0.0653 0.0674 0.0850 0.0711 0.0644 0.0673 0.0708 0.0631 0.0627 0.0625 0.0660 0.0666 0.0934 0.1012 0.1012 0.1505 0.1719 0.1406 0.4069 1.0000 0.4134 0.1364 0.1382 0.1219 0.1037 0.0958 0.0690 0.0651 0.0627 0.0703 0.0763 0.0631 0.0627 0.0721 0.0656 0.0626 0.0628 0.0655 0.0626 0.0626 0.0627 0.0627 0.0626 0.0627 0.0626 0.0625 0.0625 0.0627 0.0625 0.0633 0.0628 0.0649 0.0672 0.0672 0.0709 0.0665 0.0661 0.0693 0.0733 0.0760 0.0689 0.0727 0.0641 0.0652 0.0633 0.0629 0.0627 0.0630 0.0633 0.0633 0.0632 0.0634 0.0632 0.0635 0.0636 0.0635 0.0635 0.0636 0.0636 0.0633 0.0635
0.0632 0.0632 0.0633 0.0637 0.0632 0.0635 0.0672 0.0658 0.0642 0.0705 0.0828 0.0712 0.0711 0.0977 0.1006 0.0785 0.0880 0.1285 0.0932 0.0778 0.0864 0.0915 0.0689 0.0654 0.0649 0.0755 0.0725 0.1075 0.0945 0.0917 0.1049 0.1539 0.1671 0.1377 0.4134 1.0000 0.4103 0.1394 0.1149 0.0833 0.0824 0.0635 0.0626 0.0622 0.0667 0.0712 0.0627 0.0631 0.0750 0.0667 0.0628 0.0649 0.0706 0.0633 0.0627 0.0643 0.0642 0.0628 0.0627 0.0631 0.0626 0.0626 0.0632 0.0632 0.0663 0.0642 0.0685 0.0713 0.0689 0.0720 0.0664 0.0657 0.0680 0.0714 0.0777 0.0711 0.0783 0.0665 0.0685 0.0642 0.0635 0.0632 0.0632 0.0635 0.0635 0.0633 0.0634 0.0632 0.0634 0.0636 0.0636 0.0635 0.0635 0.0636 0.0633 0.0635
0.0637 0.0637 0.0643 0.0661 0.0650 0.0661 0.0762 0.0758 0.0714 0.0882 0.1167 0.0899 0.0891 0.1452 0.1316 0.0917 0.1010 0.1460 0.0953 0.0773 0.0804 0.0810 0.0645 0.0633 0.0629 0.0671 0.0654 0.0891 0.0800 0.0926 0.0922 0.1054 0.1637 0.1544 0.1364 0.4103 1.0000 0.4239 0.1998 0.1063 0.1024 0.0703 0.0656 0.0637 0.0782 0.0830 0.0650 0.0666 0.0882 0.0722 0.0639 0.0683 0.0759 0.0642 0.0627 0.0652 0.0648 0.0628 0.0627 0.0632 0.0626 0.0626 0.0637 0.0633 0.0671 0.0640 0.0677 0.0694 0.0658 0.0675 0.0646 0.0642 0.0659 0.0686 0.0759 0.0686 0.0775 0.0659 0.0677 0.0642 0.0635 0.0633 0.0633 0.0636 0.0636 0.0633 0.0633 0.0632 0.0634 0.0635 0.0636 0.0635 0.0636 0.0636 0.0633 0.0636
0.0640 0.0640 0.0645 0.0661 0.0643 0.0648 0.0728 0.0690 0.0652 0.0763 0.0888 0.0703 0.0704 0.0952 0.0846 0.0679 0.0739 0.0889 0.0689 0.0646 0.0668 0.0660 0.0625 0.0626 0.0623 0.0628 0.0626 0.0679 0.0665 0.0758 0.0812 0.0851 0.1057 0.1411 0.1382 0.1394 0.4239 1.0000 0.4154 0.1300 0.0958 0.0698 0.0636 0.0625 0.0705 0.0730 0.0626 0.0626 0.0705 0.0641 0.0624 0.0628 0.0641 0.0626 0.0624 0.0627 0.0627 0.0626 0.0626 0.0626 0.0625 0.0625 0.0626 0.0626 0.0628 0.0627 0.0633 0.0645 0.0642 0.0655 0.0641 0.0637 0.0648 0.0657 0.0669 0.0636 0.0651 0.0631 0.0638 0.0632 0.0630 0.0630 0.0631 0.0633 0.0634 0.0632 0.0632 0.0631 0.0633 0.0635 0.0635 0.0634 0.0635 0.0636 0.0636 0.0638
0.0648 0.0642 0.0659 0.0705 0.0683 0.0703 0.0905 0.0886 0.0760 0.0989 0.1345 0.0892 0.0829 0.1209 0.1050 0.0758 0.0788 0.0962 0.0740 0.0655 0.0659 0.0664 0.0626 0.0626 0.0624 0.0628 0.0631 0.0757 0.0755 0.1019 0.0951 0.0922 0.1409 0.1864 0.1219 0.1149 0.1998 0.4154 1.0000 0.3988 0.1544 0.0948 0.0769 0.0698 0.1028 0.1040 0.0696 0.0725 0.0994 0.0754 0.0641 0.0689 0.0745 0.0635 0.0627 0.0641 0.0635 0.0627 0.0626 0.0628 0.0625 0.0624 0.0631 0.0627 0.0647 0.0632 0.0656 0.0671 0.0649 0.0663 0.0640 0.0643 0.0665 0.0684 0.0753 0.0666 0.0708 0.0640 0.0646 0.0633 0.0631 0.0630 0.0630 0.0633 0.0633 0.0630 0.0630 0.0629 0.0632 0.0633 0.0635 0.0633 0.0635 0.0636 0.0633 0.0636
0.0652 0.0650 0.0661 0.0701 0.0665 0.0663 0.0804 0.0765 0.0653 0.0742 0.0899 0.0681 0.0645 0.0772 0.0721 0.0629 0.0640 0.0694 0.0632 0.0624 0.0626 0.0626 0.0624 0.0626 0.0624 0.0623 0.0625 0.0647 0.0676 0.0883 0.0909 0.0765 0.0978 0.1543 0.1037 0.0833 0.1063 0.1300 0.3988 1.0000 0.3964 0.1299 0.0932 0.0804 0.1084 0.1049 0.0692 0.0690 0.0830 0.0670 0.0623 0.0633 0.0639 0.0624 0.0624 0.0626 0.0626 0.0626 0.0625 0.0626 0.0625 0.0626 0.0624 0.0625 0.0624 0.0626 0.0629 0.0641 0.0643 0.0669 0.0649 0.0651 0.0669 0.0667 0.0679 0.0633 0.0636 0.0627 0.0629 0.0627 0.0628 0.0627 0.0629 0.0631 0.0631 0.0630 0.0630 0.0630 0.0632 0.0633 0.0634 0.0633 0.0636 0.0637 0.0636 0.0639
0.0664 0.0657 0.0685 0.0794 0.0737 0.0706 0.0965 0.1033 0.0748 0.0840 0.1241 0.0838 0.0691 0.0829 0.0848 0.0655 0.0643 0.0705 0.0655 0.0626 0.0625 0.0632 0.0624 0.0626 0.0623 0.0626 0.0633 0.0738 0.0803 0.1296 0.1081 0.0874 0.1261 0.1597 0.0958 0.0824 0.1024 0.0958 0.1544 0.3964 1.0000 0.3995 0.1301 0.1159 0.2361 0.2167 0.1060 0.1083 0.1426 0.0995 0.0765 0.0809 0.0802 0.0647 0.0627 0.0639 0.0631 0.0627 0.0625 0.0626 0.0625 0.0624 0.0628 0.0625 0.0642 0.0631 0.0655 0.0666 0.0653 0.0673 0.0648 0.0650 0.0677 0.0688 0.0771 0.0659 0.0685 0.0632 0.0635 0.0630 0.0628 0.0627 0.0628 0.0631 0.0631 0.0628 0.0630 0.0628 0.0631 0.0633 0.0635 0.0635 0.0640 0.0641 0.0635 0.0637
0.0686 0.0684 0.0712 0.0831 0.0738 0.0683 0.0854 0.0878 0.0668 0.0684 0.0833 0.0663 0.0626 0.0652 0.0652 0.0623 0.0622 0.0630 0.0625 0.0625 0.0624 0.0623 0.0625 0.0625 0.0625 0.0624 0.0625 0.0631 0.0657 0.0843 0.0773 0.0654 0.0782 0.0938 0.0690 0.0635 0.0703 0.0698 0.0948 0.1299 0.3995 1.0000 0.4063 0.2054 0.2324 0.1516 0.1136 0.1081 0.0975 0.0815 0.0704 0.0669 0.0637 0.0627 0.0624 0.0625 0.0625 0.0626 0.0625 0.0626 0.0626 0.0625 0.0624 0.0625 0.0624 0.0625 0.0626 0.0632 0.0635 0.0652 0.0643 0.0641 0.0652 0.0642 0.0655 0.0626 0.0627 0.0626 0.0627 0.0627 0.0627 0.0627 0.0628 0.0629 0.0630 0.0629 0.0630 0.0631 0.0632 0.0634 0.0637 0.0639 0.0643 0.0642 0.0636 0.0637
0.0653 0.0641 0.0644 0.0697 0.0651 0.0627 0.0679 0.0710 0.0626 0.0629 0.0698 0.0633 0.0623 0.0630 0.0633 0.0624 0.0625 0.0626 0.0626 0.0626 0.0625 0.0624 0.0624 0.0626 0.0624 0.0625 0.0630 0.0642 0.0677 0.0861 0.0773 0.0652 0.0731 0.0821 0.0651 0.0626 0.0656 0.0636 0.0769 0.0932 0.1301 0.4063 1.0000 0.4101 0.1406 0.1854 0.1611 0.1042 0.0936 0.0937 0.0777 0.0661 0.0640 0.0626 0.0626 0.0625 0.0626 0.0626 0.0626 0.0626 0.0624 0.0624 0.0625 0.0626 0.0627 0.0626 0.0631 0.0631 0.0635 0.0651 0.0648 0.0646 0.0658 0.0648 0.0665 0.0630 0.0633 0.0627 0.0628 0.0631 0.0630 0.0630 0.0631 0.0633 0.0635 0.0635 0.0639 0.0640 0.0644 0.0648 0.0656 0.0662 0.0670 0.0664 0.0652 0.0650
0.0703 0.0690 0.0714 0.0853 0.0750 0.0662 0.0783 0.0851 0.0652 0.0643 0.0746 0.0654 0.0624 0.0628 0.0632 0.0624 0.0624 0.0626 0.0624 0.0626 0.0626 0.0624 0.0625 0.0626 0.0625 0.0625 0.0625 0.0626 0.0632 0.0743 0.0666 0.0624 0.0677 0.0716 0.0627 0.0622 0.0637 0.0625 0.0698 0.0804 0.1159 0.2054 0.4101 1.0000 0.4052 0.1412 0.1780 0.1510 0.1009 0.0922 0.0907 0.0762 0.0657 0.0633 0.0623 0.0625 0.0624 0.0625 0.0626 0.0625 0.0626 0.0626 0.0625 0.0626 0.0624 0.0626 0.0627 0.0627 0.0629 0.0641 0.0635 0.0633 0.0640 0.0633 0.0643 0.0625 0.0627 0.0626 0.0627 0.0627 0.0627 0.0627 0.0627 0.0630 0.0631 0.0630 0.0632 0.0632 0.0635 0.0637 0.0642 0.0646 0.0652 0.0649 0.0641 0.0641
0.0728 0.0723 0.0777 0.1041 0.0927 0.0794 0.1110 0.1361 0.0840 0.0829 0.1179 0.0887 0.0672 0.0720 0.0769 0.0636 0.0626 0.0637 0.0631 0.0626 0.0626 0.0626 0.0626 0.0625 0.0624 0.0624 0.0624 0.0649 0.0681 0.0974 0.0787 0.0689 0.0935 0.0984 0.0703 0.0667 0.0782 0.0705 0.1028 0.1084 0.2361 0.2324 0.1406 0.4052 1.0000 0.4022 0.1418 0.1790 0.1575 0.1041 0.0921 0.0939 0.0796 0.0668 0.0635 0.0628 0.0626 0.0626 0.0625 0.0626 0.0626 0.0626 0.0626 0.0625 0.0630 0.0627 0.0646 0.0642 0.0642 0.0658 0.0640 0.0641 0.0659 0.0654 0.0719 0.0635 0.0658 0.0626 0.0632 0.0629 0.0627 0.0627 0.0628 0.0631 0.0631 0.0629 0.0631 0.0631 0.0634 0.0636 0.0642 0.0645 0.0651 0.0648 0.0638 0.0638
0.0651 0.0641 0.0649 0.0734 0.0690 0.0642 0.0774 0.0935 0.0681 0.0697 0.1022 0.0821 0.0649 0.0719 0.0820 0.0651 0.0630 0.0660 0.0652 0.0626 0.0625 0.0629 0.0626 0.0626 0.0625 0.0628 0.0648 0.0756 0.0851 0.1461 0.1011 0.0829 0.1172 0.1156 0.0763 0.0712 0.0830 0.0730 0.1040 0.1049 0.2167 0.1516 0.1854 0.1412 0.4022 1.0000 0.4050 0.1398 0.1830 0.1620 0.1040 0.0932 0.0953 0.0794 0.0666 0.0642 0.0631 0.0627 0.0626 0.0627 0.0624 0.0626 0.0627 0.0627 0.0655 0.0635 0.0721 0.0689 0.0681 0.0698 0.0663 0.0670 0.0710 0.0729 0.0882 0.0696 0.0754 0.0646 0.0649 0.0637 0.0633 0.0632 0.0634 0.0639 0.0639 0.0635 0.0640 0.0639 0.0647 0.0653 0.0667 0.0675 0.0688 0.0683 0.0660 0.0655
0.0663 0.0646 0.0650 0.0740 0.0689 0.0631 0.0701 0.0858 0.0648 0.0633 0.0795 0.0729 0.0627 0.0634 0.0685 0.0627 0.0625 0.0627 0.0626 0.0624 0.0626 0.0625 0.0627 0.0626 0.0625 0.0625 0.0630 0.0647 0.0678 0.0903 0.0719 0.0642 0.0763 0.0744 0.0631 0.0627 0.0650 0.0626 0.0696 0.0692 0.1060 0.1136 0.1611 0.1780 0.1418 0.4050 1.0000 0.4065 0.1406 0.1781 0.1565 0.1030 0.0922 0.0926 0.0777 0.0662 0.0636 0.0626 0.0625 0.0626 0.0625 0.0626 0.0626 0.0626 0.0636 0.0628 0.0685 0.0659 0.0666 0.0684 0.0660 0.0660 0.0679 0.0676 0.0743 0.0644 0.0672 0.0632 0.0636 0.0633 0.0632 0.0632 0.0635 0.0641 0.0642 0.0639 0.0644 0.0646 0.0656 0.0663 0.0681 0.0693 0.0712 0.0697 0.0671 0.0665
0.0741 0.0724 0.0759 0.1027 0.0950 0.0769 0.0974 0.1402 0.0865 0.0770 0.1072 0.0994 0.0679 0.0683 0.0794 0.0661 0.0626 0.0631 0.0635 0.0624 0.0625 0.0626 0.0626 0.0626 0.0625 0.0625 0.0625 0.0639 0.0640 0.0832 0.0661 0.0634 0.0782 0.0724 0.0627 0.0631 0.0666 0.0626 0.0725 0.0690 0.1083 0.1081 0.1042 0.1510 0.1790 0.1398 0.4065 1.0000 0.4039 0.1441 0.1826 0.1576 0.1038 0.0927 0.0916 0.0779 0.0663 0.0635 0.0623 0.0625 0.0626 0.0625 0.0624 0.0624 0.0639 0.0624 0.0670 0.0641 0.0637 0.0648 0.0633 0.0633 0.0639 0.0640 0.0712 0.0631 0.0679 0.0628 0.0635 0.0630 0.0630 0.0630 0.0632 0.0635 0.0636 0.0633 0.0635 0.0635 0.0641 0.0644 0.0653 0.0658 0.0669 0.0666 0.0652 0.0650
0.0668 0.0655 0.0679 0.0837 0.0826 0.0743 0.0972 0.1485 0.0950 0.0927 0.1708 0.1480 0.0878 0.0957 0.1297 0.0881 0.0698 0.0765 0.0782 0.0641 0.0626 0.0640 0.0626 0.0626 0.0624 0.0629 0.0645 0.0808 0.0796 0.1294 0.0854 0.0816 0.1256 0.0984 0.0721 0.0750 0.0882 0.0705 0.0994 0.0830 0.1426 0.0975 0.0936 0.1009 0.1575 0.1830 0.1406 0.4039 1.0000 0.4275 0.1414 0.1806 0.1651 0.1054 0.0923 0.0941 0.0806 0.0665 0.0633 0.0632 0.0625 0.0623 0.0648 0.0631 0.0759 0.0657 0.0821 0.0724 0.0677 0.0674 0.0639 0.0642 0.0671 0.0712 0.0958 0.0744 0.0913 0.0679 0.0681 0.0639 0.0632 0.0630 0.0631 0.0634 0.0634 0.0631 0.0633 0.0631 0.0635 0.0637 0.0646 0.0651 0.0662 0.0659 0.0643 0.0643
0.0638 0.0632 0.0632 0.0671 0.0655 0.0630 0.0685 0.0886 0.0680 0.0668 0.0970 0.0949 0.0671 0.0736 0.1000 0.0756 0.0643 0.0705 0.0765 0.0639 0.0626 0.0643 0.0627 0.0628 0.0628 0.0641 0.0675 0.0813 0.0801 0.1186 0.0795 0.0744 0.1003 0.0805 0.0656 0.0667 0.0722 0.0641 0.0754 0.0670 0.0995 0.0815 0.0937 0.0922 0.1041 0.1620 0.1781 0.1441 0.4275 1.0000 0.4229 0.1484 0.1907 0.1656 0.1066 0.0949 0.0957 0.0796 0.0664 0.0644 0.0624 0.0626 0.0666 0.0647 0.0842 0.0715 0.0978 0.0804 0.0743 0.0721 0.0662 0.0663 0.0701 0.0749 0.1026 0.0792 0.0983 0.0715 0.0722 0.0655 0.0642 0.0637 0.0641 0.0648 0.0646 0.0640 0.0643 0.0642 0.0650 0.0657 0.0675 0.0683 0.0701 0.0694 0.0665 0.0661
0.0661 0.0644 0.0644 0.0713 0.0703 0.0635 0.0681 0.0907 0.0701 0.0641 0.0835 0.0915 0.0645 0.0644 0.0813 0.0706 0.0626 0.0632 0.0674 0.0627 0.0623 0.0625 0.0625 0.0626 0.0625 0.0624 0.0627 0.0651 0.0640 0.0778 0.0641 0.0630 0.0715 0.0644 0.0626 0.0628 0.0639 0.0624 0.0641 0.0623 0.0765 0.0704 0.0777 0.0907 0.0921 0.1040 0.1565 0.1826 0.1414 0.4229 1.0000 0.4096 0.1403 0.1795 0.1590 0.1032 0.0918 0.0912 0.0765 0.0664 0.0626 0.0623 0.0644 0.0627 0.0725 0.0644 0.0766 0.0677 0.0663 0.0662 0.0636 0.0635 0.0642 0.0648 0.0742 0.0652 0.0762 0.0645 0.0667 0.0641 0.0641 0.0640 0.0645 0.0653 0.0652 0.0648 0.0652 0.0650 0.0661 0.0668 0.0686 0.0692 0.0710 0.0702 0.0674 0.0670
0.0677 0.0661 0.0675 0.0808 0.0844 0.0740 0.0869 0.1371 0.1024 0.0857 0.1257 0.1685 0.0912 0.0859 0.1201 0.1019 0.0706 0.0722 0.0827 0.0662 0.0626 0.0637 0.0625 0.0627 0.0624 0.0626 0.0627 0.0696 0.0650 0.0835 0.0645 0.0650 0.0827 0.0672 0.0628 0.0649 0.0683 0.0628 0.0689 0.0633 0.0809 0.0669 0.0661 0.0762 0.0939 0.0932 0.1030 0.1576 0.1806 0.1484 0.4096 1.0000 0.4074 0.1424 0.1766 0.1599 0.1039 0.0912 0.0897 0.0791 0.0642 0.0626 0.0703 0.0638 0.0816 0.0650 0.0784 0.0667 0.0642 0.0641 0.0628 0.0628 0.0633 0.0641 0.0776 0.0671 0.0855 0.0658 0.0689 0.0642 0.0638 0.0636 0.0638 0.0645 0.0643 0.0638 0.0641 0.0637 0.0643 0.0647 0.0658 0.0660 0.0671 0.0668 0.0652 0.0653
0.0633 0.0627 0.0627 0.0652 0.0656 0.0633 0.0696 0.0917 0.0767 0.0755 0.1155 0.1406 0.0881 0.0952 0.1630 0.1234 0.0828 0.0950 0.1220 0.0809 0.0679 0.0759 0.0637 0.0641 0.0636 0.0685 0.0708 0.0967 0.0802 0.1126 0.0748 0.0772 0.1065 0.0765 0.0655 0.0706 0.0759 0.0641 0.0745 0.0639 0.0802 0.0637 0.0640 0.0657 0.0796 0.0953 0.0922 0.1038 0.1651 0.1907 0.1403 0.4074 1.0000 0.4171 0.1414 0.1806 0.1629 0.1041 0.0909 0.0919 0.0704 0.0673 0.0913 0.0780 0.1256 0.0865 0.1167 0.0838 0.0714 0.0671 0.0634 0.0634 0.0657 0.0718 0.1046 0.0890 0.1354 0.0842 0.0882 0.0698 0.0659 0.0640 0.0641 0.0652 0.0643 0.0636 0.0639 0.0635 0.0640 0.0644 0.0654 0.0655 0.0664 0.0661 0.0645 0.0646
0.0631 0.0627 0.0627 0.0633 0.0631 0.0626 0.0632 0.0709 0.0642 0.0628 0.0741 0.0863 0.0649 0.0661 0.0903 0.0822 0.0644 0.0688 0.0857 0.0680 0.0631 0.0666 0.0629 0.0633 0.0632 0.0646 0.0656 0.0737 0.0669 0.0798 0.0648 0.0646 0.0734 0.0640 0.0626 0.0633 0.0642 0.0626 0.0635 0.0624 0.0647 0.0627 0.0626 0.0633 0.0668 0.0794 0.0926 0.0927 0.1054 0.1656 0.1795 0.1424 0.4171 1.0000 0.4186 0.1429 0.1801 0.1609 0.1048 0.0919 0.0750 0.0675 0.0865 0.0740 0.1093 0.0793 0.1036 0.0758 0.0690 0.0662 0.0635 0.0635 0.0643 0.0663 0.0817 0.0741 0.1006 0.0754 0.0835 0.0703 0.0679 0.0658 0.0663 0.0681 0.0667 0.0654 0.0659 0.0652 0.0663 0.0668 0.0685 0.0687 0.0698 0.0693 0.0669 0.0668
0.0647 0.0639 0.0637 0.0657 0.0662 0.0633 0.0651 0.0781 0.0711 0.0639 0.0745 0.0963 0.0695 0.0653 0.0860 0.0864 0.0647 0.0654 0.0798 0.0671 0.0623 0.0636 0.0624 0.0626 0.0626 0.0625 0.0626 0.0647 0.0626 0.0668 0.0627 0.0627 0.0653 0.0625 0.0626 0.0627 0.0627 0.0624 0.0627 0.0624 0.0627 0.0624 0.0626 0.0623 0.0635 0.0666 0.0777 0.0916 0.0923 0.1066 0.1590 0.1766 0.1414 0.4186 1.0000 0.4109 0.1412 0.1745 0.1527 0.1044 0.0778 0.0672 0.0826 0.0664 0.0873 0.0662 0.0763 0.0654 0.0638 0.0634 0.0628 0.0628 0.0628 0.0630 0.0678 0.0642 0.0787 0.0654 0.0721 0.0657 0.0657 0.0650 0.0653 0.0669 0.0659 0.0651 0.0658 0.0652 0.0662 0.0668 0.0678 0.0680 0.0690 0.0687 0.0670 0.0669
0.0641 0.0634 0.0636 0.0658 0.0667 0.0641 0.0675 0.0855 0.0788 0.0719 0.0934 0.1352 0.0923 0.0849 0.1324 0.1437 0.0864 0.0878 0.1228 0.0903 0.0697 0.0748 0.0641 0.0645 0.0632 0.0650 0.0642 0.0751 0.0645 0.0740 0.0632 0.0647 0.0743 0.0639 0.0627 0.0643 0.0652 0.0627 0.0641 0.0626 0.0639 0.0625 0.0625 0.0625 0.0628 0.0642 0.0662 0.0779 0.0941 0.0949 0.1032 0.1599 0.1806 0.1429 0.4109 1.0000 0.4070 0.1411 0.1693 0.1586 0.0955 0.0846 0.1214 0.0840 0.1214 0.0795 0.0897 0.0696 0.0645 0.0635 0.0627 0.0627 0.0631 0.0642 0.0762 0.0711 0.1000 0.0740 0.0851 0.0696 0.0676 0.0654 0.0653 0.0673 0.0655 0.0645 0.0653 0.0641 0.0646 0.0650 0.0656 0.0654 0.0661 0.0661 0.0649 0.0652
0.0628 0.0625 0.0625 0.0627 0.0626 0.0623 0.0627 0.0660 0.0636 0.0630 0.0710 0.0860 0.0690 0.0702 0.1020 0.1055 0.0752 0.0839 0.1281 0.0932 0.0737 0.0851 0.0683 0.0693 0.0664 0.0723 0.0692 0.0830 0.0670 0.0749 0.0638 0.0653 0.0733 0.0640 0.0627 0.0642 0.0648 0.0627 0.0635 0.0626 0.0631 0.0625 0.0626 0.0624 0.0626 0.0631 0.0636 0.0663 0.0806 0.0957 0.0918 0.1039 0.1629 0.1801 0.1412 0.4070 1.0000 0.4085 0.1371 0.1587 0.1186 0.1014 0.1618 0.1086 0.1791 0.0997 0.1134 0.0767 0.0668 0.0640 0.0628 0.0628 0.0634 0.0660 0.0812 0.0788 0.1181 0.0874 0.1099 0.0809 0.0754 0.0694 0.0680 0.0712 0.0676 0.0659 0.0664 0.0645 0.0647 0.0649 0.0654 0.0653 0.0660 0.0660 0.0646 0.0649
0.0630 0.0627 0.0627 0.0628 0.0626 0.0623 0.0625 0.0635 0.0627 0.0625 0.0636 0.0702 0.0633 0.0628 0.0721 0.0765 0.0635 0.0649 0.0819 0.0708 0.0635 0.0667 0.0635 0.0641 0.0630 0.0642 0.0632 0.0656 0.0628 0.0641 0.0627 0.0627 0.0634 0.0627 0.0626 0.0628 0.0628 0.0626 0.0627 0.0626 0.0627 0.0626 0.0626 0.0625 0.0626 0.0627 0.0626 0.0635 0.0665 0.0796 0.0912 0.0912 0.1041 0.1609 0.1745 0.1411 0.4085 1.0000 0.4123 0.1371 0.1135 0.0872 0.1063 0.0788 0.1014 0.0732 0.0794 0.0659 0.0636 0.0631 0.0627 0.0628 0.0628 0.0633 0.0660 0.0654 0.0789 0.0685 0.0816 0.0703 0.0701 0.0681 0.0676 0.0705 0.0681 0.0672 0.0680 0.0663 0.0667 0.0670 0.0676 0.0677 0.0686 0.0683 0.0668 0.0667
0.0636 0.0631 0.0632 0.0636 0.0635 0.0628 0.0631 0.0655 0.0650 0.0628 0.0648 0.0757 0.0675 0.0636 0.0734 0.0837 0.0663 0.0659 0.0834 0.0750 0.0647 0.0663 0.0640 0.0645 0.0629 0.0636 0.0629 0.0640 0.0627 0.0631 0.0626 0.0627 0.0627 0.0625 0.0627 0.0627 0.0627 0.0626 0.0626 0.0625 0.0625 0.0625 0.0626 0.0626 0.0625 0.0626 0.0625 0.0623 0.0633 0.0664 0.0765 0.0897 0.0909 0.1048 0.1527 0.1693 0.1371 0.4123 1.0000 0.4154 0.1264 0.0972 0.1137 0.0775 0.0908 0.0681 0.0697 0.0635 0.0627 0.0627 0.0626 0.0627 0.0627 0.0629 0.0641 0.0637 0.0716 0.0652 0.0762 0.0686 0.0699 0.0685 0.0686 0.0719 0.0689 0.0683 0.0693 0.0671 0.0673 0.0673 0.0675 0.0673 0.0677 0.0675 0.0665 0.0664
