1.0000 0.4053 0.1409 0.1032 0.0857 0.0708 0.0667 0.0639 0.0632 0.0627 0.0626 0.0626 0.0626 0.0626 0.0625 0.0627 0.0628 0.0642 0.0644 0.0700 0.0720 0.0783 0.0784 0.0741 0.0702 0.0689 0.0659 0.0648 0.0644 0.0640 0.0640 0.0639 0.0634 0.0632 0.0633 0.0633 0.0630 0.0629 0.0628 0.0628 0.0627 0.0628 0.0629 0.0632 0.0631 0.0631 0.0632 0.0635 0.0632 0.0632 0.0635 0.0633 0.0633 0.0633 0.0636 0.0635 0.0635 0.0636 0.0636 0.0633 0.0633 0.0635 0.0633 0.0634 0.0634 0.0633 0.0633 0.0631 0.0632 0.0630 0.0630 0.0629 0.0629 0.0629 0.0630 0.0631 0.0632 0.0631 0.0632 0.0633 0.0636 0.0635 0.0642 0.0642 0.0635 0.0637 0.0642 0.0636 0.0634 0.0637 0.0636 0.0633 0.0633 0.0635 0.0631 0.0631 0.0633 0.0633 0.0634 0.0632 0.0632 0.0632 0.0632 0.0635 0.0635 0.0635 0.0637 0.0641 0.0641 0.0637 0.0642 0.0646 0.0649 0.0642 0.0649 0.0653 0.0650 0.0648 0.0652 0.0649 0.0648 0.0645 0.0642 0.0640 0.0640 0.0637 0.0637 0.0636 0.0634 0.0636 0.0636 0.0644 0.0652 0.0673 0.0675 0.0657 0.0651 0.0646 0.0643 0.0643 0.0635 0.0636 0.0633 0.0634 0.0631 0.0632 0.0631 0.0633 0.0631 0.0630 0.0632 0.0631 0.0632 0.0632 0.0631 0.0632 0.0633 0.0634 0.0641 0.0648 0.0660 0.0668 0.0670
0.4053 1.0000 0.4155 0.1398 0.1071 0.0797 0.0692 0.0640 0.0633 0.0627 0.0627 0.0627 0.0627 0.0627 0.0626 0.0627 0.0630 0.0650 0.0659 0.0789 0.0811 0.0901 0.0877 0.0798 0.0749 0.0714 0.0677 0.0652 0.0649 0.0641 0.0644 0.0644 0.0636 0.0634 0.0636 0.0636 0.0633 0.0631 0.0630 0.0631 0.0629 0.0630 0.0630 0.0633 0.0631 0.0632 0.0635 0.0637 0.0633 0.0635 0.0638 0.0635 0.0635 0.0636 0.0641 0.0637 0.0637 0.0639 0.0638 0.0635 0.0635 0.0638 0.0634 0.0636 0.0636 0.0634 0.0634 0.0633 0.0633 0.0631 0.0631 0.0631 0.0630 0.0630 0.0632 0.0631 0.0633 0.0633 0.0633 0.0635 0.0640 0.0639 0.0649 0.0650 0.0640 0.0641 0.0649 0.0641 0.0636 0.0642 0.0642 0.0635 0.0635 0.0639 0.0633 0.0632 0.0635 0.0637 0.0636 0.0635 0.0633 0.0633 0.0633 0.0639 0.0637 0.0639 0.0642 0.0645 0.0648 0.0645 0.0652 0.0656 0.0661 0.0652 0.0659 0.0663 0.0664 0.0659 0.0660 0.0655 0.0656 0.0649 0.0645 0.0642 0.0645 0.0642 0.0642 0.0640 0.0637 0.0640 0.0641 0.0660 0.0670 0.0705 0.0702 0.0670 0.0663 0.0655 0.0653 0.0651 0.0641 0.0640 0.0635 0.0636 0.0633 0.0634 0.0633 0.0634 0.0631 0.0631 0.0633 0.0633 0.0635 0.0635 0.0634 0.0635 0.0637 0.0641 0.0650 0.0661 0.0676 0.0686 0.0680
0.1409 0.4155 1.0000 0.4044 0.1397 0.0955 0.0769 0.0644 0.0633 0.0627 0.0627 0.0627 0.0626 0.0627 0.0626 0.0627 0.0630 0.0672 0.0700 0.0900 0.0945 0.1025 0.0965 0.0860 0.0816 0.0762 0.0707 0.0661 0.0652 0.0640 0.0648 0.0653 0.0637 0.0635 0.0640 0.0640 0.0634 0.0631 0.0630 0.0631 0.0630 0.0630 0.0630 0.0633 0.0631 0.0632 0.0637 0.0639 0.0634 0.0635 0.0641 0.0636 0.0636 0.0640 0.0643 0.0638 0.0640 0.0641 0.0641 0.0639 0.0639 0.0642 0.0636 0.0636 0.0639 0.0636 0.0636 0.0634 0.0634 0.0632 0.0632 0.0632 0.0631 0.0631 0.0633 0.0631 0.0633 0.0633 0.0633 0.0634 0.0637 0.0636 0.0644 0.0647 0.0637 0.0637 0.0648 0.0640 0.0634 0.0642 0.0643 0.0634 0.0635 0.0640 0.0635 0.0632 0.0636 0.0640 0.0637 0.0636 0.0635 0.0635 0.0635 0.0641 0.0639 0.0641 0.0646 0.0648 0.0652 0.0653 0.0664 0.0662 0.0671 0.0667 0.0671 0.0670 0.0677 0.0671 0.0667 0.0661 0.0661 0.0650 0.0646 0.0642 0.0647 0.0645 0.0645 0.0644 0.0641 0.0648 0.0650 0.0680 0.0697 0.0732 0.0720 0.0674 0.0673 0.0666 0.0667 0.0667 0.0653 0.0650 0.0639 0.0639 0.0635 0.0635 0.0634 0.0635 0.0632 0.0632 0.0633 0.0633 0.0635 0.0635 0.0636 0.0639 0.0644 0.0650 0.0667 0.0681 0.0702 0.0704 0.0688
0.1032 0.1398 0.4044 1.0000 0.3979 0.1419 0.0967 0.0730 0.0671 0.0629 0.0626 0.0627 0.0626 0.0627 0.0626 0.0632 0.0657 0.0842 0.0908 0.1393 0.1243 0.1215 0.1053 0.0917 0.0969 0.0837 0.0816 0.0685 0.0681 0.0651 0.0677 0.0703 0.0657 0.0649 0.0663 0.0661 0.0642 0.0636 0.0632 0.0635 0.0631 0.0632 0.0631 0.0637 0.0631 0.0633 0.0644 0.0642 0.0635 0.0641 0.0648 0.0636 0.0637 0.0646 0.0643 0.0636 0.0641 0.0644 0.0642 0.0637 0.0641 0.0647 0.0637 0.0639 0.0644 0.0637 0.0637 0.0633 0.0634 0.0631 0.0633 0.0634 0.0631 0.0632 0.0635 0.0631 0.0633 0.0636 0.0633 0.0633 0.0637 0.0639 0.0644 0.0650 0.0641 0.0638 0.0652 0.0648 0.0637 0.0644 0.0653 0.0637 0.0635 0.0645 0.0642 0.0633 0.0637 0.0648 0.0641 0.0643 0.0635 0.0637 0.0635 0.0641 0.0638 0.0646 0.0658 0.0654 0.0666 0.0683 0.0695 0.0680 0.0707 0.0718 0.0703 0.0688 0.0712 0.0701 0.0676 0.0665 0.0674 0.0652 0.0650 0.0643 0.0651 0.0654 0.0654 0.0663 0.0652 0.0688 0.0683 0.0769 0.0734 0.0762 0.0699 0.0668 0.0683 0.0674 0.0698 0.0685 0.0687 0.0667 0.0661 0.0649 0.0645 0.0637 0.0637 0.0636 0.0632 0.0630 0.0633 0.0633 0.0641 0.0641 0.0648 0.0653 0.0663 0.0686 0.0699 0.0728 0.0718 0.0728 0.0678
0.0857 0.1071 0.1397 0.3979 1.0000 0.3913 0.1503 0.0913 0.0770 0.0633 0.0626 0.0627 0.0626 0.0626 0.0627 0.0645 0.0685 0.0913 0.1031 0.1277 0.1526 0.1155 0.0992 0.0878 0.0865 0.0818 0.0755 0.0660 0.0662 0.0634 0.0643 0.0659 0.0635 0.0632 0.0636 0.0639 0.0631 0.0628 0.0628 0.0628 0.0627 0.0627 0.0627 0.0632 0.0628 0.0627 0.0633 0.0634 0.0629 0.0631 0.0634 0.0630 0.0630 0.0632 0.0635 0.0631 0.0632 0.0635 0.0636 0.0632 0.0633 0.0636 0.0632 0.0633 0.0634 0.0632 0.0632 0.0630 0.0630 0.0629 0.0629 0.0631 0.0630 0.0628 0.0630 0.0629 0.0630 0.0629 0.0629 0.0629 0.0631 0.0631 0.0635 0.0635 0.0631 0.0630 0.0637 0.0633 0.0630 0.0633 0.0634 0.0629 0.0629 0.0633 0.0630 0.0630 0.0633 0.0636 0.0634 0.0633 0.0631 0.0632 0.0631 0.0633 0.0632 0.0633 0.0637 0.0636 0.0640 0.0645 0.0650 0.0644 0.0661 0.0663 0.0654 0.0651 0.0666 0.0657 0.0649 0.0646 0.0650 0.0641 0.0640 0.0636 0.0642 0.0642 0.0645 0.0645 0.0647 0.0677 0.0692 0.0724 0.0788 0.0714 0.0686 0.0660 0.0668 0.0671 0.0674 0.0683 0.0670 0.0667 0.0651 0.0646 0.0635 0.0635 0.0632 0.0634 0.0631 0.0630 0.0631 0.0631 0.0636 0.0635 0.0637 0.0645 0.0657 0.0670 0.0695 0.0706 0.0704 0.0686 0.0661
0.0708 0.0797 0.0955 0.1419 0.3913 1.0000 0.3907 0.1335 0.1013 0.0730 0.0655 0.0633 0.0626 0.0632 0.0645 0.0816 0.0918 0.1555 0.1392 0.1594 0.1260 0.0913 0.0812 0.0785 0.0891 0.0878 0.0905 0.0735 0.0772 0.0668 0.0696 0.0745 0.0670 0.0650 0.0667 0.0670 0.0642 0.0635 0.0632 0.0635 0.0631 0.0632 0.0632 0.0638 0.0631 0.0631 0.0642 0.0637 0.0631 0.0636 0.0641 0.0632 0.0631 0.0636 0.0634 0.0631 0.0634 0.0635 0.0637 0.0633 0.0635 0.0640 0.0633 0.0637 0.0640 0.0635 0.0634 0.0631 0.0632 0.0630 0.0631 0.0633 0.0630 0.0630 0.0633 0.0630 0.0631 0.0632 0.0630 0.0629 0.0630 0.0631 0.0633 0.0636 0.0633 0.0631 0.0637 0.0636 0.0631 0.0633 0.0640 0.0632 0.0630 0.0637 0.0636 0.0631 0.0636 0.0645 0.0639 0.0642 0.0634 0.0635 0.0632 0.0635 0.0633 0.0637 0.0645 0.0641 0.0647 0.0663 0.0664 0.0652 0.0679 0.0697 0.0670 0.0659 0.0685 0.0671 0.0651 0.0647 0.0655 0.0640 0.0639 0.0635 0.0644 0.0653 0.0655 0.0688 0.0683 0.0779 0.0734 0.0771 0.0707 0.0672 0.0646 0.0635 0.0648 0.0654 0.0677 0.0684 0.0705 0.0690 0.0697 0.0668 0.0653 0.0641 0.0635 0.0636 0.0631 0.0629 0.0632 0.0636 0.0644 0.0648 0.0661 0.0673 0.0694 0.0725 0.0732 0.0737 0.0696 0.0684 0.0650
0.0667 0.0692 0.0769 0.0967 0.1503 0.3907 1.0000 0.3936 0.1462 0.0931 0.0752 0.0643 0.0630 0.0652 0.0685 0.0911 0.1035 0.1317 0.1728 0.1162 0.1285 0.0832 0.0760 0.0766 0.0806 0.0889 0.0808 0.0711 0.0731 0.0645 0.0652 0.0686 0.0646 0.0632 0.0639 0.0644 0.0633 0.0630 0.0628 0.0628 0.0628 0.0628 0.0628 0.0632 0.0627 0.0627 0.0630 0.0628 0.0627 0.0629 0.0631 0.0627 0.0627 0.0628 0.0627 0.0627 0.0629 0.0629 0.0629 0.0628 0.0628 0.0631 0.0628 0.0631 0.0632 0.0630 0.0629 0.0628 0.0630 0.0628 0.0628 0.0630 0.0627 0.0627 0.0627 0.0627 0.0627 0.0627 0.0627 0.0627 0.0627 0.0627 0.0628 0.0629 0.0628 0.0627 0.0631 0.0630 0.0628 0.0629 0.0631 0.0628 0.0628 0.0631 0.0630 0.0628 0.0631 0.0635 0.0633 0.0632 0.0631 0.0630 0.0628 0.0630 0.0630 0.0631 0.0633 0.0631 0.0632 0.0635 0.0635 0.0633 0.0642 0.0648 0.0639 0.0636 0.0648 0.0642 0.0636 0.0636 0.0640 0.0633 0.0633 0.0633 0.0639 0.0642 0.0652 0.0674 0.0688 0.0733 0.0791 0.0702 0.0708 0.0654 0.0639 0.0635 0.0645 0.0656 0.0662 0.0688 0.0680 0.0699 0.0685 0.0679 0.0649 0.0648 0.0633 0.0639 0.0631 0.0631 0.0634 0.0636 0.0645 0.0652 0.0655 0.0676 0.0688 0.0701 0.0716 0.0697 0.0668 0.0656 0.0640
0.0639 0.0640 0.0644 0.0730 0.0913 0.1335 0.3936 1.0000 0.3893 0.1361 0.0974 0.0747 0.0680 0.0829 0.0904 0.1578 0.1335 0.1575 0.1240 0.0870 0.0820 0.0649 0.0642 0.0656 0.0697 0.0794 0.0792 0.0758 0.0826 0.0681 0.0679 0.0725 0.0670 0.0637 0.0642 0.0653 0.0637 0.0631 0.0630 0.0630 0.0628 0.0628 0.0628 0.0632 0.0628 0.0628 0.0631 0.0628 0.0627 0.0628 0.0630 0.0627 0.0628 0.0628 0.0628 0.0628 0.0629 0.0628 0.0630 0.0628 0.0630 0.0632 0.0630 0.0632 0.0632 0.0631 0.0630 0.0628 0.0630 0.0628 0.0627 0.0630 0.0628 0.0627 0.0627 0.0627 0.0627 0.0627 0.0627 0.0627 0.0627 0.0627 0.0628 0.0628 0.0628 0.0627 0.0630 0.0630 0.0627 0.0628 0.0630 0.0628 0.0628 0.0631 0.0630 0.0629 0.0632 0.0636 0.0633 0.0633 0.0631 0.0631 0.0629 0.0632 0.0630 0.0630 0.0633 0.0632 0.0632 0.0633 0.0634 0.0632 0.0636 0.0642 0.0635 0.0632 0.0641 0.0639 0.0633 0.0632 0.0636 0.0632 0.0633 0.0632 0.0638 0.0652 0.0664 0.0729 0.0720 0.0753 0.0712 0.0662 0.0650 0.0632 0.0630 0.0628 0.0630 0.0635 0.0641 0.0661 0.0668 0.0689 0.0694 0.0685 0.0661 0.0657 0.0635 0.0644 0.0632 0.0632 0.0637 0.0641 0.0651 0.0666 0.0663 0.0688 0.0693 0.0689 0.0688 0.0666 0.0649 0.0643 0.0633
0.0632 0.0633 0.0633 0.0671 0.0770 0.1013 0.1462 0.3893 1.0000 0.3935 0.1393 0.0987 0.0829 0.0978 0.1021 0.1357 0.1875 0.1261 0.1689 0.0913 0.0893 0.0675 0.0661 0.0694 0.0765 0.0959 0.0904 0.0893 0.0944 0.0750 0.0756 0.0857 0.0758 0.0681 0.0697 0.0717 0.0666 0.0645 0.0639 0.0642 0.0632 0.0632 0.0629 0.0633 0.0627 0.0628 0.0634 0.0628 0.0627 0.0630 0.0632 0.0627 0.0627 0.0630 0.0627 0.0627 0.0628 0.0627 0.0628 0.0627 0.0628 0.0630 0.0628 0.0631 0.0632 0.0630 0.0629 0.0628 0.0628 0.0627 0.0627 0.0628 0.0627 0.0627 0.0628 0.0627 0.0627 0.0628 0.0627 0.0627 0.0627 0.0628 0.0628 0.0629 0.0628 0.0627 0.0630 0.0631 0.0628 0.0628 0.0634 0.0630 0.0629 0.0634 0.0636 0.0630 0.0634 0.0643 0.0640 0.0641 0.0634 0.0634 0.0631 0.0633 0.0631 0.0633 0.0637 0.0634 0.0635 0.0643 0.0641 0.0634 0.0644 0.0658 0.0642 0.0636 0.0653 0.0650 0.0635 0.0633 0.0641 0.0632 0.0633 0.0633 0.0643 0.0663 0.0686 0.0745 0.0789 0.0742 0.0734 0.0665 0.0649 0.0635 0.0632 0.0630 0.0633 0.0636 0.0652 0.0683 0.0697 0.0746 0.0751 0.0759 0.0721 0.0702 0.0658 0.0670 0.0639 0.0639 0.0654 0.0671 0.0698 0.0745 0.0734 0.0770 0.0750 0.0738 0.0705 0.0677 0.0652 0.0647 0.0635
0.0627 0.0627 0.0627 0.0629 0.0633 0.0730 0.0931 0.1361 0.3935 1.0000 0.3947 0.1354 0.1140 0.1520 0.1337 0.1613 0.1295 0.0903 0.0924 0.0654 0.0659 0.0627 0.0628 0.0633 0.0645 0.0724 0.0706 0.0763 0.0818 0.0716 0.0688 0.0733 0.0713 0.0654 0.0652 0.0674 0.0653 0.0636 0.0633 0.0635 0.0632 0.0631 0.0628 0.0630 0.0627 0.0627 0.0628 0.0627 0.0627 0.0627 0.0627 0.0627 0.0627 0.0627 0.0627 0.0627 0.0627 0.0627 0.0627 0.0627 0.0628 0.0630 0.0628 0.0630 0.0629 0.0629 0.0628 0.0627 0.0628 0.0627 0.0627 0.0627 0.0627 0.0627 0.0627 0.0627 0.0627 0.0627 0.0627 0.0627 0.0627 0.0627 0.0627 0.0628 0.0627 0.0627 0.0628 0.0628 0.0627 0.0627 0.0630 0.0628 0.0628 0.0631 0.0631 0.0628 0.0631 0.0635 0.0634 0.0633 0.0632 0.0631 0.0630 0.0633 0.0630 0.0630 0.0631 0.0631 0.0631 0.0631 0.0632 0.0630 0.0633 0.0633 0.0631 0.0631 0.0636 0.0635 0.0631 0.0631 0.0634 0.0631 0.0633 0.0633 0.0640 0.0656 0.0671 0.0706 0.0711 0.0676 0.0666 0.0633 0.0633 0.0631 0.0631 0.0630 0.0629 0.0630 0.0632 0.0646 0.0646 0.0680 0.0679 0.0701 0.0679 0.0689 0.0654 0.0671 0.0644 0.0646 0.0660 0.0676 0.0685 0.0723 0.0689 0.0717 0.0691 0.0667 0.0658 0.0641 0.0635 0.0633 0.0631
0.0626 0.0627 0.0627 0.0626 0.0626 0.0655 0.0752 0.0974 0.1393 0.3947 1.0000 0.4002 0.1640 0.1734 0.1670 0.1281 0.1484 0.0861 0.0891 0.0656 0.0646 0.0626 0.0627 0.0632 0.0644 0.0721 0.0713 0.0806 0.0849 0.0774 0.0732 0.0771 0.0773 0.0685 0.0675 0.0705 0.0679 0.0646 0.0640 0.0640 0.0634 0.0633 0.0630 0.0630 0.0627 0.0628 0.0628 0.0627 0.0626 0.0628 0.0628 0.0627 0.0627 0.0627 0.0627 0.0626 0.0627 0.0627 0.0627 0.0627 0.0627 0.0629 0.0628 0.0630 0.0628 0.0628 0.0628 0.0627 0.0627 0.0627 0.0627 0.0627 0.0627 0.0627 0.0627 0.0626 0.0627 0.0627 0.0627 0.0627 0.0627 0.0627 0.0627 0.0627 0.0627 0.0627 0.0628 0.0628 0.0627 0.0628 0.0629 0.0628 0.0628 0.0632 0.0631 0.0629 0.0632 0.0636 0.0635 0.0634 0.0633 0.0633 0.0630 0.0634 0.0631 0.0632 0.0634 0.0633 0.0632 0.0632 0.0634 0.0631 0.0632 0.0633 0.0631 0.0631 0.0635 0.0635 0.0631 0.0631 0.0635 0.0632 0.0634 0.0634 0.0644 0.0661 0.0676 0.0694 0.0694 0.0660 0.0649 0.0633 0.0633 0.0631 0.0631 0.0630 0.0630 0.0630 0.0632 0.0643 0.0643 0.0683 0.0683 0.0721 0.0707 0.0722 0.0677 0.0696 0.0653 0.0657 0.0677 0.0704 0.0720 0.0776 0.0721 0.0741 0.0698 0.0668 0.0654 0.0640 0.0633 0.0632 0.0630
0.0626 0.0627 0.0627 0.0627 0.0627 0.0633 0.0643 0.0747 0.0987 0.1354 0.4002 1.0000 0.4163 0.1474 0.1160 0.0904 0.0940 0.0672 0.0700 0.0632 0.0631 0.0627 0.0627 0.0628 0.0634 0.0668 0.0665 0.0735 0.0769 0.0751 0.0707 0.0734 0.0778 0.0705 0.0684 0.0715 0.0699 0.0658 0.0647 0.0648 0.0639 0.0636 0.0632 0.0633 0.0630 0.0631 0.0632 0.0629 0.0628 0.0630 0.0630 0.0628 0.0628 0.0629 0.0628 0.0628 0.0629 0.0628 0.0628 0.0628 0.0629 0.0631 0.0630 0.0630 0.0631 0.0630 0.0630 0.0629 0.0630 0.0628 0.0629 0.0629 0.0627 0.0627 0.0628 0.0627 0.0627 0.0627 0.0627 0.0627 0.0628 0.0628 0.0628 0.0629 0.0629 0.0628 0.0630 0.0630 0.0628 0.0629 0.0632 0.0631 0.0630 0.0634 0.0633 0.0632 0.0635 0.0640 0.0639 0.0636 0.0636 0.0636 0.0633 0.0637 0.0634 0.0634 0.0636 0.0635 0.0635 0.0634 0.0636 0.0633 0.0634 0.0634 0.0633 0.0632 0.0635 0.0635 0.0632 0.0633 0.0637 0.0635 0.0639 0.0639 0.0649 0.0666 0.0675 0.0686 0.0677 0.0652 0.0645 0.0634 0.0634 0.0633 0.0633 0.0631 0.0631 0.0631 0.0634 0.0648 0.0648 0.0693 0.0692 0.0741 0.0727 0.0742 0.0697 0.0712 0.0667 0.0671 0.0691 0.0719 0.0724 0.0787 0.0731 0.0742 0.0699 0.0667 0.0653 0.0640 0.0635 0.0633 0.0631
0.0626 0.0627 0.0626 0.0626 0.0626 0.0626 0.0630 0.0680 0.0829 0.1140 0.1640 0.4163 1.0000 0.4339 0.1556 0.0969 0.0918 0.0660 0.0655 0.0628 0.0627 0.0626 0.0624 0.0626 0.0626 0.0645 0.0644 0.0707 0.0736 0.0741 0.0685 0.0686 0.0735 0.0674 0.0652 0.0672 0.0666 0.0641 0.0636 0.0635 0.0632 0.0631 0.0630 0.0630 0.0628 0.0628 0.0628 0.0628 0.0627 0.0628 0.0628 0.0627 0.0627 0.0627 0.0627 0.0627 0.0627 0.0627 0.0627 0.0627 0.0627 0.0628 0.0628 0.0629 0.0628 0.0628 0.0628 0.0627 0.0628 0.0627 0.0627 0.0627 0.0627 0.0627 0.0627 0.0627 0.0627 0.0626 0.0627 0.0626 0.0627 0.0627 0.0627 0.0627 0.0627 0.0627 0.0627 0.0627 0.0627 0.0627 0.0627 0.0627 0.0627 0.0630 0.0628 0.0628 0.0631 0.0633 0.0633 0.0631 0.0631 0.0631 0.0631 0.0633 0.0631 0.0631 0.0632 0.0632 0.0631 0.0628 0.0630 0.0628 0.0629 0.0627 0.0628 0.0628 0.0630 0.0630 0.0630 0.0630 0.0632 0.0631 0.0634 0.0635 0.0640 0.0648 0.0652 0.0653 0.0650 0.0636 0.0634 0.0629 0.0631 0.0630 0.0632 0.0630 0.0629 0.0630 0.0628 0.0635 0.0631 0.0652 0.0644 0.0667 0.0660 0.0675 0.0659 0.0676 0.0653 0.0660 0.0667 0.0680 0.0676 0.0714 0.0676 0.0685 0.0661 0.0643 0.0639 0.0632 0.0632 0.0631 0.0629
0.0626 0.0627 0.0627 0.0627 0.0626 0.0632 0.0652 0.0829 0.0978 0.1520 0.1734 0.1474 0.4339 1.0000 0.4198 0.1366 0.1127 0.0756 0.0704 0.0633 0.0627 0.0627 0.0625 0.0626 0.0628 0.0663 0.0670 0.0772 0.0809 0.0792 0.0710 0.0711 0.0745 0.0671 0.0652 0.0670 0.0657 0.0637 0.0633 0.0633 0.0632 0.0632 0.0630 0.0632 0.0627 0.0628 0.0630 0.0628 0.0627 0.0629 0.0630 0.0627 0.0628 0.0628 0.0628 0.0627 0.0629 0.0628 0.0628 0.0627 0.0628 0.0629 0.0628 0.0630 0.0630 0.0629 0.0630 0.0628 0.0629 0.0628 0.0628 0.0628 0.0627 0.0627 0.0627 0.0627 0.0627 0.0627 0.0627 0.0627 0.0627 0.0627 0.0628 0.0627 0.0627 0.0627 0.0630 0.0628 0.0627 0.0628 0.0629 0.0628 0.0628 0.0630 0.0630 0.0628 0.0631 0.0633 0.0633 0.0631 0.0632 0.0631 0.0630 0.0633 0.0631 0.0630 0.0632 0.0632 0.0630 0.0630 0.0631 0.0629 0.0630 0.0630 0.0629 0.0628 0.0632 0.0632 0.0630 0.0631 0.0635 0.0633 0.0634 0.0634 0.0639 0.0648 0.0651 0.0655 0.0651 0.0639 0.0637 0.0631 0.0632 0.0632 0.0633 0.0631 0.0631 0.0630 0.0631 0.0637 0.0633 0.0652 0.0646 0.0666 0.0661 0.0670 0.0660 0.0674 0.0654 0.0658 0.0664 0.0676 0.0674 0.0714 0.0679 0.0692 0.0671 0.0651 0.0644 0.0636 0.0633 0.0632 0.0630
0.0625 0.0626 0.0626 0.0626 0.0627 0.0645 0.0685 0.0904 0.1021 0.1337 0.1670 0.1160 0.1556 0.4198 1.0000 0.3986 0.1454 0.0916 0.0781 0.0633 0.0627 0.0626 0.0626 0.0625 0.0632 0.0682 0.0706 0.0843 0.0943 0.0882 0.0756 0.0753 0.0782 0.0686 0.0659 0.0673 0.0653 0.0635 0.0633 0.0633 0.0633 0.0632 0.0630 0.0632 0.0629 0.0630 0.0630 0.0628 0.0627 0.0629 0.0630 0.0628 0.0628 0.0628 0.0628 0.0628 0.0628 0.0627 0.0627 0.0627 0.0628 0.0628 0.0627 0.0628 0.0627 0.0628 0.0629 0.0627 0.0627 0.0627 0.0627 0.0627 0.0627 0.0627 0.0626 0.0626 0.0627 0.0626 0.0626 0.0626 0.0626 0.0627 0.0626 0.0627 0.0626 0.0627 0.0627 0.0627 0.0627 0.0627 0.0627 0.0627 0.0628 0.0630 0.0628 0.0628 0.0630 0.0632 0.0633 0.0630 0.0630 0.0630 0.0629 0.0632 0.0630 0.0630 0.0631 0.0631 0.0629 0.0628 0.0630 0.0628 0.0630 0.0629 0.0628 0.0627 0.0632 0.0632 0.0631 0.0631 0.0633 0.0632 0.0633 0.0632 0.0635 0.0640 0.0644 0.0645 0.0644 0.0635 0.0635 0.0630 0.0632 0.0633 0.0633 0.0632 0.0631 0.0631 0.0631 0.0636 0.0632 0.0645 0.0640 0.0657 0.0651 0.0661 0.0651 0.0664 0.0649 0.0652 0.0659 0.0668 0.0667 0.0705 0.0674 0.0687 0.0669 0.0650 0.0642 0.0635 0.0632 0.0632 0.0630
0.0627 0.0627 0.0627 0.0632 0.0645 0.0816 0.0911 0.1578 0.1357 0.1613 0.1281 0.0904 0.0969 0.1366 0.3986 1.0000 0.3929 0.1335 0.0979 0.0715 0.0648 0.0627 0.0627 0.0637 0.0661 0.0785 0.0785 0.0918 0.0943 0.0821 0.0750 0.0751 0.0725 0.0655 0.0648 0.0655 0.0637 0.0631 0.0630 0.0631 0.0630 0.0632 0.0630 0.0632 0.0628 0.0630 0.0633 0.0630 0.0628 0.0632 0.0633 0.0628 0.0629 0.0631 0.0630 0.0628 0.0630 0.0629 0.0629 0.0628 0.0629 0.0629 0.0629 0.0630 0.0629 0.0628 0.0629 0.0627 0.0628 0.0627 0.0627 0.0628 0.0627 0.0627 0.0627 0.0626 0.0626 0.0627 0.0626 0.0626 0.0626 0.0627 0.0627 0.0627 0.0627 0.0626 0.0627 0.0628 0.0627 0.0627 0.0627 0.0627 0.0627 0.0628 0.0628 0.0627 0.0628 0.0632 0.0632 0.0631 0.0630 0.0630 0.0630 0.0632 0.0630 0.0631 0.0630 0.0630 0.0631 0.0631 0.0630 0.0629 0.0632 0.0633 0.0630 0.0630 0.0635 0.0635 0.0632 0.0632 0.0636 0.0633 0.0633 0.0632 0.0635 0.0642 0.0646 0.0654 0.0652 0.0644 0.0642 0.0633 0.0635 0.0635 0.0635 0.0632 0.0632 0.0631 0.0633 0.0638 0.0635 0.0652 0.0648 0.0667 0.0659 0.0667 0.0652 0.0665 0.0645 0.0646 0.0655 0.0663 0.0667 0.0701 0.0676 0.0689 0.0676 0.0657 0.0653 0.0641 0.0637 0.0635 0.0632
0.0628 0.0630 0.0630 0.0657 0.0685 0.0918 0.1035 0.1335 0.1875 0.1295 0.1484 0.0940 0.0918 0.1127 0.1454 0.3929 1.0000 0.3901 0.1565 0.0941 0.0781 0.0639 0.0636 0.0659 0.0732 0.0917 0.1052 0.1110 0.1251 0.0945 0.0926 0.0993 0.0857 0.0738 0.0732 0.0730 0.0670 0.0647 0.0637 0.0644 0.0633 0.0634 0.0632 0.0637 0.0629 0.0632 0.0640 0.0632 0.0630 0.0636 0.0640 0.0630 0.0631 0.0636 0.0631 0.0629 0.0631 0.0630 0.0629 0.0628 0.0628 0.0629 0.0627 0.0630 0.0631 0.0628 0.0629 0.0627 0.0627 0.0627 0.0628 0.0629 0.0627 0.0628 0.0628 0.0626 0.0626 0.0627 0.0626 0.0626 0.0626 0.0627 0.0627 0.0628 0.0627 0.0627 0.0629 0.0630 0.0627 0.0628 0.0632 0.0630 0.0628 0.0632 0.0635 0.0628 0.0630 0.0640 0.0638 0.0637 0.0632 0.0632 0.0630 0.0632 0.0631 0.0633 0.0636 0.0634 0.0636 0.0642 0.0645 0.0635 0.0645 0.0655 0.0643 0.0637 0.0659 0.0657 0.0638 0.0637 0.0646 0.0635 0.0636 0.0634 0.0643 0.0655 0.0668 0.0684 0.0680 0.0669 0.0659 0.0646 0.0644 0.0646 0.0641 0.0636 0.0638 0.0637 0.0648 0.0651 0.0658 0.0678 0.0686 0.0697 0.0692 0.0682 0.0661 0.0672 0.0644 0.0645 0.0662 0.0677 0.0699 0.0761 0.0742 0.0759 0.0737 0.0706 0.0682 0.0662 0.0644 0.0643 0.0633
0.0642 0.0650 0.0672 0.0842 0.0913 0.1555 0.1317 0.1575 0.1261 0.0903 0.0861 0.0672 0.0660 0.0756 0.0916 0.1335 0.3901 1.0000 0.3907 0.1392 0.0950 0.0724 0.0684 0.0746 0.0848 0.1101 0.1035 0.0973 0.1025 0.0793 0.0802 0.0831 0.0714 0.0661 0.0671 0.0664 0.0636 0.0632 0.0630 0.0632 0.0629 0.0631 0.0631 0.0636 0.0630 0.0634 0.0641 0.0635 0.0632 0.0642 0.0648 0.0633 0.0636 0.0642 0.0635 0.0631 0.0633 0.0631 0.0631 0.0630 0.0630 0.0630 0.0628 0.0631 0.0632 0.0630 0.0632 0.0628 0.0629 0.0627 0.0628 0.0631 0.0628 0.0628 0.0629 0.0627 0.0627 0.0627 0.0627 0.0627 0.0627 0.0627 0.0627 0.0628 0.0628 0.0627 0.0629 0.0629 0.0628 0.0628 0.0630 0.0628 0.0628 0.0631 0.0633 0.0628 0.0630 0.0638 0.0635 0.0635 0.0632 0.0635 0.0634 0.0634 0.0635 0.0639 0.0641 0.0640 0.0645 0.0652 0.0657 0.0644 0.0654 0.0667 0.0659 0.0648 0.0668 0.0670 0.0646 0.0641 0.0650 0.0640 0.0641 0.0640 0.0650 0.0666 0.0669 0.0686 0.0674 0.0675 0.0659 0.0652 0.0650 0.0650 0.0644 0.0637 0.0640 0.0639 0.0650 0.0653 0.0661 0.0683 0.0682 0.0701 0.0680 0.0680 0.0655 0.0667 0.0642 0.0641 0.0652 0.0659 0.0679 0.0716 0.0712 0.0736 0.0732 0.0708 0.0695 0.0674 0.0654 0.0649 0.0636
0.0644 0.0659 0.0700 0.0908 0.1031 0.1392 0.1728 0.1240 0.1689 0.0924 0.0891 0.0700 0.0655 0.0704 0.0781 0.0979 0.1565 0.3907 1.0000 0.3943 0.1522 0.0940 0.0842 0.0884 0.1084 0.1294 0.1452 0.1075 0.1067 0.0829 0.0960 0.1029 0.0780 0.0728 0.0769 0.0725 0.0659 0.0646 0.0635 0.0644 0.0631 0.0632 0.0631 0.0639 0.0630 0.0633 0.0645 0.0634 0.0631 0.0644 0.0654 0.0633 0.0634 0.0647 0.0634 0.0630 0.0634 0.0631 0.0630 0.0628 0.0629 0.0630 0.0627 0.0631 0.0632 0.0630 0.0631 0.0627 0.0628 0.0627 0.0628 0.0629 0.0627 0.0628 0.0629 0.0626 0.0627 0.0627 0.0626 0.0626 0.0627 0.0627 0.0627 0.0629 0.0627 0.0627 0.0631 0.0633 0.0628 0.0628 0.0635 0.0630 0.0628 0.0633 0.0640 0.0628 0.0631 0.0647 0.0642 0.0647 0.0633 0.0636 0.0632 0.0633 0.0632 0.0638 0.0645 0.0642 0.0646 0.0670 0.0684 0.0656 0.0674 0.0711 0.0688 0.0660 0.0701 0.0702 0.0655 0.0648 0.0664 0.0643 0.0642 0.0638 0.0649 0.0665 0.0677 0.0703 0.0700 0.0711 0.0692 0.0681 0.0667 0.0665 0.0649 0.0642 0.0647 0.0647 0.0676 0.0677 0.0704 0.0716 0.0729 0.0724 0.0706 0.0686 0.0659 0.0662 0.0639 0.0637 0.0650 0.0662 0.0699 0.0754 0.0774 0.0797 0.0802 0.0771 0.0740 0.0714 0.0675 0.0667 0.0642
0.0700 0.0789 0.0900 0.1393 0.1277 0.1594 0.1162 0.0870 0.0913 0.0654 0.0656 0.0632 0.0628 0.0633 0.0633 0.0715 0.0941 0.1392 0.3943 1.0000 0.3932 0.1354 0.1111 0.1093 0.1262 0.1213 0.1203 0.0842 0.0833 0.0695 0.0770 0.0807 0.0670 0.0656 0.0685 0.0662 0.0636 0.0632 0.0630 0.0634 0.0629 0.0632 0.0633 0.0640 0.0631 0.0633 0.0645 0.0636 0.0634 0.0650 0.0662 0.0639 0.0640 0.0658 0.0641 0.0633 0.0640 0.0634 0.0633 0.0631 0.0632 0.0632 0.0630 0.0634 0.0637 0.0632 0.0634 0.0630 0.0631 0.0629 0.0631 0.0632 0.0627 0.0630 0.0632 0.0627 0.0629 0.0631 0.0627 0.0627 0.0628 0.0629 0.0629 0.0632 0.0630 0.0628 0.0633 0.0634 0.0630 0.0631 0.0641 0.0633 0.0630 0.0639 0.0645 0.0630 0.0633 0.0655 0.0649 0.0657 0.0640 0.0644 0.0639 0.0641 0.0640 0.0652 0.0668 0.0667 0.0668 0.0702 0.0739 0.0696 0.0711 0.0768 0.0756 0.0699 0.0739 0.0758 0.0696 0.0673 0.0694 0.0664 0.0657 0.0649 0.0661 0.0684 0.0689 0.0720 0.0703 0.0727 0.0701 0.0696 0.0677 0.0673 0.0654 0.0646 0.0652 0.0654 0.0688 0.0698 0.0723 0.0747 0.0743 0.0749 0.0705 0.0688 0.0658 0.0661 0.0639 0.0636 0.0649 0.0655 0.0689 0.0720 0.0749 0.0768 0.0787 0.0784 0.0759 0.0741 0.0697 0.0682 0.0652
0.0720 0.0811 0.0945 0.1243 0.1526 0.1260 0.1285 0.0820 0.0893 0.0659 0.0646 0.0631 0.0627 0.0627 0.0627 0.0648 0.0781 0.0950 0.1522 0.3932 1.0000 0.4035 0.1551 0.1402 0.1416 0.1239 0.1053 0.0766 0.0729 0.0654 0.0727 0.0742 0.0650 0.0646 0.0674 0.0652 0.0633 0.0633 0.0630 0.0633 0.0628 0.0631 0.0631 0.0634 0.0628 0.0630 0.0637 0.0632 0.0629 0.0639 0.0648 0.0634 0.0634 0.0645 0.0635 0.0630 0.0633 0.0632 0.0631 0.0630 0.0631 0.0632 0.0630 0.0632 0.0635 0.0632 0.0632 0.0628 0.0630 0.0628 0.0630 0.0629 0.0627 0.0628 0.0630 0.0627 0.0628 0.0629 0.0627 0.0627 0.0628 0.0629 0.0629 0.0631 0.0630 0.0628 0.0633 0.0633 0.0629 0.0630 0.0638 0.0632 0.0628 0.0634 0.0637 0.0630 0.0631 0.0644 0.0641 0.0646 0.0635 0.0639 0.0634 0.0637 0.0636 0.0641 0.0650 0.0655 0.0652 0.0667 0.0696 0.0671 0.0686 0.0711 0.0714 0.0676 0.0705 0.0719 0.0683 0.0666 0.0680 0.0657 0.0651 0.0642 0.0649 0.0662 0.0669 0.0692 0.0694 0.0707 0.0706 0.0692 0.0682 0.0672 0.0654 0.0648 0.0654 0.0657 0.0684 0.0693 0.0708 0.0725 0.0719 0.0717 0.0685 0.0670 0.0652 0.0654 0.0639 0.0638 0.0649 0.0657 0.0686 0.0710 0.0723 0.0745 0.0756 0.0755 0.0749 0.0738 0.0701 0.0694 0.0662
0.0783 0.0901 0.1025 0.1215 0.1155 0.0913 0.0832 0.0649 0.0675 0.0627 0.0626 0.0627 0.0626 0.0627 0.0626 0.0627 0.0639 0.0724 0.0940 0.1354 0.4035 1.0000 0.4370 0.1440 0.1214 0.0919 0.0826 0.0664 0.0652 0.0631 0.0652 0.0658 0.0629 0.0631 0.0639 0.0633 0.0630 0.0628 0.0628 0.0630 0.0628 0.0630 0.0631 0.0633 0.0628 0.0630 0.0633 0.0632 0.0630 0.0635 0.0641 0.0634 0.0632 0.0639 0.0636 0.0631 0.0634 0.0633 0.0633 0.0633 0.0633 0.0635 0.0632 0.0635 0.0636 0.0634 0.0635 0.0630 0.0631 0.0629 0.0632 0.0631 0.0628 0.0629 0.0630 0.0628 0.0630 0.0631 0.0628 0.0628 0.0630 0.0630 0.0630 0.0633 0.0630 0.0630 0.0635 0.0634 0.0630 0.0631 0.0636 0.0632 0.0630 0.0635 0.0635 0.0630 0.0632 0.0641 0.0639 0.0643 0.0637 0.0640 0.0637 0.0642 0.0641 0.0646 0.0660 0.0676 0.0665 0.0672 0.0713 0.0698 0.0689 0.0705 0.0726 0.0692 0.0706 0.0729 0.0710 0.0689 0.0695 0.0672 0.0661 0.0650 0.0654 0.0663 0.0670 0.0690 0.0690 0.0701 0.0702 0.0684 0.0681 0.0670 0.0655 0.0651 0.0658 0.0664 0.0680 0.0700 0.0697 0.0729 0.0702 0.0714 0.0670 0.0666 0.0648 0.0650 0.0638 0.0637 0.0647 0.0652 0.0672 0.0680 0.0689 0.0711 0.0720 0.0724 0.0734 0.0730 0.0705 0.0694 0.0669
0.0784 0.0877 0.0965 0.1053 0.0992 0.0812 0.0760 0.0642 0.0661 0.0628 0.0627 0.0627 0.0624 0.0625 0.0626 0.0627 0.0636 0.0684 0.0842 0.1111 0.1551 0.4370 1.0000 0.4335 0.1553 0.1009 0.0832 0.0653 0.0635 0.0628 0.0644 0.0647 0.0628 0.0627 0.0635 0.0630 0.0627 0.0628 0.0627 0.0629 0.0627 0.0628 0.0630 0.0632 0.0628 0.0628 0.0631 0.0630 0.0628 0.0632 0.0638 0.0632 0.0631 0.0637 0.0634 0.0630 0.0633 0.0633 0.0633 0.0632 0.0632 0.0634 0.0631 0.0635 0.0636 0.0634 0.0635 0.0631 0.0632 0.0630 0.0631 0.0631 0.0628 0.0630 0.0631 0.0628 0.0630 0.0630 0.0629 0.0628 0.0631 0.0630 0.0631 0.0634 0.0631 0.0630 0.0637 0.0636 0.0630 0.0632 0.0641 0.0633 0.0631 0.0637 0.0640 0.0631 0.0633 0.0648 0.0644 0.0650 0.0640 0.0642 0.0639 0.0643 0.0641 0.0646 0.0660 0.0678 0.0667 0.0675 0.0716 0.0703 0.0702 0.0729 0.0765 0.0716 0.0731 0.0781 0.0755 0.0715 0.0718 0.0684 0.0666 0.0654 0.0659 0.0673 0.0683 0.0710 0.0714 0.0723 0.0715 0.0690 0.0680 0.0671 0.0654 0.0651 0.0661 0.0670 0.0691 0.0714 0.0710 0.0734 0.0706 0.0711 0.0667 0.0660 0.0644 0.0645 0.0635 0.0635 0.0641 0.0645 0.0659 0.0672 0.0683 0.0706 0.0720 0.0740 0.0746 0.0756 0.0728 0.0714 0.0687
0.0741 0.0798 0.0860 0.0917 0.0878 0.0785 0.0766 0.0656 0.0694 0.0633 0.0632 0.0628 0.0626 0.0626 0.0625 0.0637 0.0659 0.0746 0.0884 0.1093 0.1402 0.1440 0.4335 1.0000 0.4034 0.1341 0.0932 0.0702 0.0641 0.0630 0.0667 0.0664 0.0627 0.0624 0.0635 0.0627 0.0625 0.0626 0.0626 0.0627 0.0627 0.0628 0.0628 0.0631 0.0627 0.0627 0.0632 0.0630 0.0628 0.0632 0.0639 0.0631 0.0631 0.0637 0.0633 0.0629 0.0633 0.0633 0.0632 0.0631 0.0633 0.0633 0.0631 0.0636 0.0636 0.0633 0.0634 0.0632 0.0631 0.0630 0.0630 0.0630 0.0628 0.0629 0.0630 0.0627 0.0629 0.0630 0.0628 0.0628 0.0630 0.0630 0.0631 0.0633 0.0630 0.0630 0.0637 0.0636 0.0630 0.0632 0.0643 0.0633 0.0629 0.0639 0.0644 0.0630 0.0633 0.0652 0.0644 0.0650 0.0638 0.0640 0.0635 0.0640 0.0639 0.0643 0.0654 0.0671 0.0660 0.0668 0.0711 0.0696 0.0696 0.0738 0.0777 0.0718 0.0740 0.0808 0.0772 0.0712 0.0718 0.0677 0.0661 0.0649 0.0658 0.0679 0.0696 0.0733 0.0740 0.0734 0.0713 0.0680 0.0666 0.0661 0.0648 0.0647 0.0659 0.0673 0.0693 0.0728 0.0720 0.0760 0.0720 0.0723 0.0671 0.0663 0.0643 0.0645 0.0635 0.0634 0.0640 0.0642 0.0658 0.0666 0.0676 0.0693 0.0719 0.0747 0.0774 0.0779 0.0769 0.0736 0.0710
0.0702 0.0749 0.0816 0.0969 0.0865 0.0891 0.0806 0.0697 0.0765 0.0645 0.0644 0.0634 0.0626 0.0628 0.0632 0.0661 0.0732 0.0848 0.1084 0.1262 0.1416 0.1214 0.1553 0.4034 1.0000 0.3916 0.1495 0.0925 0.0767 0.0681 0.0883 0.0854 0.0657 0.0662 0.0724 0.0662 0.0630 0.0630 0.0627 0.0637 0.0628 0.0632 0.0630 0.0638 0.0630 0.0633 0.0650 0.0637 0.0632 0.0649 0.0664 0.0637 0.0642 0.0670 0.0641 0.0632 0.0644 0.0641 0.0633 0.0632 0.0635 0.0633 0.0631 0.0637 0.0643 0.0632 0.0634 0.0631 0.0631 0.0628 0.0631 0.0631 0.0627 0.0631 0.0635 0.0627 0.0630 0.0635 0.0629 0.0628 0.0631 0.0633 0.0633 0.0640 0.0635 0.0633 0.0649 0.0655 0.0634 0.0639 0.0676 0.0650 0.0635 0.0661 0.0690 0.0642 0.0644 0.0697 0.0672 0.0688 0.0648 0.0650 0.0637 0.0642 0.0640 0.0655 0.0690 0.0697 0.0692 0.0749 0.0811 0.0755 0.0779 0.0916 0.0938 0.0789 0.0856 0.0973 0.0811 0.0743 0.0770 0.0693 0.0672 0.0655 0.0671 0.0707 0.0727 0.0803 0.0771 0.0809 0.0733 0.0720 0.0671 0.0669 0.0644 0.0642 0.0659 0.0671 0.0722 0.0740 0.0791 0.0789 0.0790 0.0740 0.0702 0.0664 0.0648 0.0646 0.0633 0.0632 0.0639 0.0641 0.0664 0.0677 0.0719 0.0735 0.0774 0.0869 0.0837 0.0882 0.0791 0.0773 0.0703
0.0689 0.0714 0.0762 0.0837 0.0818 0.0878 0.0889 0.0794 0.0959 0.0724 0.0721 0.0668 0.0645 0.0663 0.0682 0.0785 0.0917 0.1101 0.1294 0.1213 0.1239 0.0919 0.1009 0.1341 0.3916 1.0000 0.3895 0.1300 0.0958 0.0800 0.1005 0.0931 0.0677 0.0672 0.0716 0.0644 0.0626 0.0626 0.0625 0.0632 0.0627 0.0631 0.0629 0.0637 0.0627 0.0631 0.0649 0.0634 0.0630 0.0649 0.0657 0.0633 0.0638 0.0668 0.0637 0.0631 0.0647 0.0644 0.0634 0.0634 0.0641 0.0636 0.0633 0.0641 0.0642 0.0633 0.0633 0.0631 0.0630 0.0628 0.0631 0.0629 0.0627 0.0630 0.0631 0.0627 0.0630 0.0631 0.0628 0.0628 0.0630 0.0632 0.0634 0.0640 0.0633 0.0633 0.0647 0.0648 0.0633 0.0636 0.0660 0.0639 0.0630 0.0644 0.0663 0.0632 0.0633 0.0666 0.0652 0.0658 0.0636 0.0637 0.0630 0.0633 0.0630 0.0635 0.0653 0.0652 0.0644 0.0671 0.0714 0.0667 0.0679 0.0761 0.0754 0.0672 0.0711 0.0763 0.0694 0.0664 0.0685 0.0652 0.0646 0.0639 0.0649 0.0664 0.0680 0.0715 0.0723 0.0729 0.0708 0.0683 0.0661 0.0655 0.0642 0.0642 0.0653 0.0664 0.0685 0.0710 0.0729 0.0764 0.0743 0.0732 0.0679 0.0664 0.0641 0.0643 0.0632 0.0631 0.0636 0.0636 0.0652 0.0655 0.0678 0.0683 0.0710 0.0762 0.0794 0.0801 0.0789 0.0739 0.0698
0.0659 0.0677 0.0707 0.0816 0.0755 0.0905 0.0808 0.0792 0.0904 0.0706 0.0713 0.0665 0.0644 0.0670 0.0706 0.0785 0.1052 0.1035 0.1452 0.1203 0.1053 0.0826 0.0832 0.0932 0.1495 0.3895 1.0000 0.3934 0.1339 0.1128 0.1926 0.1692 0.0976 0.0962 0.1073 0.0850 0.0699 0.0678 0.0653 0.0701 0.0643 0.0657 0.0646 0.0670 0.0636 0.0656 0.0723 0.0659 0.0646 0.0719 0.0720 0.0648 0.0671 0.0743 0.0657 0.0637 0.0667 0.0652 0.0633 0.0632 0.0640 0.0635 0.0629 0.0637 0.0645 0.0631 0.0631 0.0628 0.0628 0.0627 0.0630 0.0630 0.0627 0.0632 0.0637 0.0628 0.0631 0.0640 0.0630 0.0629 0.0633 0.0639 0.0641 0.0656 0.0646 0.0640 0.0676 0.0691 0.0644 0.0652 0.0722 0.0670 0.0640 0.0672 0.0725 0.0651 0.0646 0.0715 0.0691 0.0705 0.0646 0.0647 0.0632 0.0637 0.0632 0.0648 0.0702 0.0680 0.0670 0.0765 0.0826 0.0711 0.0738 0.0896 0.0816 0.0694 0.0746 0.0782 0.0680 0.0654 0.0676 0.0643 0.0641 0.0634 0.0641 0.0649 0.0657 0.0697 0.0689 0.0740 0.0697 0.0705 0.0658 0.0655 0.0638 0.0635 0.0644 0.0648 0.0685 0.0684 0.0750 0.0728 0.0759 0.0701 0.0684 0.0647 0.0638 0.0636 0.0629 0.0627 0.0632 0.0633 0.0653 0.0663 0.0723 0.0713 0.0757 0.0832 0.0785 0.0826 0.0746 0.0737 0.0678
0.0648 0.0652 0.0661 0.0685 0.0660 0.0735 0.0711 0.0758 0.0893 0.0763 0.0806 0.0735 0.0707 0.0772 0.0843 0.0918 0.1110 0.0973 0.1075 0.0842 0.0766 0.0664 0.0653 0.0702 0.0925 0.1300 0.3934 1.0000 0.3984 0.1987 0.2193 0.1420 0.1103 0.1041 0.0932 0.0785 0.0694 0.0652 0.0639 0.0674 0.0640 0.0653 0.0645 0.0658 0.0635 0.0654 0.0698 0.0645 0.0640 0.0695 0.0676 0.0635 0.0659 0.0699 0.0644 0.0635 0.0659 0.0648 0.0634 0.0635 0.0645 0.0638 0.0632 0.0639 0.0643 0.0632 0.0632 0.0631 0.0630 0.0628 0.0632 0.0631 0.0628 0.0633 0.0636 0.0629 0.0633 0.0637 0.0630 0.0630 0.0634 0.0637 0.0642 0.0655 0.0644 0.0642 0.0675 0.0674 0.0641 0.0649 0.0690 0.0651 0.0636 0.0650 0.0677 0.0642 0.0640 0.0677 0.0678 0.0680 0.0647 0.0646 0.0633 0.0639 0.0631 0.0638 0.0673 0.0657 0.0639 0.0680 0.0722 0.0653 0.0657 0.0723 0.0691 0.0643 0.0667 0.0686 0.0647 0.0639 0.0649 0.0636 0.0636 0.0633 0.0639 0.0640 0.0644 0.0657 0.0661 0.0679 0.0680 0.0673 0.0658 0.0652 0.0642 0.0639 0.0644 0.0645 0.0657 0.0659 0.0676 0.0688 0.0685 0.0679 0.0657 0.0648 0.0637 0.0640 0.0632 0.0630 0.0635 0.0635 0.0648 0.0652 0.0676 0.0671 0.0690 0.0713 0.0711 0.0727 0.0709 0.0704 0.0676
0.0644 0.0649 0.0652 0.0681 0.0662 0.0772 0.0731 0.0826 0.0944 0.0818 0.0849 0.0769 0.0736 0.0809 0.0943 0.0943 0.1251 0.1025 0.1067 0.0833 0.0729 0.0652 0.0635 0.0641 0.0767 0.0958 0.1339 0.3984 1.0000 0.4161 0.1404 0.1738 0.1537 0.1027 0.0910 0.0917 0.0787 0.0667 0.0641 0.0666 0.0633 0.0641 0.0633 0.0644 0.0628 0.0637 0.0672 0.0638 0.0634 0.0676 0.0674 0.0636 0.0648 0.0684 0.0645 0.0632 0.0644 0.0639 0.0632 0.0631 0.0636 0.0634 0.0631 0.0636 0.0644 0.0633 0.0633 0.0631 0.0630 0.0630 0.0634 0.0633 0.0631 0.0636 0.0641 0.0631 0.0635 0.0642 0.0632 0.0631 0.0634 0.0636 0.0637 0.0648 0.0642 0.0637 0.0662 0.0670 0.0640 0.0646 0.0689 0.0654 0.0635 0.0650 0.0678 0.0641 0.0641 0.0675 0.0678 0.0696 0.0660 0.0670 0.0646 0.0662 0.0646 0.0662 0.0727 0.0697 0.0667 0.0728 0.0791 0.0685 0.0683 0.0756 0.0710 0.0656 0.0682 0.0691 0.0649 0.0642 0.0651 0.0636 0.0636 0.0633 0.0638 0.0639 0.0640 0.0649 0.0645 0.0667 0.0662 0.0670 0.0654 0.0652 0.0644 0.0640 0.0645 0.0643 0.0657 0.0651 0.0672 0.0667 0.0678 0.0667 0.0659 0.0646 0.0639 0.0638 0.0631 0.0630 0.0636 0.0638 0.0654 0.0656 0.0685 0.0675 0.0691 0.0710 0.0696 0.0712 0.0682 0.0690 0.0662
0.0640 0.0641 0.0640 0.0651 0.0634 0.0668 0.0645 0.0681 0.0750 0.0716 0.0774 0.0751 0.0741 0.0792 0.0882 0.0821 0.0945 0.0793 0.0829 0.0695 0.0654 0.0631 0.0628 0.0630 0.0681 0.0800 0.1128 0.1987 0.4161 1.0000 0.4137 0.1468 0.1802 0.1515 0.1018 0.0921 0.0903 0.0762 0.0687 0.0723 0.0657 0.0667 0.0653 0.0659 0.0636 0.0659 0.0693 0.0641 0.0639 0.0686 0.0659 0.0632 0.0649 0.0670 0.0636 0.0632 0.0645 0.0636 0.0630 0.0630 0.0635 0.0632 0.0628 0.0632 0.0635 0.0630 0.0631 0.0630 0.0628 0.0628 0.0632 0.0630 0.0628 0.0633 0.0636 0.0631 0.0635 0.0640 0.0632 0.0632 0.0637 0.0639 0.0642 0.0658 0.0646 0.0642 0.0676 0.0681 0.0643 0.0646 0.0685 0.0655 0.0635 0.0644 0.0664 0.0638 0.0634 0.0661 0.0664 0.0671 0.0649 0.0664 0.0642 0.0660 0.0638 0.0645 0.0702 0.0671 0.0641 0.0677 0.0716 0.0647 0.0644 0.0684 0.0659 0.0634 0.0644 0.0650 0.0635 0.0633 0.0636 0.0631 0.0631 0.0628 0.0630 0.0631 0.0633 0.0636 0.0637 0.0648 0.0648 0.0652 0.0646 0.0646 0.0642 0.0637 0.0639 0.0639 0.0645 0.0642 0.0648 0.0651 0.0649 0.0652 0.0641 0.0641 0.0634 0.0636 0.0631 0.0631 0.0634 0.0634 0.0643 0.0644 0.0655 0.0652 0.0661 0.0669 0.0663 0.0674 0.0659 0.0666 0.0652
0.0640 0.0644 0.0648 0.0677 0.0643 0.0696 0.0652 0.0679 0.0756 0.0688 0.0732 0.0707 0.0685 0.0710 0.0756 0.0750 0.0926 0.0802 0.0960 0.0770 0.0727 0.0652 0.0644 0.0667 0.0883 0.1005 0.1926 0.2193 0.1404 0.4137 1.0000 0.4011 0.1411 0.1749 0.1527 0.1020 0.0900 0.0862 0.0772 0.0873 0.0726 0.0745 0.0709 0.0724 0.0664 0.0733 0.0825 0.0683 0.0672 0.0784 0.0721 0.0648 0.0698 0.0740 0.0655 0.0645 0.0679 0.0650 0.0633 0.0633 0.0638 0.0632 0.0628 0.0632 0.0637 0.0629 0.0630 0.0630 0.0629 0.0628 0.0634 0.0632 0.0629 0.0639 0.0645 0.0633 0.0639 0.0656 0.0636 0.0634 0.0645 0.0652 0.0658 0.0698 0.0678 0.0661 0.0729 0.0756 0.0665 0.0668 0.0752 0.0696 0.0645 0.0674 0.0729 0.0657 0.0645 0.0694 0.0689 0.0709 0.0660 0.0670 0.0641 0.0652 0.0634 0.0649 0.0712 0.0664 0.0646 0.0717 0.0747 0.0654 0.0662 0.0737 0.0688 0.0639 0.0652 0.0667 0.0637 0.0633 0.0637 0.0630 0.0630 0.0627 0.0631 0.0633 0.0638 0.0648 0.0649 0.0669 0.0655 0.0668 0.0646 0.0651 0.0640 0.0635 0.0639 0.0641 0.0661 0.0658 0.0679 0.0677 0.0679 0.0668 0.0657 0.0644 0.0636 0.0637 0.0631 0.0630 0.0633 0.0634 0.0650 0.0657 0.0688 0.0681 0.0705 0.0725 0.0706 0.0716 0.0681 0.0683 0.0653
0.0639 0.0644 0.0653 0.0703 0.0659 0.0745 0.0686 0.0725 0.0857 0.0733 0.0771 0.0734 0.0686 0.0711 0.0753 0.0751 0.0993 0.0831 0.1029 0.0807 0.0742 0.0658 0.0647 0.0664 0.0854 0.0931 0.1692 0.1420 0.1738 0.1468 0.4011 1.0000 0.3999 0.1407 0.1722 0.1564 0.1042 0.0896 0.0792 0.0860 0.0694 0.0699 0.0669 0.0704 0.0648 0.0699 0.0826 0.0688 0.0669 0.0791 0.0765 0.0659 0.0688 0.0760 0.0665 0.0640 0.0667 0.0647 0.0630 0.0628 0.0633 0.0630 0.0627 0.0631 0.0640 0.0629 0.0631 0.0631 0.0630 0.0631 0.0640 0.0636 0.0632 0.0650 0.0662 0.0635 0.0644 0.0678 0.0640 0.0633 0.0644 0.0650 0.0649 0.0690 0.0681 0.0653 0.0723 0.0791 0.0677 0.0683 0.0835 0.0751 0.0663 0.0719 0.0822 0.0681 0.0666 0.0750 0.0723 0.0780 0.0684 0.0711 0.0658 0.0676 0.0649 0.0699 0.0818 0.0720 0.0707 0.0874 0.0914 0.0720 0.0749 0.0890 0.0768 0.0674 0.0705 0.0713 0.0650 0.0637 0.0645 0.0630 0.0631 0.0628 0.0631 0.0635 0.0639 0.0660 0.0651 0.0694 0.0661 0.0694 0.0652 0.0659 0.0641 0.0635 0.0639 0.0640 0.0676 0.0662 0.0711 0.0684 0.0707 0.0673 0.0671 0.0646 0.0639 0.0637 0.0629 0.0627 0.0633 0.0636 0.0666 0.0676 0.0737 0.0709 0.0734 0.0774 0.0723 0.0730 0.0677 0.0676 0.0645
0.0634 0.0636 0.0637 0.0657 0.0635 0.0670 0.0646 0.0670 0.0758 0.0713 0.0773 0.0778 0.0735 0.0745 0.0782 0.0725 0.0857 0.0714 0.0780 0.0670 0.0650 0.0629 0.0628 0.0627 0.0657 0.0677 0.0976 0.1103 0.1537 0.1802 0.1411 0.3999 1.0000 0.4006 0.1392 0.1698 0.1589 0.1063 0.0891 0.0864 0.0696 0.0685 0.0651 0.0661 0.0631 0.0658 0.0719 0.0640 0.0633 0.0697 0.0677 0.0631 0.0643 0.0671 0.0634 0.0628 0.0637 0.0632 0.0627 0.0626 0.0627 0.0628 0.0626 0.0629 0.0633 0.0628 0.0631 0.0631 0.0629 0.0629 0.0634 0.0631 0.0629 0.0639 0.0640 0.0630 0.0638 0.0653 0.0636 0.0635 0.0644 0.0646 0.0649 0.0681 0.0674 0.0651 0.0704 0.0759 0.0670 0.0664 0.0769 0.0737 0.0654 0.0682 0.0767 0.0673 0.0654 0.0711 0.0705 0.0763 0.0706 0.0767 0.0702 0.0738 0.0677 0.0733 0.0906 0.0760 0.0703 0.0813 0.0856 0.0695 0.0699 0.0765 0.0702 0.0649 0.0662 0.0662 0.0636 0.0632 0.0635 0.0628 0.0628 0.0627 0.0628 0.0630 0.0631 0.0636 0.0635 0.0653 0.0644 0.0662 0.0646 0.0653 0.0643 0.0636 0.0639 0.0639 0.0657 0.0654 0.0663 0.0663 0.0661 0.0661 0.0653 0.0649 0.0640 0.0641 0.0631 0.0630 0.0636 0.0638 0.0659 0.0658 0.0675 0.0662 0.0670 0.0681 0.0667 0.0674 0.0652 0.0657 0.0640
0.0632 0.0634 0.0635 0.0649 0.0632 0.0650 0.0632 0.0637 0.0681 0.0654 0.0685 0.0705 0.0674 0.0671 0.0686 0.0655 0.0738 0.0661 0.0728 0.0656 0.0646 0.0631 0.0627 0.0624 0.0662 0.0672 0.0962 0.1041 0.1027 0.1515 0.1749 0.1407 0.4006 1.0000 0.4036 0.1386 0.1632 0.1484 0.1192 0.1199 0.0856 0.0816 0.0729 0.0727 0.0660 0.0730 0.0790 0.0661 0.0657 0.0752 0.0688 0.0639 0.0668 0.0682 0.0636 0.0634 0.0646 0.0633 0.0627 0.0627 0.0628 0.0627 0.0627 0.0629 0.0632 0.0628 0.0631 0.0630 0.0628 0.0628 0.0633 0.0631 0.0630 0.0640 0.0642 0.0631 0.0643 0.0667 0.0642 0.0642 0.0660 0.0668 0.0672 0.0729 0.0715 0.0672 0.0748 0.0821 0.0696 0.0682 0.0796 0.0764 0.0661 0.0680 0.0762 0.0673 0.0648 0.0694 0.0695 0.0751 0.0706 0.0760 0.0691 0.0719 0.0657 0.0690 0.0801 0.0692 0.0662 0.0741 0.0747 0.0651 0.0656 0.0698 0.0656 0.0634 0.0642 0.0643 0.0630 0.0629 0.0631 0.0628 0.0627 0.0626 0.0628 0.0628 0.0631 0.0635 0.0635 0.0647 0.0639 0.0654 0.0639 0.0647 0.0639 0.0635 0.0637 0.0637 0.0650 0.0645 0.0654 0.0652 0.0653 0.0652 0.0650 0.0642 0.0639 0.0638 0.0631 0.0630 0.0636 0.0636 0.0650 0.0653 0.0665 0.0663 0.0669 0.0681 0.0663 0.0670 0.0650 0.0654 0.0638
0.0633 0.0636 0.0640 0.0663 0.0636 0.0667 0.0639 0.0642 0.0697 0.0652 0.0675 0.0684 0.0652 0.0652 0.0659 0.0648 0.0732 0.0671 0.0769 0.0685 0.0674 0.0639 0.0635 0.0635 0.0724 0.0716 0.1073 0.0932 0.0910 0.1018 0.1527 0.1722 0.1392 0.4036 1.0000 0.4078 0.1362 0.1505 0.1227 0.1412 0.0953 0.0909 0.0794 0.0820 0.0701 0.0816 0.0969 0.0738 0.0714 0.0876 0.0785 0.0668 0.0704 0.0745 0.0655 0.0640 0.0657 0.0637 0.0629 0.0627 0.0629 0.0628 0.0627 0.0632 0.0638 0.0631 0.0633 0.0633 0.0630 0.0632 0.0640 0.0636 0.0632 0.0656 0.0664 0.0636 0.0660 0.0715 0.0655 0.0652 0.0693 0.0706 0.0705 0.0802 0.0788 0.0709 0.0826 0.0996 0.0764 0.0740 0.0960 0.0878 0.0703 0.0746 0.0872 0.0705 0.0666 0.0740 0.0714 0.0778 0.0697 0.0747 0.0676 0.0689 0.0650 0.0704 0.0799 0.0677 0.0680 0.0815 0.0771 0.0659 0.0688 0.0751 0.0675 0.0641 0.0661 0.0664 0.0636 0.0631 0.0635 0.0627 0.0627 0.0626 0.0628 0.0630 0.0632 0.0642 0.0639 0.0664 0.0645 0.0671 0.0641 0.0652 0.0640 0.0636 0.0639 0.0636 0.0658 0.0650 0.0672 0.0659 0.0668 0.0658 0.0660 0.0642 0.0639 0.0636 0.0630 0.0630 0.0636 0.0639 0.0658 0.0668 0.0702 0.0693 0.0704 0.0728 0.0688 0.0688 0.0655 0.0659 0.0638
