1.0000 0.4020 0.1406 0.1056 0.0840 0.0731 0.0672 0.0657 0.0641 0.0634 0.0640 0.0636 0.0628 0.0628 0.0633 0.0628 0.0626 0.0625 0.0626 0.0628 0.0628 0.0634 0.0634 0.0635 0.0636 0.0635 0.0641 0.0650 0.0644 0.0641 0.0631 0.0629 0.0627 0.0626 0.0624 0.0624 0.0625 0.0624 0.0624 0.0625 0.0625 0.0626 0.0627 0.0630 0.0636 0.0657 0.0663 0.0703 0.0693 0.0674 0.0681 0.0659 0.0644 0.0640 0.0632 0.0631 0.0626 0.0626 0.0625 0.0625 0.0625 0.0625 0.0626 0.0626 0.0627 0.0628 0.0633 0.0638 0.0647 0.0661 0.0685 0.0697 0.0751 0.0773 0.0698 0.0708 0.0683 0.0664 0.0666 0.0648 0.0643 0.0641 0.0644 0.0648 0.0648 0.0644 0.0655 0.0654 0.0678 0.0667 0.0673 0.0659 0.0646 0.0641 0.0642 0.0642 0.0637 0.0637 0.0633 0.0633 0.0631 0.0632 0.0633 0.0633 0.0637 0.0635 0.0630 0.0631 0.0630 0.0630 0.0630 0.0631 0.0631 0.0633 0.0635 0.0634
0.4020 1.0000 0.4051 0.1398 0.1030 0.0839 0.0707 0.0670 0.0649 0.0638 0.0646 0.0641 0.0630 0.0632 0.0637 0.0630 0.0627 0.0627 0.0626 0.0632 0.0630 0.0637 0.0636 0.0639 0.0638 0.0636 0.0641 0.0653 0.0648 0.0650 0.0635 0.0633 0.0628 0.0628 0.0626 0.0626 0.0626 0.0625 0.0626 0.0627 0.0627 0.0627 0.0631 0.0635 0.0644 0.0677 0.0679 0.0726 0.0708 0.0690 0.0706 0.0679 0.0662 0.0652 0.0636 0.0636 0.0630 0.0628 0.0627 0.0626 0.0626 0.0626 0.0627 0.0627 0.0628 0.0631 0.0637 0.0646 0.0666 0.0679 0.0724 0.0758 0.0841 0.0889 0.0776 0.0780 0.0723 0.0689 0.0686 0.0657 0.0648 0.0645 0.0653 0.0659 0.0661 0.0662 0.0684 0.0682 0.0721 0.0702 0.0697 0.0671 0.0649 0.0641 0.0645 0.0646 0.0642 0.0644 0.0639 0.0640 0.0637 0.0636 0.0639 0.0637 0.0640 0.0639 0.0633 0.0635 0.0635 0.0634 0.0634 0.0634 0.0633 0.0636 0.0635 0.0633
0.1406 0.4051 1.0000 0.3954 0.1363 0.1067 0.0835 0.0728 0.0673 0.0651 0.0678 0.0671 0.0635 0.0636 0.0651 0.0635 0.0627 0.0628 0.0627 0.0633 0.0630 0.0637 0.0639 0.0639 0.0637 0.0635 0.0640 0.0651 0.0649 0.0655 0.0637 0.0638 0.0628 0.0628 0.0626 0.0627 0.0626 0.0627 0.0626 0.0627 0.0627 0.0629 0.0632 0.0646 0.0657 0.0720 0.0705 0.0769 0.0728 0.0710 0.0731 0.0696 0.0682 0.0657 0.0643 0.0635 0.0630 0.0627 0.0627 0.0627 0.0626 0.0626 0.0627 0.0627 0.0628 0.0630 0.0637 0.0644 0.0670 0.0672 0.0714 0.0800 0.0886 0.1018 0.0895 0.0901 0.0809 0.0729 0.0713 0.0668 0.0653 0.0651 0.0662 0.0676 0.0682 0.0701 0.0720 0.0715 0.0740 0.0716 0.0690 0.0665 0.0642 0.0636 0.0640 0.0642 0.0642 0.0641 0.0642 0.0639 0.0640 0.0635 0.0642 0.0637 0.0640 0.0639 0.0636 0.0633 0.0633 0.0631 0.0633 0.0633 0.0632 0.0634 0.0633 0.0631
0.1056 0.1398 0.3954 1.0000 0.4008 0.1393 0.1002 0.0834 0.0703 0.0662 0.0721 0.0693 0.0633 0.0635 0.0648 0.0629 0.0627 0.0626 0.0626 0.0629 0.0627 0.0631 0.0633 0.0632 0.0633 0.0631 0.0633 0.0645 0.0640 0.0646 0.0630 0.0630 0.0626 0.0626 0.0625 0.0626 0.0625 0.0624 0.0624 0.0625 0.0626 0.0626 0.0628 0.0640 0.0649 0.0708 0.0679 0.0725 0.0694 0.0684 0.0706 0.0672 0.0667 0.0649 0.0637 0.0633 0.0627 0.0626 0.0625 0.0625 0.0625 0.0625 0.0625 0.0625 0.0626 0.0627 0.0632 0.0637 0.0663 0.0668 0.0706 0.0801 0.0909 0.1135 0.0957 0.0991 0.0858 0.0743 0.0718 0.0660 0.0646 0.0643 0.0654 0.0677 0.0681 0.0712 0.0737 0.0721 0.0754 0.0712 0.0688 0.0665 0.0642 0.0634 0.0636 0.0636 0.0637 0.0636 0.0634 0.0634 0.0635 0.0632 0.0639 0.0633 0.0635 0.0635 0.0633 0.0631 0.0632 0.0630 0.0630 0.0631 0.0629 0.0630 0.0630 0.0628
0.0840 0.1030 0.1363 0.4008 1.0000 0.4036 0.1304 0.1019 0.0790 0.0711 0.0846 0.0777 0.0644 0.0648 0.0668 0.0632 0.0626 0.0626 0.0626 0.0635 0.0628 0.0634 0.0635 0.0632 0.0635 0.0632 0.0634 0.0649 0.0641 0.0654 0.0629 0.0632 0.0627 0.0627 0.0624 0.0625 0.0625 0.0625 0.0624 0.0625 0.0626 0.0627 0.0629 0.0652 0.0659 0.0746 0.0692 0.0732 0.0689 0.0681 0.0704 0.0671 0.0674 0.0644 0.0638 0.0631 0.0627 0.0627 0.0626 0.0625 0.0625 0.0624 0.0626 0.0625 0.0626 0.0627 0.0631 0.0634 0.0658 0.0659 0.0686 0.0781 0.0857 0.1167 0.1049 0.1153 0.1006 0.0800 0.0750 0.0664 0.0644 0.0642 0.0661 0.0710 0.0705 0.0758 0.0755 0.0728 0.0733 0.0695 0.0666 0.0648 0.0633 0.0630 0.0631 0.0633 0.0635 0.0635 0.0635 0.0632 0.0635 0.0631 0.0639 0.0634 0.0638 0.0635 0.0633 0.0631 0.0631 0.0630 0.0628 0.0629 0.0627 0.0628 0.0628 0.0628
0.0731 0.0839 0.1067 0.1393 0.4036 1.0000 0.4004 0.1371 0.1018 0.0864 0.1039 0.0959 0.0704 0.0703 0.0737 0.0657 0.0628 0.0631 0.0632 0.0662 0.0635 0.0646 0.0647 0.0639 0.0640 0.0633 0.0642 0.0669 0.0662 0.0705 0.0640 0.0655 0.0628 0.0631 0.0626 0.0627 0.0626 0.0625 0.0624 0.0626 0.0626 0.0630 0.0633 0.0689 0.0683 0.0820 0.0713 0.0747 0.0692 0.0690 0.0728 0.0695 0.0720 0.0656 0.0652 0.0634 0.0629 0.0627 0.0626 0.0625 0.0624 0.0624 0.0626 0.0626 0.0627 0.0627 0.0635 0.0641 0.0677 0.0667 0.0684 0.0777 0.0786 0.1032 0.1131 0.1175 0.1202 0.0835 0.0785 0.0675 0.0644 0.0645 0.0675 0.0760 0.0751 0.0849 0.0796 0.0768 0.0740 0.0706 0.0661 0.0645 0.0631 0.0628 0.0631 0.0632 0.0635 0.0632 0.0637 0.0633 0.0642 0.0633 0.0650 0.0641 0.0649 0.0640 0.0638 0.0631 0.0633 0.0630 0.0630 0.0630 0.0627 0.0629 0.0628 0.0626
0.0672 0.0707 0.0835 0.1002 0.1304 0.4004 1.0000 0.4015 0.1304 0.1132 0.1655 0.1544 0.0947 0.0939 0.1011 0.0813 0.0668 0.0668 0.0659 0.0732 0.0646 0.0657 0.0654 0.0639 0.0637 0.0632 0.0637 0.0662 0.0667 0.0761 0.0658 0.0711 0.0632 0.0644 0.0626 0.0626 0.0626 0.0626 0.0624 0.0627 0.0626 0.0642 0.0648 0.0767 0.0720 0.0890 0.0719 0.0729 0.0675 0.0683 0.0723 0.0700 0.0777 0.0669 0.0679 0.0635 0.0632 0.0626 0.0626 0.0624 0.0624 0.0624 0.0626 0.0626 0.0627 0.0628 0.0642 0.0642 0.0696 0.0657 0.0669 0.0774 0.0735 0.0922 0.1209 0.1141 0.1436 0.0871 0.0809 0.0675 0.0641 0.0644 0.0684 0.0816 0.0796 0.0978 0.0824 0.0818 0.0726 0.0696 0.0648 0.0637 0.0627 0.0626 0.0627 0.0629 0.0634 0.0633 0.0650 0.0637 0.0668 0.0642 0.0681 0.0660 0.0669 0.0653 0.0658 0.0636 0.0642 0.0630 0.0631 0.0628 0.0626 0.0627 0.0626 0.0626
0.0657 0.0670 0.0728 0.0834 0.1019 0.1371 0.4015 1.0000 0.4029 0.1867 0.1990 0.1344 0.1033 0.1011 0.0896 0.0749 0.0652 0.0656 0.0656 0.0734 0.0645 0.0657 0.0658 0.0635 0.0641 0.0630 0.0632 0.0650 0.0645 0.0731 0.0636 0.0684 0.0627 0.0639 0.0627 0.0627 0.0627 0.0627 0.0626 0.0627 0.0625 0.0634 0.0628 0.0682 0.0649 0.0743 0.0652 0.0668 0.0649 0.0655 0.0679 0.0651 0.0686 0.0633 0.0639 0.0627 0.0626 0.0626 0.0626 0.0625 0.0624 0.0624 0.0626 0.0625 0.0627 0.0626 0.0628 0.0628 0.0640 0.0633 0.0635 0.0663 0.0653 0.0737 0.0865 0.0858 0.1049 0.0741 0.0729 0.0649 0.0633 0.0634 0.0648 0.0716 0.0681 0.0769 0.0684 0.0690 0.0658 0.0651 0.0634 0.0631 0.0626 0.0626 0.0626 0.0627 0.0627 0.0626 0.0628 0.0627 0.0631 0.0627 0.0642 0.0645 0.0657 0.0640 0.0636 0.0628 0.0627 0.0626 0.0626 0.0626 0.0625 0.0626 0.0626 0.0625
0.0641 0.0649 0.0673 0.0703 0.0790 0.1018 0.1304 0.4029 1.0000 0.4036 0.1388 0.1611 0.1348 0.1011 0.0899 0.0858 0.0708 0.0748 0.0776 0.0980 0.0765 0.0781 0.0758 0.0681 0.0676 0.0644 0.0654 0.0702 0.0731 0.0953 0.0739 0.0862 0.0668 0.0679 0.0634 0.0631 0.0628 0.0629 0.0628 0.0633 0.0630 0.0659 0.0653 0.0775 0.0704 0.0836 0.0688 0.0691 0.0659 0.0674 0.0716 0.0688 0.0757 0.0659 0.0669 0.0633 0.0631 0.0627 0.0626 0.0625 0.0625 0.0625 0.0626 0.0626 0.0627 0.0627 0.0634 0.0629 0.0646 0.0632 0.0632 0.0664 0.0651 0.0707 0.0842 0.0786 0.0946 0.0691 0.0680 0.0639 0.0630 0.0630 0.0639 0.0680 0.0668 0.0777 0.0685 0.0712 0.0666 0.0657 0.0636 0.0632 0.0627 0.0627 0.0627 0.0628 0.0630 0.0629 0.0638 0.0629 0.0644 0.0631 0.0652 0.0648 0.0655 0.0639 0.0642 0.0629 0.0632 0.0626 0.0627 0.0626 0.0626 0.0627 0.0627 0.0626
0.0634 0.0638 0.0651 0.0662 0.0711 0.0864 0.1132 0.1867 0.4036 1.0000 0.4006 0.1443 0.1662 0.1480 0.1036 0.0906 0.0786 0.0796 0.0796 0.0965 0.0726 0.0724 0.0702 0.0646 0.0649 0.0630 0.0634 0.0657 0.0666 0.0817 0.0677 0.0811 0.0653 0.0684 0.0636 0.0632 0.0628 0.0628 0.0628 0.0634 0.0629 0.0654 0.0635 0.0721 0.0658 0.0736 0.0648 0.0655 0.0640 0.0650 0.0676 0.0653 0.0701 0.0640 0.0649 0.0628 0.0627 0.0626 0.0626 0.0625 0.0624 0.0625 0.0626 0.0626 0.0627 0.0627 0.0630 0.0627 0.0633 0.0627 0.0627 0.0641 0.0635 0.0658 0.0747 0.0699 0.0866 0.0666 0.0679 0.0641 0.0631 0.0632 0.0642 0.0692 0.0655 0.0733 0.0654 0.0677 0.0646 0.0645 0.0632 0.0629 0.0627 0.0626 0.0627 0.0627 0.0627 0.0626 0.0632 0.0628 0.0637 0.0630 0.0652 0.0651 0.0661 0.0637 0.0636 0.0627 0.0628 0.0626 0.0626 0.0625 0.0624 0.0626 0.0626 0.0625
0.0640 0.0646 0.0678 0.0721 0.0846 0.1039 0.1655 0.1990 0.1388 0.4006 1.0000 0.4022 0.1445 0.1746 0.1475 0.1030 0.0834 0.0785 0.0719 0.0818 0.0653 0.0648 0.0646 0.0627 0.0630 0.0625 0.0626 0.0632 0.0633 0.0728 0.0638 0.0779 0.0635 0.0670 0.0629 0.0626 0.0627 0.0626 0.0626 0.0629 0.0627 0.0653 0.0631 0.0736 0.0648 0.0720 0.0639 0.0642 0.0632 0.0641 0.0660 0.0642 0.0699 0.0633 0.0655 0.0627 0.0630 0.0625 0.0626 0.0626 0.0625 0.0624 0.0626 0.0626 0.0627 0.0626 0.0631 0.0626 0.0644 0.0628 0.0632 0.0670 0.0642 0.0700 0.0882 0.0813 0.1164 0.0775 0.0787 0.0676 0.0641 0.0646 0.0688 0.0817 0.0733 0.0856 0.0687 0.0694 0.0643 0.0640 0.0627 0.0626 0.0626 0.0626 0.0625 0.0625 0.0626 0.0626 0.0631 0.0627 0.0650 0.0639 0.0704 0.0708 0.0723 0.0670 0.0671 0.0634 0.0635 0.0627 0.0627 0.0626 0.0624 0.0626 0.0626 0.0624
0.0636 0.0641 0.0671 0.0693 0.0777 0.0959 0.1544 0.1344 0.1611 0.1443 0.4022 1.0000 0.4044 0.1412 0.1719 0.1592 0.1001 0.0989 0.0870 0.1043 0.0757 0.0706 0.0680 0.0640 0.0632 0.0626 0.0631 0.0649 0.0686 0.0933 0.0784 0.1147 0.0750 0.0815 0.0653 0.0635 0.0627 0.0627 0.0627 0.0639 0.0643 0.0794 0.0729 0.1058 0.0787 0.0900 0.0689 0.0665 0.0637 0.0653 0.0694 0.0698 0.0868 0.0701 0.0782 0.0655 0.0658 0.0628 0.0627 0.0624 0.0625 0.0625 0.0626 0.0628 0.0634 0.0633 0.0671 0.0641 0.0705 0.0636 0.0647 0.0752 0.0671 0.0764 0.1144 0.0910 0.1343 0.0789 0.0756 0.0660 0.0632 0.0637 0.0674 0.0820 0.0808 0.1138 0.0802 0.0833 0.0679 0.0661 0.0630 0.0627 0.0625 0.0625 0.0625 0.0627 0.0629 0.0632 0.0664 0.0644 0.0753 0.0689 0.0854 0.0794 0.0784 0.0705 0.0767 0.0652 0.0679 0.0629 0.0631 0.0626 0.0625 0.0627 0.0627 0.0625
0.0628 0.0630 0.0635 0.0633 0.0644 0.0704 0.0947 0.1033 0.1348 0.1662 0.1445 0.4044 1.0000 0.4087 0.1378 0.1610 0.1310 0.1391 0.1233 0.1467 0.0927 0.0806 0.0728 0.0650 0.0636 0.0626 0.0635 0.0659 0.0711 0.1022 0.0866 0.1358 0.0866 0.0943 0.0709 0.0652 0.0633 0.0633 0.0633 0.0654 0.0659 0.0811 0.0711 0.0949 0.0712 0.0772 0.0644 0.0637 0.0627 0.0634 0.0652 0.0649 0.0742 0.0652 0.0702 0.0636 0.0639 0.0626 0.0626 0.0625 0.0624 0.0625 0.0624 0.0626 0.0630 0.0627 0.0639 0.0626 0.0642 0.0626 0.0627 0.0650 0.0629 0.0642 0.0770 0.0674 0.0884 0.0656 0.0668 0.0637 0.0627 0.0629 0.0643 0.0720 0.0679 0.0839 0.0667 0.0697 0.0635 0.0634 0.0625 0.0626 0.0625 0.0624 0.0626 0.0625 0.0627 0.0626 0.0644 0.0633 0.0696 0.0653 0.0776 0.0740 0.0732 0.0659 0.0695 0.0631 0.0644 0.0627 0.0627 0.0625 0.0624 0.0625 0.0626 0.0624
0.0628 0.0632 0.0636 0.0635 0.0648 0.0703 0.0939 0.1011 0.1011 0.1480 0.1746 0.1412 0.4087 1.0000 0.4141 0.1372 0.1356 0.1076 0.0905 0.0936 0.0695 0.0654 0.0639 0.0625 0.0626 0.0624 0.0625 0.0627 0.0632 0.0730 0.0658 0.0903 0.0693 0.0797 0.0677 0.0645 0.0640 0.0631 0.0628 0.0634 0.0631 0.0697 0.0635 0.0746 0.0632 0.0660 0.0626 0.0627 0.0626 0.0628 0.0636 0.0631 0.0668 0.0628 0.0651 0.0626 0.0629 0.0626 0.0626 0.0625 0.0624 0.0624 0.0625 0.0626 0.0628 0.0626 0.0631 0.0624 0.0633 0.0624 0.0627 0.0639 0.0627 0.0635 0.0725 0.0664 0.0876 0.0681 0.0728 0.0666 0.0644 0.0653 0.0692 0.0824 0.0706 0.0803 0.0647 0.0654 0.0627 0.0627 0.0626 0.0625 0.0626 0.0626 0.0626 0.0624 0.0625 0.0626 0.0628 0.0627 0.0659 0.0650 0.0772 0.0778 0.0771 0.0675 0.0698 0.0633 0.0636 0.0627 0.0627 0.0626 0.0624 0.0626 0.0626 0.0625
0.0633 0.0637 0.0651 0.0648 0.0668 0.0737 0.1011 0.0896 0.0899 0.1036 0.1475 0.1719 0.1378 0.4141 1.0000 0.4139 0.1371 0.1045 0.0826 0.0837 0.0659 0.0634 0.0628 0.0624 0.0624 0.0625 0.0623 0.0624 0.0627 0.0714 0.0665 0.0969 0.0715 0.0863 0.0694 0.0661 0.0648 0.0632 0.0630 0.0650 0.0652 0.0804 0.0685 0.0893 0.0674 0.0702 0.0635 0.0632 0.0627 0.0633 0.0646 0.0653 0.0744 0.0655 0.0732 0.0645 0.0661 0.0631 0.0630 0.0624 0.0625 0.0625 0.0627 0.0632 0.0641 0.0633 0.0664 0.0637 0.0690 0.0633 0.0641 0.0711 0.0644 0.0687 0.0919 0.0796 0.1166 0.0795 0.0822 0.0713 0.0661 0.0676 0.0751 0.0969 0.0853 0.1085 0.0747 0.0734 0.0641 0.0635 0.0626 0.0626 0.0624 0.0625 0.0626 0.0625 0.0626 0.0627 0.0647 0.0650 0.0785 0.0768 0.1075 0.1062 0.1013 0.0829 0.0915 0.0702 0.0708 0.0636 0.0633 0.0626 0.0626 0.0627 0.0627 0.0625
0.0628 0.0630 0.0635 0.0629 0.0632 0.0657 0.0813 0.0749 0.0858 0.0906 0.1030 0.1592 0.1610 0.1372 0.4139 1.0000 0.4163 0.1761 0.1187 0.1133 0.0822 0.0687 0.0650 0.0628 0.0627 0.0626 0.0626 0.0631 0.0662 0.0893 0.0864 0.1635 0.1043 0.1346 0.0882 0.0743 0.0678 0.0649 0.0654 0.0721 0.0778 0.1097 0.0860 0.1175 0.0768 0.0763 0.0642 0.0631 0.0626 0.0631 0.0641 0.0652 0.0778 0.0674 0.0802 0.0671 0.0709 0.0641 0.0636 0.0625 0.0626 0.0626 0.0627 0.0634 0.0646 0.0635 0.0678 0.0639 0.0688 0.0630 0.0633 0.0688 0.0633 0.0653 0.0828 0.0706 0.0943 0.0693 0.0702 0.0661 0.0636 0.0642 0.0679 0.0803 0.0756 0.0974 0.0703 0.0725 0.0636 0.0633 0.0626 0.0626 0.0624 0.0625 0.0626 0.0625 0.0626 0.0627 0.0657 0.0666 0.0862 0.0817 0.1196 0.1129 0.1046 0.0847 0.0975 0.0714 0.0733 0.0636 0.0632 0.0626 0.0624 0.0627 0.0626 0.0624
0.0626 0.0627 0.0627 0.0627 0.0626 0.0628 0.0668 0.0652 0.0708 0.0786 0.0834 0.1001 0.1310 0.1356 0.1371 0.4163 1.0000 0.4212 0.1291 0.0986 0.0777 0.0649 0.0632 0.0625 0.0626 0.0624 0.0626 0.0625 0.0629 0.0732 0.0742 0.1205 0.1042 0.1256 0.1024 0.0793 0.0724 0.0670 0.0676 0.0711 0.0769 0.0862 0.0724 0.0809 0.0644 0.0643 0.0624 0.0626 0.0626 0.0627 0.0630 0.0628 0.0651 0.0627 0.0659 0.0632 0.0644 0.0633 0.0631 0.0625 0.0625 0.0626 0.0626 0.0630 0.0633 0.0627 0.0636 0.0627 0.0633 0.0625 0.0626 0.0632 0.0625 0.0626 0.0653 0.0630 0.0720 0.0643 0.0672 0.0651 0.0640 0.0641 0.0659 0.0722 0.0660 0.0729 0.0632 0.0639 0.0626 0.0626 0.0626 0.0625 0.0624 0.0625 0.0625 0.0625 0.0625 0.0624 0.0627 0.0630 0.0691 0.0712 0.0916 0.1025 0.0907 0.0749 0.0785 0.0658 0.0654 0.0629 0.0627 0.0625 0.0625 0.0626 0.0626 0.0624
0.0625 0.0627 0.0628 0.0626 0.0626 0.0631 0.0668 0.0656 0.0748 0.0796 0.0785 0.0989 0.1391 0.1076 0.1045 0.1761 0.4212 1.0000 0.4087 0.1318 0.1025 0.0750 0.0672 0.0630 0.0627 0.0625 0.0631 0.0630 0.0654 0.0889 0.0935 0.1650 0.1430 0.1412 0.1061 0.0789 0.0702 0.0662 0.0681 0.0739 0.0857 0.0979 0.0864 0.0944 0.0708 0.0682 0.0629 0.0627 0.0626 0.0627 0.0629 0.0632 0.0668 0.0640 0.0683 0.0650 0.0668 0.0643 0.0639 0.0626 0.0626 0.0626 0.0628 0.0633 0.0637 0.0628 0.0637 0.0627 0.0633 0.0626 0.0626 0.0630 0.0625 0.0627 0.0648 0.0631 0.0688 0.0635 0.0650 0.0642 0.0633 0.0636 0.0648 0.0688 0.0652 0.0697 0.0632 0.0636 0.0627 0.0627 0.0625 0.0626 0.0625 0.0626 0.0625 0.0625 0.0626 0.0626 0.0628 0.0630 0.0669 0.0670 0.0804 0.0815 0.0762 0.0677 0.0708 0.0635 0.0639 0.0627 0.0627 0.0626 0.0626 0.0626 0.0625 0.0624
0.0626 0.0626 0.0627 0.0626 0.0626 0.0632 0.0659 0.0656 0.0776 0.0796 0.0719 0.0870 0.1233 0.0905 0.0826 0.1187 0.1291 0.4087 1.0000 0.4020 0.1484 0.0954 0.0783 0.0646 0.0631 0.0625 0.0641 0.0635 0.0686 0.0958 0.1088 0.1521 0.1553 0.1076 0.0901 0.0692 0.0647 0.0636 0.0652 0.0678 0.0822 0.0836 0.0862 0.0865 0.0722 0.0686 0.0629 0.0627 0.0626 0.0627 0.0627 0.0629 0.0648 0.0632 0.0649 0.0637 0.0641 0.0635 0.0633 0.0627 0.0626 0.0625 0.0626 0.0628 0.0630 0.0626 0.0628 0.0627 0.0627 0.0626 0.0625 0.0626 0.0624 0.0625 0.0631 0.0627 0.0645 0.0627 0.0633 0.0633 0.0629 0.0628 0.0631 0.0642 0.0629 0.0646 0.0626 0.0628 0.0626 0.0625 0.0624 0.0624 0.0625 0.0625 0.0624 0.0625 0.0625 0.0625 0.0624 0.0626 0.0636 0.0635 0.0690 0.0703 0.0680 0.0637 0.0648 0.0626 0.0628 0.0626 0.0626 0.0625 0.0624 0.0624 0.0626 0.0624
0.0628 0.0632 0.0633 0.0629 0.0635 0.0662 0.0732 0.0734 0.0980 0.0965 0.0818 0.1043 0.1467 0.0936 0.0837 0.1133 0.0986 0.1318 0.4020 1.0000 0.3949 0.1389 0.1083 0.0804 0.0687 0.0650 0.0747 0.0755 0.0935 0.1619 0.1450 0.1693 0.1174 0.0857 0.0703 0.0631 0.0626 0.0626 0.0628 0.0634 0.0720 0.0782 0.0915 0.1005 0.0899 0.0881 0.0697 0.0664 0.0633 0.0636 0.0644 0.0653 0.0724 0.0667 0.0696 0.0658 0.0654 0.0636 0.0632 0.0625 0.0624 0.0626 0.0627 0.0630 0.0633 0.0627 0.0634 0.0627 0.0632 0.0626 0.0625 0.0628 0.0625 0.0626 0.0638 0.0627 0.0651 0.0629 0.0633 0.0631 0.0628 0.0628 0.0631 0.0640 0.0634 0.0657 0.0628 0.0633 0.0626 0.0626 0.0624 0.0625 0.0626 0.0624 0.0624 0.0624 0.0624 0.0625 0.0627 0.0627 0.0650 0.0635 0.0686 0.0675 0.0667 0.0638 0.0655 0.0627 0.0631 0.0625 0.0626 0.0625 0.0624 0.0626 0.0626 0.0624
0.0628 0.0630 0.0630 0.0627 0.0628 0.0635 0.0646 0.0645 0.0765 0.0726 0.0653 0.0757 0.0927 0.0695 0.0659 0.0822 0.0777 0.1025 0.1484 0.3949 1.0000 0.4013 0.1328 0.0947 0.0741 0.0667 0.0798 0.0768 0.0996 0.1363 0.2120 0.1506 0.1454 0.0877 0.0741 0.0641 0.0628 0.0627 0.0637 0.0651 0.0822 0.0807 0.1064 0.0961 0.0939 0.0848 0.0702 0.0669 0.0634 0.0633 0.0636 0.0642 0.0683 0.0668 0.0672 0.0676 0.0660 0.0650 0.0639 0.0628 0.0626 0.0627 0.0626 0.0632 0.0633 0.0628 0.0630 0.0627 0.0627 0.0625 0.0625 0.0627 0.0624 0.0625 0.0628 0.0627 0.0632 0.0626 0.0627 0.0628 0.0626 0.0627 0.0627 0.0631 0.0627 0.0634 0.0626 0.0627 0.0626 0.0625 0.0625 0.0624 0.0625 0.0625 0.0625 0.0625 0.0625 0.0626 0.0626 0.0626 0.0629 0.0627 0.0639 0.0637 0.0639 0.0629 0.0632 0.0625 0.0627 0.0626 0.0625 0.0625 0.0624 0.0626 0.0626 0.0624
0.0634 0.0637 0.0637 0.0631 0.0634 0.0646 0.0657 0.0657 0.0781 0.0724 0.0648 0.0706 0.0806 0.0654 0.0634 0.0687 0.0649 0.0750 0.0954 0.1389 0.4013 1.0000 0.3957 0.1481 0.1046 0.0895 0.1130 0.1035 0.1337 0.1588 0.1712 0.1063 0.0907 0.0668 0.0633 0.0624 0.0624 0.0624 0.0624 0.0624 0.0670 0.0671 0.0860 0.0841 0.0963 0.0900 0.0791 0.0749 0.0658 0.0644 0.0644 0.0651 0.0670 0.0663 0.0644 0.0654 0.0633 0.0633 0.0628 0.0625 0.0624 0.0625 0.0626 0.0627 0.0627 0.0627 0.0627 0.0627 0.0625 0.0625 0.0625 0.0625 0.0624 0.0626 0.0626 0.0624 0.0626 0.0624 0.0626 0.0626 0.0625 0.0626 0.0626 0.0626 0.0625 0.0626 0.0626 0.0626 0.0626 0.0626 0.0625 0.0625 0.0624 0.0625 0.0624 0.0625 0.0624 0.0625 0.0626 0.0626 0.0626 0.0626 0.0628 0.0629 0.0632 0.0627 0.0627 0.0625 0.0626 0.0626 0.0625 0.0625 0.0624 0.0626 0.0626 0.0625
0.0634 0.0636 0.0639 0.0633 0.0635 0.0647 0.0654 0.0658 0.0758 0.0702 0.0646 0.0680 0.0728 0.0639 0.0628 0.0650 0.0632 0.0672 0.0783 0.1083 0.1328 0.3957 1.0000 0.4023 0.1264 0.1013 0.1295 0.1200 0.1463 0.1594 0.1326 0.0901 0.0741 0.0629 0.0625 0.0625 0.0625 0.0624 0.0624 0.0624 0.0649 0.0646 0.0794 0.0780 0.0958 0.0923 0.0861 0.0856 0.0714 0.0667 0.0665 0.0667 0.0685 0.0677 0.0645 0.0654 0.0632 0.0632 0.0628 0.0626 0.0626 0.0627 0.0627 0.0628 0.0629 0.0628 0.0628 0.0627 0.0628 0.0627 0.0626 0.0627 0.0625 0.0626 0.0626 0.0626 0.0627 0.0626 0.0626 0.0627 0.0626 0.0626 0.0627 0.0627 0.0627 0.0626 0.0626 0.0627 0.0626 0.0627 0.0625 0.0625 0.0626 0.0625 0.0626 0.0625 0.0625 0.0626 0.0627 0.0625 0.0626 0.0626 0.0627 0.0628 0.0631 0.0629 0.0627 0.0626 0.0626 0.0625 0.0626 0.0626 0.0625 0.0626 0.0626 0.0626
0.0635 0.0639 0.0639 0.0632 0.0632 0.0639 0.0639 0.0635 0.0681 0.0646 0.0627 0.0640 0.0650 0.0625 0.0624 0.0628 0.0625 0.0630 0.0646 0.0804 0.0947 0.1481 0.4023 1.0000 0.4007 0.1705 0.1961 0.1434 0.1594 0.1187 0.1037 0.0722 0.0650 0.0624 0.0624 0.0623 0.0624 0.0624 0.0624 0.0624 0.0630 0.0627 0.0697 0.0687 0.0887 0.0851 0.0891 0.0902 0.0762 0.0676 0.0663 0.0662 0.0656 0.0670 0.0633 0.0649 0.0627 0.0630 0.0626 0.0625 0.0626 0.0626 0.0626 0.0626 0.0627 0.0627 0.0627 0.0627 0.0626 0.0627 0.0626 0.0626 0.0626 0.0625 0.0626 0.0624 0.0626 0.0626 0.0626 0.0626 0.0626 0.0626 0.0626 0.0627 0.0626 0.0626 0.0626 0.0626 0.0626 0.0627 0.0626 0.0626 0.0626 0.0626 0.0627 0.0626 0.0625 0.0626 0.0627 0.0625 0.0625 0.0626 0.0625 0.0626 0.0627 0.0626 0.0626 0.0625 0.0625 0.0625 0.0625 0.0624 0.0624 0.0625 0.0626 0.0626
0.0636 0.0638 0.0637 0.0633 0.0635 0.0640 0.0637 0.0641 0.0676 0.0649 0.0630 0.0632 0.0636 0.0626 0.0624 0.0627 0.0626 0.0627 0.0631 0.0687 0.0741 0.1046 0.1264 0.4007 1.0000 0.4065 0.1326 0.1275 0.1046 0.0871 0.0774 0.0639 0.0629 0.0625 0.0624 0.0625 0.0624 0.0626 0.0626 0.0626 0.0627 0.0625 0.0644 0.0635 0.0721 0.0706 0.0777 0.0820 0.0745 0.0662 0.0646 0.0642 0.0633 0.0641 0.0627 0.0634 0.0626 0.0627 0.0626 0.0626 0.0626 0.0626 0.0626 0.0626 0.0626 0.0627 0.0627 0.0627 0.0626 0.0627 0.0627 0.0626 0.0627 0.0627 0.0626 0.0626 0.0627 0.0626 0.0626 0.0627 0.0628 0.0627 0.0627 0.0627 0.0626 0.0626 0.0626 0.0626 0.0626 0.0625 0.0626 0.0626 0.0626 0.0626 0.0626 0.0626 0.0626 0.0626 0.0626 0.0626 0.0626 0.0626 0.0626 0.0627 0.0627 0.0627 0.0625 0.0625 0.0625 0.0626 0.0626 0.0626 0.0626 0.0626 0.0627 0.0627
0.0635 0.0636 0.0635 0.0631 0.0632 0.0633 0.0632 0.0630 0.0644 0.0630 0.0625 0.0626 0.0626 0.0624 0.0625 0.0626 0.0624 0.0625 0.0625 0.0650 0.0667 0.0895 0.1013 0.1705 0.4065 1.0000 0.4043 0.1388 0.1069 0.0807 0.0723 0.0629 0.0627 0.0625 0.0625 0.0625 0.0624 0.0625 0.0625 0.0625 0.0626 0.0623 0.0636 0.0628 0.0715 0.0709 0.0835 0.0916 0.0833 0.0697 0.0665 0.0652 0.0633 0.0646 0.0626 0.0636 0.0626 0.0628 0.0624 0.0625 0.0626 0.0625 0.0626 0.0626 0.0626 0.0627 0.0627 0.0627 0.0626 0.0627 0.0627 0.0626 0.0627 0.0627 0.0626 0.0627 0.0627 0.0626 0.0626 0.0626 0.0627 0.0627 0.0626 0.0626 0.0626 0.0625 0.0626 0.0625 0.0625 0.0626 0.0625 0.0626 0.0626 0.0626 0.0627 0.0626 0.0626 0.0626 0.0626 0.0626 0.0625 0.0625 0.0625 0.0626 0.0626 0.0625 0.0624 0.0624 0.0624 0.0625 0.0624 0.0626 0.0626 0.0626 0.0626 0.0626
0.0641 0.0641 0.0640 0.0633 0.0634 0.0642 0.0637 0.0632 0.0654 0.0634 0.0626 0.0631 0.0635 0.0625 0.0623 0.0626 0.0626 0.0631 0.0641 0.0747 0.0798 0.1130 0.1295 0.1961 0.1326 0.4043 1.0000 0.4081 0.1651 0.1071 0.0917 0.0685 0.0641 0.0625 0.0624 0.0625 0.0625 0.0624 0.0625 0.0626 0.0627 0.0624 0.0665 0.0664 0.0907 0.0927 0.1160 0.1243 0.1051 0.0822 0.0757 0.0739 0.0686 0.0719 0.0633 0.0654 0.0625 0.0631 0.0625 0.0625 0.0624 0.0626 0.0627 0.0627 0.0627 0.0630 0.0627 0.0632 0.0633 0.0633 0.0631 0.0633 0.0628 0.0629 0.0630 0.0628 0.0630 0.0626 0.0627 0.0626 0.0626 0.0626 0.0627 0.0626 0.0626 0.0625 0.0627 0.0627 0.0627 0.0627 0.0626 0.0627 0.0627 0.0627 0.0627 0.0627 0.0626 0.0626 0.0626 0.0625 0.0624 0.0625 0.0626 0.0626 0.0628 0.0626 0.0625 0.0624 0.0624 0.0626 0.0626 0.0626 0.0626 0.0627 0.0627 0.0626
0.0650 0.0653 0.0651 0.0645 0.0649 0.0669 0.0662 0.0650 0.0702 0.0657 0.0632 0.0649 0.0659 0.0627 0.0624 0.0631 0.0625 0.0630 0.0635 0.0755 0.0768 0.1035 0.1200 0.1434 0.1275 0.1388 0.4081 1.0000 0.4103 0.1245 0.0930 0.0702 0.0632 0.0625 0.0624 0.0625 0.0625 0.0625 0.0625 0.0625 0.0624 0.0623 0.0658 0.0698 0.1007 0.1155 0.1503 0.1688 0.1284 0.0998 0.0895 0.0846 0.0781 0.0790 0.0651 0.0666 0.0626 0.0630 0.0624 0.0624 0.0625 0.0626 0.0630 0.0629 0.0631 0.0633 0.0633 0.0641 0.0649 0.0637 0.0635 0.0644 0.0631 0.0634 0.0642 0.0633 0.0640 0.0628 0.0627 0.0627 0.0627 0.0627 0.0626 0.0626 0.0627 0.0628 0.0628 0.0633 0.0628 0.0633 0.0627 0.0629 0.0626 0.0626 0.0627 0.0627 0.0627 0.0626 0.0632 0.0626 0.0626 0.0625 0.0626 0.0627 0.0631 0.0628 0.0627 0.0625 0.0626 0.0626 0.0626 0.0626 0.0626 0.0627 0.0628 0.0627
0.0644 0.0648 0.0649 0.0640 0.0641 0.0662 0.0667 0.0645 0.0731 0.0666 0.0633 0.0686 0.0711 0.0632 0.0627 0.0662 0.0629 0.0654 0.0686 0.0935 0.0996 0.1337 0.1463 0.1594 0.1046 0.1069 0.1651 0.4103 1.0000 0.4016 0.1412 0.0935 0.0732 0.0633 0.0625 0.0624 0.0625 0.0625 0.0626 0.0624 0.0632 0.0638 0.0860 0.0947 0.1691 0.1596 0.1834 0.1395 0.1027 0.0959 0.0914 0.0977 0.0959 0.1073 0.0768 0.0791 0.0636 0.0639 0.0626 0.0626 0.0626 0.0626 0.0632 0.0637 0.0639 0.0653 0.0657 0.0667 0.0693 0.0651 0.0644 0.0663 0.0633 0.0636 0.0648 0.0631 0.0642 0.0627 0.0627 0.0627 0.0626 0.0627 0.0627 0.0627 0.0631 0.0635 0.0632 0.0643 0.0630 0.0636 0.0627 0.0627 0.0626 0.0626 0.0626 0.0627 0.0628 0.0627 0.0639 0.0631 0.0640 0.0628 0.0633 0.0628 0.0634 0.0630 0.0631 0.0626 0.0629 0.0626 0.0628 0.0628 0.0627 0.0630 0.0630 0.0626
0.0641 0.0650 0.0655 0.0646 0.0654 0.0705 0.0761 0.0731 0.0953 0.0817 0.0728 0.0933 0.1022 0.0730 0.0714 0.0893 0.0732 0.0889 0.0958 0.1619 0.1363 0.1588 0.1594 0.1187 0.0871 0.0807 0.1071 0.1245 0.4016 1.0000 0.3975 0.1433 0.0914 0.0729 0.0626 0.0624 0.0625 0.0624 0.0624 0.0624 0.0630 0.0693 0.0927 0.1171 0.1536 0.1963 0.1262 0.1113 0.0815 0.0816 0.0814 0.0855 0.0998 0.0921 0.0795 0.0742 0.0632 0.0628 0.0624 0.0626 0.0624 0.0624 0.0626 0.0629 0.0633 0.0636 0.0649 0.0645 0.0688 0.0638 0.0635 0.0662 0.0630 0.0632 0.0658 0.0631 0.0650 0.0628 0.0628 0.0629 0.0627 0.0627 0.0628 0.0632 0.0632 0.0653 0.0632 0.0653 0.0629 0.0638 0.0626 0.0627 0.0626 0.0626 0.0626 0.0626 0.0628 0.0628 0.0645 0.0630 0.0659 0.0629 0.0650 0.0635 0.0644 0.0635 0.0645 0.0627 0.0636 0.0626 0.0630 0.0626 0.0626 0.0628 0.0628 0.0626
0.0631 0.0635 0.0637 0.0630 0.0629 0.0640 0.0658 0.0636 0.0739 0.0677 0.0638 0.0784 0.0866 0.0658 0.0665 0.0864 0.0742 0.0935 0.1088 0.1450 0.2120 0.1712 0.1326 0.1037 0.0774 0.0723 0.0917 0.0930 0.1412 0.3975 1.0000 0.3970 0.1470 0.0934 0.0734 0.0633 0.0625 0.0624 0.0626 0.0633 0.0831 0.0938 0.1641 0.1513 0.2048 0.1287 0.0969 0.0782 0.0650 0.0666 0.0672 0.0754 0.0908 0.1039 0.0933 0.1024 0.0736 0.0750 0.0633 0.0626 0.0630 0.0630 0.0650 0.0664 0.0671 0.0667 0.0672 0.0644 0.0668 0.0628 0.0627 0.0638 0.0626 0.0627 0.0639 0.0627 0.0639 0.0627 0.0626 0.0628 0.0626 0.0627 0.0629 0.0631 0.0633 0.0652 0.0629 0.0640 0.0627 0.0630 0.0626 0.0625 0.0626 0.0626 0.0625 0.0626 0.0626 0.0627 0.0637 0.0627 0.0665 0.0626 0.0663 0.0634 0.0642 0.0631 0.0658 0.0626 0.0635 0.0626 0.0628 0.0627 0.0626 0.0626 0.0627 0.0625
0.0629 0.0633 0.0638 0.0630 0.0632 0.0655 0.0711 0.0684 0.0862 0.0811 0.0779 0.1147 0.1358 0.0903 0.0969 0.1635 0.1205 0.1650 0.1521 0.1693 0.1506 0.1063 0.0901 0.0722 0.0639 0.0629 0.0685 0.0702 0.0935 0.1433 0.3970 1.0000 0.3952 0.1431 0.0912 0.0730 0.0632 0.0628 0.0627 0.0685 0.0914 0.1218 0.1479 0.2155 0.1312 0.1155 0.0771 0.0672 0.0626 0.0639 0.0649 0.0694 0.0933 0.0891 0.1013 0.0917 0.0784 0.0729 0.0637 0.0623 0.0624 0.0625 0.0633 0.0657 0.0671 0.0657 0.0702 0.0645 0.0693 0.0631 0.0628 0.0651 0.0626 0.0628 0.0667 0.0631 0.0662 0.0630 0.0628 0.0629 0.0627 0.0627 0.0632 0.0648 0.0653 0.0735 0.0645 0.0689 0.0631 0.0638 0.0625 0.0625 0.0624 0.0624 0.0624 0.0625 0.0627 0.0629 0.0677 0.0651 0.0798 0.0670 0.0803 0.0689 0.0693 0.0684 0.0801 0.0650 0.0696 0.0632 0.0636 0.0628 0.0626 0.0626 0.0627 0.0625
0.0627 0.0628 0.0628 0.0626 0.0627 0.0628 0.0632 0.0627 0.0668 0.0653 0.0635 0.0750 0.0866 0.0693 0.0715 0.1043 0.1042 0.1430 0.1553 0.1174 0.1454 0.0907 0.0741 0.0650 0.0629 0.0627 0.0641 0.0632 0.0732 0.0914 0.1470 0.3952 1.0000 0.3934 0.1432 0.0934 0.0724 0.0677 0.0775 0.0891 0.1558 0.1435 0.2061 0.1299 0.1014 0.0762 0.0632 0.0625 0.0626 0.0626 0.0624 0.0628 0.0689 0.0763 0.0889 0.1036 0.0906 0.1007 0.0751 0.0679 0.0658 0.0649 0.0667 0.0694 0.0679 0.0645 0.0651 0.0626 0.0631 0.0626 0.0626 0.0625 0.0626 0.0626 0.0627 0.0624 0.0632 0.0626 0.0627 0.0628 0.0626 0.0627 0.0632 0.0641 0.0632 0.0660 0.0626 0.0634 0.0626 0.0626 0.0625 0.0624 0.0624 0.0625 0.0624 0.0625 0.0624 0.0626 0.0631 0.0626 0.0689 0.0637 0.0749 0.0681 0.0698 0.0701 0.0780 0.0635 0.0646 0.0624 0.0624 0.0626 0.0624 0.0624 0.0625 0.0624
0.0626 0.0628 0.0628 0.0626 0.0627 0.0631 0.0644 0.0639 0.0679 0.0684 0.0670 0.0815 0.0943 0.0797 0.0863 0.1346 0.1256 0.1412 0.1076 0.0857 0.0877 0.0668 0.0629 0.0624 0.0625 0.0625 0.0625 0.0625 0.0633 0.0729 0.0934 0.1431 0.3934 1.0000 0.3965 0.1386 0.0949 0.0838 0.0908 0.1104 0.1456 0.2092 0.1336 0.1210 0.0798 0.0676 0.0625 0.0626 0.0626 0.0626 0.0625 0.0627 0.0692 0.0699 0.0935 0.0903 0.0998 0.0926 0.0801 0.0681 0.0644 0.0642 0.0662 0.0728 0.0730 0.0667 0.0705 0.0635 0.0649 0.0626 0.0626 0.0632 0.0625 0.0626 0.0646 0.0630 0.0658 0.0635 0.0634 0.0634 0.0627 0.0631 0.0645 0.0678 0.0674 0.0755 0.0648 0.0671 0.0629 0.0631 0.0625 0.0626 0.0625 0.0625 0.0624 0.0625 0.0626 0.0628 0.0668 0.0672 0.0883 0.0794 0.1107 0.0926 0.0974 0.1019 0.1215 0.0791 0.0781 0.0651 0.0635 0.0626 0.0624 0.0625 0.0625 0.0624
0.0624 0.0626 0.0626 0.0625 0.0624 0.0626 0.0626 0.0627 0.0634 0.0636 0.0629 0.0653 0.0709 0.0677 0.0694 0.0882 0.1024 0.1061 0.0901 0.0703 0.0741 0.0633 0.0625 0.0624 0.0624 0.0625 0.0624 0.0624 0.0625 0.0626 0.0734 0.0912 0.1432 0.3965 1.0000 0.4043 0.1361 0.1173 0.1425 0.1409 0.1930 0.1328 0.1035 0.0786 0.0639 0.0622 0.0626 0.0626 0.0626 0.0626 0.0626 0.0625 0.0623 0.0628 0.0693 0.0772 0.0890 0.1009 0.0939 0.0837 0.0707 0.0675 0.0658 0.0701 0.0664 0.0631 0.0634 0.0626 0.0625 0.0625 0.0624 0.0624 0.0624 0.0625 0.0626 0.0625 0.0630 0.0626 0.0628 0.0630 0.0627 0.0631 0.0635 0.0646 0.0633 0.0652 0.0626 0.0628 0.0627 0.0626 0.0624 0.0625 0.0625 0.0625 0.0624 0.0624 0.0624 0.0625 0.0627 0.0627 0.0678 0.0661 0.0817 0.0766 0.0860 0.0900 0.0896 0.0681 0.0653 0.0626 0.0624 0.0624 0.0624 0.0624 0.0624 0.0623
0.0624 0.0626 0.0627 0.0626 0.0625 0.0627 0.0626 0.0627 0.0631 0.0632 0.0626 0.0635 0.0652 0.0645 0.0661 0.0743 0.0793 0.0789 0.0692 0.0631 0.0641 0.0624 0.0625 0.0623 0.0625 0.0625 0.0625 0.0625 0.0624 0.0624 0.0633 0.0730 0.0934 0.1386 0.4043 1.0000 0.4147 0.1644 0.1629 0.1901 0.1414 0.1317 0.0849 0.0708 0.0627 0.0623 0.0624 0.0624 0.0625 0.0625 0.0626 0.0625 0.0626 0.0626 0.0698 0.0733 0.0952 0.0954 0.1041 0.0890 0.0729 0.0700 0.0684 0.0758 0.0704 0.0645 0.0646 0.0627 0.0627 0.0625 0.0625 0.0626 0.0625 0.0625 0.0628 0.0626 0.0637 0.0633 0.0636 0.0643 0.0634 0.0644 0.0659 0.0683 0.0665 0.0683 0.0637 0.0636 0.0628 0.0627 0.0625 0.0627 0.0626 0.0625 0.0626 0.0626 0.0627 0.0628 0.0636 0.0647 0.0746 0.0768 0.1026 0.1005 0.1203 0.1319 0.1181 0.0825 0.0722 0.0647 0.0628 0.0626 0.0624 0.0626 0.0625 0.0624
0.0625 0.0626 0.0626 0.0625 0.0625 0.0626 0.0626 0.0627 0.0628 0.0628 0.0627 0.0627 0.0633 0.0640 0.0648 0.0678 0.0724 0.0702 0.0647 0.0626 0.0628 0.0624 0.0625 0.0624 0.0624 0.0624 0.0625 0.0625 0.0625 0.0625 0.0625 0.0632 0.0724 0.0949 0.1361 0.4147 1.0000 0.4264 0.1456 0.1237 0.0950 0.0844 0.0650 0.0626 0.0626 0.0624 0.0625 0.0626 0.0626 0.0625 0.0626 0.0626 0.0626 0.0626 0.0628 0.0632 0.0708 0.0748 0.0864 0.0847 0.0696 0.0653 0.0633 0.0661 0.0639 0.0627 0.0628 0.0625 0.0625 0.0625 0.0625 0.0626 0.0624 0.0625 0.0625 0.0627 0.0628 0.0629 0.0631 0.0635 0.0633 0.0639 0.0641 0.0648 0.0635 0.0636 0.0629 0.0627 0.0627 0.0627 0.0626 0.0627 0.0626 0.0626 0.0626 0.0626 0.0625 0.0627 0.0627 0.0631 0.0653 0.0677 0.0794 0.0843 0.1014 0.1069 0.0877 0.0731 0.0656 0.0635 0.0627 0.0626 0.0625 0.0625 0.0626 0.0624
0.0624 0.0625 0.0627 0.0624 0.0625 0.0625 0.0626 0.0627 0.0629 0.0628 0.0626 0.0627 0.0633 0.0631 0.0632 0.0649 0.0670 0.0662 0.0636 0.0626 0.0627 0.0624 0.0624 0.0624 0.0626 0.0625 0.0624 0.0625 0.0625 0.0624 0.0624 0.0628 0.0677 0.0838 0.1173 0.1644 0.4264 1.0000 0.4394 0.1680 0.1002 0.0838 0.0652 0.0626 0.0625 0.0625 0.0626 0.0626 0.0626 0.0625 0.0625 0.0625 0.0626 0.0626 0.0627 0.0635 0.0772 0.0871 0.1104 0.1135 0.0847 0.0745 0.0669 0.0715 0.0657 0.0628 0.0626 0.0625 0.0624 0.0624 0.0625 0.0625 0.0624 0.0624 0.0625 0.0626 0.0627 0.0627 0.0630 0.0636 0.0635 0.0642 0.0643 0.0646 0.0633 0.0635 0.0628 0.0627 0.0627 0.0627 0.0626 0.0626 0.0626 0.0624 0.0626 0.0626 0.0625 0.0626 0.0626 0.0629 0.0641 0.0653 0.0734 0.0756 0.0891 0.0917 0.0789 0.0686 0.0641 0.0631 0.0626 0.0626 0.0624 0.0626 0.0626 0.0624
0.0624 0.0626 0.0626 0.0624 0.0624 0.0624 0.0624 0.0626 0.0628 0.0628 0.0626 0.0627 0.0633 0.0628 0.0630 0.0654 0.0676 0.0681 0.0652 0.0628 0.0637 0.0624 0.0624 0.0624 0.0626 0.0625 0.0625 0.0625 0.0626 0.0624 0.0626 0.0627 0.0775 0.0908 0.1425 0.1629 0.1456 0.4394 1.0000 0.4171 0.1333 0.0930 0.0721 0.0629 0.0624 0.0625 0.0626 0.0625 0.0626 0.0626 0.0626 0.0625 0.0624 0.0625 0.0628 0.0697 0.0908 0.1137 0.1447 0.1599 0.1070 0.0882 0.0757 0.0812 0.0691 0.0631 0.0626 0.0623 0.0623 0.0624 0.0624 0.0624 0.0624 0.0624 0.0624 0.0625 0.0626 0.0626 0.0627 0.0631 0.0629 0.0635 0.0638 0.0645 0.0632 0.0639 0.0627 0.0627 0.0626 0.0626 0.0625 0.0626 0.0625 0.0624 0.0624 0.0625 0.0626 0.0627 0.0627 0.0627 0.0645 0.0643 0.0731 0.0711 0.0808 0.0829 0.0781 0.0664 0.0640 0.0630 0.0625 0.0625 0.0624 0.0625 0.0625 0.0623
0.0625 0.0627 0.0627 0.0625 0.0625 0.0626 0.0627 0.0627 0.0633 0.0634 0.0629 0.0639 0.0654 0.0634 0.0650 0.0721 0.0711 0.0739 0.0678 0.0634 0.0651 0.0624 0.0624 0.0624 0.0626 0.0625 0.0626 0.0625 0.0624 0.0624 0.0633 0.0685 0.0891 0.1104 0.1409 0.1901 0.1237 0.1680 0.4171 1.0000 0.3981 0.1428 0.0927 0.0736 0.0627 0.0625 0.0626 0.0627 0.0626 0.0626 0.0626 0.0626 0.0624 0.0626 0.0756 0.0905 0.1432 0.1509 0.1955 0.1292 0.1050 0.0977 0.0922 0.1100 0.0907 0.0722 0.0674 0.0624 0.0626 0.0626 0.0625 0.0624 0.0625 0.0625 0.0627 0.0626 0.0641 0.0632 0.0635 0.0641 0.0632 0.0642 0.0659 0.0686 0.0666 0.0706 0.0636 0.0644 0.0628 0.0635 0.0626 0.0628 0.0625 0.0624 0.0626 0.0626 0.0627 0.0627 0.0640 0.0637 0.0739 0.0704 0.0929 0.0820 0.0916 0.0961 0.1020 0.0730 0.0698 0.0639 0.0631 0.0626 0.0626 0.0626 0.0627 0.0624
0.0625 0.0627 0.0627 0.0626 0.0626 0.0626 0.0626 0.0625 0.0630 0.0629 0.0627 0.0643 0.0659 0.0631 0.0652 0.0778 0.0769 0.0857 0.0822 0.0720 0.0822 0.0670 0.0649 0.0630 0.0627 0.0626 0.0627 0.0624 0.0632 0.0630 0.0831 0.0914 0.1558 0.1456 0.1930 0.1414 0.0950 0.1002 0.1333 0.3981 1.0000 0.3924 0.1494 0.0925 0.0742 0.0625 0.0626 0.0627 0.0627 0.0626 0.0626 0.0626 0.0626 0.0714 0.0893 0.1263 0.1429 0.2163 0.1312 0.1090 0.1060 0.0928 0.0993 0.0989 0.0868 0.0768 0.0692 0.0626 0.0626 0.0624 0.0625 0.0626 0.0626 0.0626 0.0627 0.0626 0.0636 0.0628 0.0628 0.0631 0.0627 0.0628 0.0635 0.0651 0.0641 0.0704 0.0628 0.0644 0.0625 0.0628 0.0626 0.0626 0.0624 0.0624 0.0624 0.0626 0.0625 0.0626 0.0636 0.0626 0.0726 0.0644 0.0794 0.0681 0.0710 0.0746 0.0876 0.0666 0.0689 0.0637 0.0628 0.0628 0.0626 0.0627 0.0627 0.0624
0.0626 0.0627 0.0629 0.0626 0.0627 0.0630 0.0642 0.0634 0.0659 0.0654 0.0653 0.0794 0.0811 0.0697 0.0804 0.1097 0.0862 0.0979 0.0836 0.0782 0.0807 0.0671 0.0646 0.0627 0.0625 0.0623 0.0624 0.0623 0.0638 0.0693 0.0938 0.1218 0.1435 0.2092 0.1328 0.1317 0.0844 0.0838 0.0930 0.1428 0.3924 1.0000 0.3909 0.1473 0.0927 0.0720 0.0627 0.0626 0.0624 0.0623 0.0624 0.0626 0.0782 0.0894 0.1434 0.1445 0.1984 0.1301 0.1037 0.0754 0.0736 0.0737 0.0884 0.0967 0.0999 0.0935 0.0940 0.0699 0.0734 0.0626 0.0622 0.0647 0.0624 0.0627 0.0686 0.0636 0.0702 0.0650 0.0640 0.0644 0.0626 0.0632 0.0659 0.0734 0.0756 0.0988 0.0718 0.0801 0.0645 0.0659 0.0627 0.0626 0.0624 0.0623 0.0625 0.0625 0.0633 0.0644 0.0777 0.0729 0.1119 0.0838 0.1177 0.0849 0.0832 0.0915 0.1351 0.0842 0.0956 0.0693 0.0667 0.0632 0.0626 0.0627 0.0627 0.0623
0.0627 0.0631 0.0632 0.0628 0.0629 0.0633 0.0648 0.0628 0.0653 0.0635 0.0631 0.0729 0.0711 0.0635 0.0685 0.0860 0.0724 0.0864 0.0862 0.0915 0.1064 0.0860 0.0794 0.0697 0.0644 0.0636 0.0665 0.0658 0.0860 0.0927 0.1641 0.1479 0.2061 0.1336 0.1035 0.0849 0.0650 0.0652 0.0721 0.0927 0.1494 0.3909 1.0000 0.3914 0.1491 0.0898 0.0728 0.0633 0.0626 0.0630 0.0626 0.0707 0.0905 0.1274 0.1464 0.2238 0.1311 0.1206 0.0800 0.0670 0.0729 0.0733 0.0984 0.0887 0.0934 0.1037 0.0902 0.0762 0.0747 0.0628 0.0623 0.0659 0.0624 0.0626 0.0671 0.0627 0.0643 0.0627 0.0626 0.0628 0.0626 0.0626 0.0628 0.0640 0.0642 0.0773 0.0633 0.0706 0.0624 0.0634 0.0624 0.0624 0.0626 0.0626 0.0624 0.0625 0.0625 0.0623 0.0694 0.0630 0.0808 0.0639 0.0756 0.0646 0.0642 0.0657 0.0815 0.0645 0.0742 0.0637 0.0643 0.0633 0.0627 0.0630 0.0628 0.0625
0.0630 0.0635 0.0646 0.0640 0.0652 0.0689 0.0767 0.0682 0.0775 0.0721 0.0736 0.1058 0.0949 0.0746 0.0893 0.1175 0.0809 0.0944 0.0865 0.1005 0.0961 0.0841 0.0780 0.0687 0.0635 0.0628 0.0664 0.0698 0.0947 0.1171 0.1513 0.2155 0.1299 0.1210 0.0786 0.0708 0.0626 0.0626 0.0629 0.0736 0.0925 0.1473 0.3914 1.0000 0.3970 0.1373 0.0905 0.0732 0.0633 0.0678 0.0715 0.0890 0.1468 0.1423 0.1952 0.1279 0.1049 0.0784 0.0639 0.0621 0.0627 0.0626 0.0702 0.0684 0.0777 0.0912 0.0992 0.0900 0.1025 0.0715 0.0688 0.0853 0.0645 0.0666 0.0877 0.0679 0.0718 0.0646 0.0628 0.0629 0.0624 0.0626 0.0632 0.0666 0.0721 0.1016 0.0762 0.0986 0.0694 0.0738 0.0633 0.0631 0.0624 0.0624 0.0627 0.0631 0.0679 0.0698 0.0990 0.0779 0.1134 0.0745 0.0856 0.0672 0.0648 0.0671 0.0895 0.0710 0.0948 0.0698 0.0740 0.0653 0.0636 0.0639 0.0630 0.0626
0.0636 0.0644 0.0657 0.0649 0.0659 0.0683 0.0720 0.0649 0.0704 0.0658 0.0648 0.0787 0.0712 0.0632 0.0674 0.0768 0.0644 0.0708 0.0722 0.0899 0.0939 0.0963 0.0958 0.0887 0.0721 0.0715 0.0907 0.1007 0.1691 0.1536 0.2048 0.1312 0.1014 0.0798 0.0639 0.0627 0.0626 0.0625 0.0624 0.0627 0.0742 0.0927 0.1491 0.3970 1.0000 0.3988 0.1409 0.0962 0.0767 0.0869 0.0863 0.1188 0.1485 0.2291 0.1351 0.1225 0.0803 0.0692 0.0624 0.0624 0.0626 0.0625 0.0703 0.0655 0.0724 0.0952 0.0915 0.1011 0.0970 0.0768 0.0703 0.0812 0.0632 0.0633 0.0734 0.0629 0.0635 0.0626 0.0624 0.0625 0.0626 0.0626 0.0626 0.0626 0.0628 0.0718 0.0633 0.0746 0.0632 0.0679 0.0626 0.0631 0.0624 0.0624 0.0625 0.0626 0.0646 0.0631 0.0752 0.0635 0.0748 0.0626 0.0653 0.0627 0.0624 0.0626 0.0665 0.0624 0.0699 0.0632 0.0661 0.0640 0.0635 0.0644 0.0633 0.0627
0.0657 0.0677 0.0720 0.0708 0.0746 0.0820 0.0890 0.0743 0.0836 0.0736 0.0720 0.0900 0.0772 0.0660 0.0702 0.0763 0.0643 0.0682 0.0686 0.0881 0.0848 0.0900 0.0923 0.0851 0.0706 0.0709 0.0927 0.1155 0.1596 0.1963 0.1287 0.1155 0.0762 0.0676 0.0622 0.0623 0.0624 0.0625 0.0625 0.0625 0.0625 0.0720 0.0898 0.1373 0.3988 1.0000 0.3968 0.1451 0.0993 0.1125 0.1223 0.1382 0.1939 0.1319 0.1025 0.0776 0.0634 0.0622 0.0627 0.0626 0.0625 0.0624 0.0626 0.0623 0.0628 0.0689 0.0746 0.0889 0.0994 0.0878 0.0852 0.1029 0.0705 0.0701 0.0854 0.0662 0.0652 0.0628 0.0625 0.0625 0.0623 0.0624 0.0625 0.0627 0.0635 0.0725 0.0663 0.0850 0.0697 0.0829 0.0673 0.0675 0.0631 0.0628 0.0641 0.0660 0.0753 0.0696 0.0888 0.0676 0.0754 0.0634 0.0642 0.0626 0.0626 0.0625 0.0643 0.0627 0.0692 0.0637 0.0702 0.0656 0.0654 0.0669 0.0645 0.0633
0.0663 0.0679 0.0705 0.0679 0.0692 0.0713 0.0719 0.0652 0.0688 0.0648 0.0639 0.0689 0.0644 0.0626 0.0635 0.0642 0.0624 0.0629 0.0629 0.0697 0.0702 0.0791 0.0861 0.0891 0.0777 0.0835 0.1160 0.1503 0.1834 0.1262 0.0969 0.0771 0.0632 0.0625 0.0626 0.0624 0.0625 0.0626 0.0626 0.0626 0.0626 0.0627 0.0728 0.0905 0.1409 0.3968 1.0000 0.4021 0.1520 0.1955 0.1574 0.2036 0.1365 0.1283 0.0811 0.0699 0.0623 0.0624 0.0624 0.0625 0.0624 0.0624 0.0627 0.0623 0.0628 0.0711 0.0734 0.1004 0.0978 0.1029 0.0918 0.0908 0.0679 0.0651 0.0697 0.0627 0.0624 0.0625 0.0624 0.0624 0.0625 0.0625 0.0626 0.0626 0.0625 0.0633 0.0625 0.0677 0.0633 0.0699 0.0641 0.0652 0.0630 0.0627 0.0632 0.0633 0.0662 0.0628 0.0690 0.0624 0.0638 0.0624 0.0625 0.0626 0.0626 0.0625 0.0624 0.0624 0.0631 0.0624 0.0645 0.0637 0.0642 0.0664 0.0652 0.0638
0.0703 0.0726 0.0769 0.0725 0.0732 0.0747 0.0729 0.0668 0.0691 0.0655 0.0642 0.0665 0.0637 0.0627 0.0632 0.0631 0.0626 0.0627 0.0627 0.0664 0.0669 0.0749 0.0856 0.0902 0.0820 0.0916 0.1243 0.1688 0.1395 0.1113 0.0782 0.0672 0.0625 0.0626 0.0626 0.0624 0.0626 0.0626 0.0625 0.0627 0.0627 0.0626 0.0633 0.0732 0.0962 0.1451 0.4021 1.0000 0.4125 0.1393 0.1388 0.1121 0.0962 0.0813 0.0643 0.0627 0.0627 0.0624 0.0625 0.0626 0.0625 0.0626 0.0625 0.0626 0.0625 0.0631 0.0629 0.0723 0.0732 0.0833 0.0827 0.0822 0.0691 0.0672 0.0690 0.0636 0.0629 0.0627 0.0625 0.0626 0.0624 0.0625 0.0626 0.0626 0.0627 0.0629 0.0628 0.0663 0.0643 0.0721 0.0669 0.0689 0.0646 0.0639 0.0654 0.0654 0.0693 0.0642 0.0683 0.0629 0.0632 0.0625 0.0626 0.0626 0.0626 0.0625 0.0624 0.0624 0.0627 0.0626 0.0638 0.0635 0.0642 0.0662 0.0657 0.0644
0.0693 0.0708 0.0728 0.0694 0.0689 0.0692 0.0675 0.0649 0.0659 0.0640 0.0632 0.0637 0.0627 0.0626 0.0627 0.0626 0.0626 0.0626 0.0626 0.0633 0.0634 0.0658 0.0714 0.0762 0.0745 0.0833 0.1051 0.1284 0.1027 0.0815 0.0650 0.0626 0.0626 0.0626 0.0626 0.0625 0.0626 0.0626 0.0626 0.0626 0.0627 0.0624 0.0626 0.0633 0.0767 0.0993 0.1520 0.4125 1.0000 0.4135 0.1393 0.1084 0.0812 0.0721 0.0626 0.0627 0.0625 0.0625 0.0626 0.0626 0.0625 0.0625 0.0626 0.0625 0.0625 0.0627 0.0626 0.0711 0.0702 0.0856 0.0820 0.0753 0.0675 0.0650 0.0649 0.0627 0.0626 0.0625 0.0626 0.0624 0.0625 0.0626 0.0626 0.0626 0.0626 0.0626 0.0626 0.0633 0.0629 0.0664 0.0648 0.0665 0.0640 0.0635 0.0640 0.0635 0.0647 0.0627 0.0635 0.0624 0.0624 0.0624 0.0624 0.0625 0.0626 0.0625 0.0625 0.0625 0.0624 0.0624 0.0628 0.0628 0.0636 0.0652 0.0652 0.0645
