1.0000 0.3910 0.1413 0.1216 0.1048 0.0968 0.0862 0.0776 0.0720 0.0683 0.0652 0.0645 0.0659 0.0661 0.0674 0.0676 0.0679 0.0669 0.0675 0.0662 0.0648 0.0649 0.0641 0.0636 0.0635 0.0632 0.0633 0.0630 0.0630 0.0630 0.0630 0.0632 0.0633 0.0633 0.0635 0.0640 0.0639 0.0641 0.0650 0.0646 0.0645 0.0651 0.0655 0.0644 0.0646 0.0652 0.0647 0.0644 0.0639 0.0639 0.0644 0.0643 0.0651 0.0649 0.0649 0.0659 0.0664 0.0658 0.0650 0.0667 0.0662 0.0648 0.0653 0.0665 0.0654 0.0645 0.0656 0.0654 0.0644 0.0644 0.0642 0.0640 0.0637 0.0636 0.0634 0.0633 0.0633 0.0632 0.0632 0.0632 0.0635 0.0634 0.0633 0.0634 0.0633 0.0635 0.0633 0.0636 0.0633 0.0637 0.0632 0.0633 0.0632 0.0632 0.0632 0.0633 0.0635 0.0636 0.0641 0.0643 0.0637 0.0642 0.0637 0.0638 0.0639 0.0636 0.0640 0.0638 0.0635 0.0636 0.0639 0.0639 0.0642 0.0639 0.0641 0.0640 0.0642 0.0641 0.0644 0.0644 0.0640 0.0640 0.0639 0.0637 0.0637 0.0639
0.3910 1.0000 0.4032 0.1430 0.1309 0.1240 0.0996 0.0863 0.0809 0.0740 0.0674 0.0658 0.0681 0.0682 0.0701 0.0699 0.0693 0.0681 0.0694 0.0675 0.0654 0.0660 0.0647 0.0640 0.0636 0.0634 0.0632 0.0630 0.0630 0.0630 0.0628 0.0632 0.0633 0.0632 0.0633 0.0642 0.0641 0.0642 0.0653 0.0650 0.0646 0.0651 0.0660 0.0645 0.0646 0.0654 0.0650 0.0644 0.0641 0.0641 0.0647 0.0645 0.0655 0.0652 0.0654 0.0671 0.0675 0.0664 0.0656 0.0682 0.0672 0.0653 0.0661 0.0680 0.0662 0.0652 0.0665 0.0661 0.0648 0.0648 0.0644 0.0644 0.0642 0.0640 0.0636 0.0634 0.0635 0.0632 0.0632 0.0632 0.0635 0.0634 0.0636 0.0636 0.0635 0.0637 0.0634 0.0639 0.0635 0.0640 0.0634 0.0636 0.0634 0.0633 0.0632 0.0633 0.0636 0.0640 0.0646 0.0649 0.0640 0.0645 0.0640 0.0642 0.0644 0.0641 0.0646 0.0642 0.0637 0.0639 0.0642 0.0643 0.0650 0.0645 0.0650 0.0648 0.0653 0.0652 0.0655 0.0653 0.0645 0.0645 0.0642 0.0639 0.0636 0.0637
0.1413 0.4032 1.0000 0.3988 0.1522 0.1513 0.1198 0.0953 0.0862 0.0799 0.0704 0.0671 0.0702 0.0700 0.0718 0.0713 0.0697 0.0685 0.0701 0.0676 0.0651 0.0655 0.0643 0.0635 0.0633 0.0631 0.0630 0.0628 0.0629 0.0629 0.0628 0.0630 0.0631 0.0628 0.0631 0.0640 0.0637 0.0637 0.0651 0.0646 0.0640 0.0647 0.0659 0.0642 0.0642 0.0649 0.0646 0.0641 0.0639 0.0640 0.0645 0.0644 0.0655 0.0648 0.0650 0.0671 0.0671 0.0656 0.0649 0.0684 0.0669 0.0648 0.0659 0.0684 0.0660 0.0650 0.0668 0.0667 0.0648 0.0647 0.0643 0.0642 0.0640 0.0637 0.0635 0.0633 0.0632 0.0631 0.0632 0.0631 0.0633 0.0633 0.0633 0.0635 0.0633 0.0634 0.0632 0.0636 0.0633 0.0636 0.0632 0.0635 0.0632 0.0632 0.0631 0.0631 0.0633 0.0635 0.0641 0.0642 0.0636 0.0640 0.0637 0.0640 0.0642 0.0641 0.0647 0.0643 0.0639 0.0640 0.0643 0.0644 0.0653 0.0645 0.0652 0.0648 0.0653 0.0652 0.0652 0.0650 0.0644 0.0641 0.0639 0.0636 0.0634 0.0633
0.1216 0.1430 0.3988 1.0000 0.4032 0.1415 0.1491 0.1234 0.0932 0.0846 0.0770 0.0718 0.0784 0.0785 0.0814 0.0778 0.0738 0.0718 0.0763 0.0730 0.0677 0.0685 0.0671 0.0651 0.0641 0.0635 0.0635 0.0630 0.0630 0.0630 0.0628 0.0632 0.0635 0.0630 0.0632 0.0649 0.0646 0.0644 0.0662 0.0663 0.0651 0.0658 0.0681 0.0661 0.0651 0.0658 0.0661 0.0652 0.0650 0.0645 0.0655 0.0652 0.0663 0.0655 0.0664 0.0696 0.0689 0.0672 0.0678 0.0728 0.0691 0.0669 0.0697 0.0715 0.0674 0.0672 0.0701 0.0685 0.0656 0.0653 0.0647 0.0651 0.0652 0.0645 0.0640 0.0636 0.0635 0.0632 0.0632 0.0632 0.0635 0.0635 0.0636 0.0640 0.0639 0.0642 0.0640 0.0644 0.0642 0.0645 0.0641 0.0641 0.0636 0.0635 0.0633 0.0633 0.0635 0.0641 0.0649 0.0654 0.0650 0.0652 0.0653 0.0653 0.0660 0.0651 0.0662 0.0652 0.0642 0.0643 0.0650 0.0655 0.0674 0.0662 0.0679 0.0668 0.0673 0.0674 0.0668 0.0661 0.0653 0.0646 0.0643 0.0638 0.0635 0.0633
0.1048 0.1309 0.1522 0.4032 1.0000 0.4042 0.1418 0.1474 0.1213 0.0929 0.0805 0.0759 0.0801 0.0784 0.0777 0.0750 0.0713 0.0690 0.0713 0.0683 0.0650 0.0657 0.0647 0.0638 0.0634 0.0632 0.0631 0.0628 0.0628 0.0628 0.0627 0.0629 0.0631 0.0627 0.0628 0.0640 0.0636 0.0635 0.0648 0.0648 0.0641 0.0643 0.0657 0.0643 0.0640 0.0646 0.0648 0.0642 0.0640 0.0640 0.0650 0.0646 0.0658 0.0649 0.0652 0.0685 0.0680 0.0655 0.0658 0.0713 0.0679 0.0653 0.0677 0.0703 0.0662 0.0659 0.0692 0.0682 0.0653 0.0650 0.0644 0.0645 0.0643 0.0641 0.0636 0.0634 0.0633 0.0631 0.0631 0.0631 0.0633 0.0633 0.0634 0.0636 0.0635 0.0637 0.0634 0.0636 0.0633 0.0637 0.0634 0.0636 0.0633 0.0633 0.0632 0.0631 0.0633 0.0637 0.0642 0.0645 0.0640 0.0643 0.0642 0.0643 0.0649 0.0644 0.0656 0.0649 0.0642 0.0642 0.0651 0.0656 0.0672 0.0655 0.0668 0.0657 0.0656 0.0657 0.0650 0.0646 0.0644 0.0642 0.0640 0.0636 0.0634 0.0632
0.0968 0.1240 0.1513 0.1415 0.4042 1.0000 0.4031 0.1402 0.1417 0.1191 0.0901 0.0825 0.0879 0.0813 0.0787 0.0732 0.0689 0.0672 0.0704 0.0673 0.0644 0.0652 0.0646 0.0635 0.0632 0.0631 0.0630 0.0627 0.0628 0.0627 0.0626 0.0627 0.0628 0.0626 0.0627 0.0634 0.0632 0.0631 0.0640 0.0644 0.0637 0.0639 0.0653 0.0641 0.0638 0.0646 0.0650 0.0642 0.0641 0.0641 0.0652 0.0649 0.0662 0.0651 0.0657 0.0706 0.0698 0.0661 0.0670 0.0747 0.0694 0.0660 0.0700 0.0728 0.0668 0.0666 0.0712 0.0694 0.0656 0.0653 0.0644 0.0646 0.0645 0.0641 0.0636 0.0634 0.0633 0.0631 0.0631 0.0632 0.0633 0.0633 0.0634 0.0637 0.0636 0.0637 0.0634 0.0636 0.0634 0.0638 0.0635 0.0637 0.0633 0.0633 0.0632 0.0631 0.0632 0.0635 0.0640 0.0642 0.0640 0.0645 0.0647 0.0649 0.0659 0.0650 0.0662 0.0653 0.0643 0.0646 0.0657 0.0665 0.0692 0.0667 0.0686 0.0668 0.0667 0.0666 0.0655 0.0650 0.0645 0.0641 0.0639 0.0635 0.0634 0.0633
0.0862 0.0996 0.1198 0.1491 0.1418 0.4031 1.0000 0.3996 0.1397 0.1408 0.1133 0.0982 0.1102 0.0958 0.0931 0.0778 0.0707 0.0687 0.0765 0.0725 0.0660 0.0676 0.0680 0.0649 0.0636 0.0633 0.0632 0.0627 0.0628 0.0627 0.0626 0.0627 0.0629 0.0627 0.0627 0.0635 0.0633 0.0632 0.0642 0.0654 0.0642 0.0641 0.0661 0.0653 0.0645 0.0655 0.0668 0.0655 0.0655 0.0646 0.0661 0.0654 0.0668 0.0657 0.0671 0.0742 0.0722 0.0683 0.0718 0.0826 0.0731 0.0695 0.0782 0.0799 0.0695 0.0704 0.0774 0.0723 0.0667 0.0659 0.0650 0.0656 0.0655 0.0647 0.0641 0.0637 0.0635 0.0632 0.0632 0.0631 0.0635 0.0636 0.0636 0.0643 0.0640 0.0644 0.0641 0.0645 0.0644 0.0645 0.0647 0.0641 0.0637 0.0635 0.0632 0.0632 0.0633 0.0639 0.0642 0.0650 0.0655 0.0662 0.0675 0.0676 0.0694 0.0668 0.0680 0.0665 0.0648 0.0651 0.0666 0.0685 0.0734 0.0707 0.0758 0.0716 0.0711 0.0713 0.0677 0.0664 0.0652 0.0642 0.0639 0.0635 0.0633 0.0632
0.0776 0.0863 0.0953 0.1234 0.1474 0.1402 0.3996 1.0000 0.4021 0.1357 0.1240 0.1107 0.1094 0.0987 0.0870 0.0763 0.0690 0.0665 0.0711 0.0686 0.0641 0.0644 0.0648 0.0633 0.0630 0.0630 0.0628 0.0627 0.0627 0.0627 0.0626 0.0627 0.0627 0.0626 0.0626 0.0631 0.0630 0.0628 0.0635 0.0641 0.0635 0.0635 0.0647 0.0639 0.0636 0.0643 0.0651 0.0644 0.0643 0.0640 0.0649 0.0643 0.0657 0.0645 0.0650 0.0703 0.0693 0.0655 0.0675 0.0769 0.0702 0.0663 0.0728 0.0777 0.0680 0.0677 0.0754 0.0722 0.0664 0.0659 0.0648 0.0651 0.0648 0.0641 0.0637 0.0634 0.0633 0.0631 0.0632 0.0631 0.0634 0.0634 0.0633 0.0637 0.0635 0.0637 0.0634 0.0636 0.0634 0.0637 0.0635 0.0635 0.0633 0.0633 0.0631 0.0630 0.0630 0.0633 0.0636 0.0641 0.0641 0.0648 0.0657 0.0659 0.0674 0.0659 0.0672 0.0661 0.0645 0.0651 0.0668 0.0689 0.0733 0.0694 0.0723 0.0685 0.0673 0.0671 0.0650 0.0643 0.0640 0.0635 0.0634 0.0632 0.0631 0.0630
0.0720 0.0809 0.0862 0.0932 0.1213 0.1417 0.1397 0.4021 1.0000 0.4034 0.1379 0.1241 0.1104 0.0910 0.0771 0.0688 0.0650 0.0637 0.0657 0.0645 0.0628 0.0631 0.0633 0.0627 0.0627 0.0627 0.0627 0.0627 0.0627 0.0627 0.0626 0.0627 0.0626 0.0626 0.0626 0.0627 0.0627 0.0627 0.0628 0.0631 0.0630 0.0630 0.0635 0.0630 0.0631 0.0636 0.0642 0.0639 0.0638 0.0637 0.0643 0.0640 0.0654 0.0642 0.0645 0.0699 0.0691 0.0649 0.0670 0.0780 0.0705 0.0655 0.0720 0.0794 0.0680 0.0672 0.0760 0.0733 0.0662 0.0658 0.0645 0.0645 0.0642 0.0636 0.0633 0.0632 0.0631 0.0628 0.0630 0.0630 0.0632 0.0632 0.0631 0.0634 0.0632 0.0634 0.0631 0.0633 0.0631 0.0634 0.0632 0.0633 0.0632 0.0632 0.0631 0.0630 0.0629 0.0631 0.0633 0.0637 0.0635 0.0643 0.0652 0.0657 0.0671 0.0659 0.0671 0.0664 0.0646 0.0654 0.0675 0.0703 0.0743 0.0702 0.0723 0.0679 0.0663 0.0659 0.0643 0.0637 0.0635 0.0632 0.0633 0.0632 0.0631 0.0630
0.0683 0.0740 0.0799 0.0846 0.0929 0.1191 0.1408 0.1357 0.4034 1.0000 0.4058 0.1433 0.1361 0.0979 0.0827 0.0688 0.0644 0.0635 0.0670 0.0660 0.0633 0.0639 0.0653 0.0633 0.0629 0.0628 0.0628 0.0627 0.0627 0.0627 0.0626 0.0627 0.0627 0.0626 0.0626 0.0627 0.0628 0.0627 0.0628 0.0632 0.0631 0.0632 0.0641 0.0640 0.0635 0.0644 0.0658 0.0653 0.0655 0.0646 0.0655 0.0650 0.0670 0.0654 0.0670 0.0764 0.0740 0.0685 0.0740 0.0917 0.0771 0.0706 0.0839 0.0927 0.0735 0.0737 0.0869 0.0790 0.0689 0.0675 0.0658 0.0660 0.0658 0.0644 0.0638 0.0635 0.0634 0.0631 0.0631 0.0631 0.0634 0.0636 0.0636 0.0645 0.0641 0.0649 0.0643 0.0648 0.0645 0.0646 0.0646 0.0641 0.0637 0.0635 0.0632 0.0632 0.0631 0.0635 0.0637 0.0646 0.0654 0.0666 0.0693 0.0702 0.0739 0.0706 0.0715 0.0697 0.0659 0.0672 0.0704 0.0756 0.0830 0.0782 0.0828 0.0738 0.0702 0.0691 0.0661 0.0647 0.0641 0.0636 0.0637 0.0634 0.0632 0.0631
0.0652 0.0674 0.0704 0.0770 0.0805 0.0901 0.1133 0.1240 0.1379 0.4058 1.0000 0.4186 0.1438 0.1035 0.0820 0.0676 0.0641 0.0632 0.0656 0.0646 0.0627 0.0630 0.0640 0.0629 0.0626 0.0627 0.0627 0.0627 0.0627 0.0627 0.0626 0.0627 0.0627 0.0627 0.0626 0.0627 0.0627 0.0627 0.0627 0.0631 0.0630 0.0631 0.0637 0.0636 0.0635 0.0645 0.0659 0.0654 0.0653 0.0646 0.0653 0.0647 0.0666 0.0652 0.0663 0.0756 0.0739 0.0676 0.0721 0.0896 0.0759 0.0695 0.0829 0.0941 0.0740 0.0740 0.0904 0.0829 0.0704 0.0686 0.0662 0.0662 0.0658 0.0641 0.0636 0.0633 0.0633 0.0631 0.0631 0.0631 0.0635 0.0638 0.0636 0.0643 0.0637 0.0643 0.0637 0.0640 0.0637 0.0637 0.0639 0.0636 0.0634 0.0634 0.0631 0.0631 0.0630 0.0632 0.0634 0.0639 0.0644 0.0652 0.0679 0.0693 0.0737 0.0721 0.0736 0.0722 0.0671 0.0696 0.0739 0.0819 0.0898 0.0825 0.0840 0.0740 0.0693 0.0674 0.0651 0.0644 0.0639 0.0635 0.0637 0.0635 0.0633 0.0631
0.0645 0.0658 0.0671 0.0718 0.0759 0.0825 0.0982 0.1107 0.1241 0.1433 0.4186 1.0000 0.4061 0.1375 0.0940 0.0743 0.0648 0.0636 0.0681 0.0661 0.0627 0.0630 0.0644 0.0627 0.0626 0.0626 0.0626 0.0625 0.0626 0.0626 0.0626 0.0626 0.0626 0.0626 0.0626 0.0627 0.0626 0.0627 0.0627 0.0629 0.0629 0.0630 0.0639 0.0637 0.0636 0.0650 0.0666 0.0658 0.0654 0.0645 0.0648 0.0641 0.0652 0.0640 0.0649 0.0725 0.0708 0.0656 0.0705 0.0868 0.0732 0.0683 0.0830 0.0936 0.0724 0.0730 0.0909 0.0815 0.0689 0.0674 0.0653 0.0654 0.0648 0.0636 0.0634 0.0631 0.0631 0.0630 0.0631 0.0630 0.0633 0.0634 0.0633 0.0639 0.0633 0.0639 0.0632 0.0633 0.0632 0.0632 0.0634 0.0633 0.0632 0.0633 0.0630 0.0629 0.0629 0.0630 0.0631 0.0633 0.0640 0.0645 0.0680 0.0688 0.0749 0.0734 0.0739 0.0736 0.0674 0.0704 0.0750 0.0856 0.0953 0.0872 0.0884 0.0754 0.0702 0.0677 0.0648 0.0641 0.0636 0.0633 0.0633 0.0633 0.0632 0.0631
0.0659 0.0681 0.0702 0.0784 0.0801 0.0879 0.1102 0.1094 0.1104 0.1361 0.1438 0.4061 1.0000 0.3925 0.1433 0.0950 0.0743 0.0688 0.0891 0.0816 0.0653 0.0691 0.0769 0.0658 0.0634 0.0631 0.0634 0.0626 0.0626 0.0626 0.0626 0.0626 0.0627 0.0626 0.0626 0.0629 0.0629 0.0627 0.0630 0.0643 0.0635 0.0633 0.0656 0.0668 0.0645 0.0666 0.0722 0.0690 0.0699 0.0658 0.0658 0.0646 0.0651 0.0642 0.0668 0.0774 0.0720 0.0688 0.0820 0.0993 0.0772 0.0772 0.1088 0.1002 0.0761 0.0825 0.1024 0.0799 0.0693 0.0670 0.0649 0.0661 0.0666 0.0640 0.0633 0.0630 0.0631 0.0627 0.0629 0.0628 0.0632 0.0635 0.0635 0.0652 0.0645 0.0660 0.0652 0.0646 0.0658 0.0642 0.0662 0.0640 0.0639 0.0634 0.0631 0.0631 0.0630 0.0634 0.0638 0.0643 0.0686 0.0686 0.0807 0.0773 0.0901 0.0792 0.0778 0.0734 0.0661 0.0679 0.0725 0.0833 0.1040 0.1001 0.1223 0.0930 0.0856 0.0816 0.0698 0.0667 0.0644 0.0636 0.0635 0.0632 0.0632 0.0630
0.0661 0.0682 0.0700 0.0785 0.0784 0.0813 0.0958 0.0987 0.0910 0.0979 0.1035 0.1375 0.3925 1.0000 0.3902 0.1394 0.0971 0.0833 0.1040 0.0895 0.0676 0.0708 0.0748 0.0645 0.0631 0.0633 0.0639 0.0626 0.0627 0.0627 0.0627 0.0626 0.0628 0.0626 0.0626 0.0629 0.0630 0.0627 0.0628 0.0640 0.0632 0.0631 0.0650 0.0655 0.0638 0.0653 0.0695 0.0668 0.0660 0.0641 0.0638 0.0633 0.0636 0.0631 0.0636 0.0685 0.0653 0.0636 0.0694 0.0777 0.0661 0.0660 0.0827 0.0776 0.0657 0.0693 0.0808 0.0694 0.0642 0.0641 0.0633 0.0636 0.0639 0.0632 0.0628 0.0628 0.0628 0.0627 0.0629 0.0628 0.0632 0.0634 0.0633 0.0642 0.0635 0.0641 0.0635 0.0632 0.0634 0.0631 0.0639 0.0633 0.0633 0.0633 0.0631 0.0630 0.0630 0.0631 0.0632 0.0633 0.0648 0.0642 0.0717 0.0702 0.0780 0.0750 0.0729 0.0729 0.0663 0.0687 0.0730 0.0840 0.0970 0.0991 0.1083 0.0899 0.0835 0.0775 0.0679 0.0655 0.0637 0.0633 0.0633 0.0632 0.0632 0.0630
0.0674 0.0701 0.0718 0.0814 0.0777 0.0787 0.0931 0.0870 0.0771 0.0827 0.0820 0.0940 0.1433 0.3902 1.0000 0.3950 0.1278 0.1116 0.1836 0.1520 0.0957 0.1040 0.1135 0.0850 0.0725 0.0709 0.0734 0.0639 0.0633 0.0631 0.0626 0.0632 0.0650 0.0630 0.0628 0.0659 0.0663 0.0631 0.0641 0.0711 0.0657 0.0642 0.0696 0.0731 0.0653 0.0668 0.0771 0.0697 0.0707 0.0644 0.0642 0.0633 0.0634 0.0631 0.0647 0.0710 0.0656 0.0653 0.0787 0.0822 0.0683 0.0718 0.0947 0.0766 0.0666 0.0728 0.0798 0.0669 0.0637 0.0635 0.0631 0.0635 0.0645 0.0631 0.0628 0.0627 0.0628 0.0627 0.0627 0.0627 0.0631 0.0632 0.0632 0.0645 0.0637 0.0654 0.0650 0.0640 0.0660 0.0636 0.0667 0.0636 0.0637 0.0632 0.0630 0.0630 0.0629 0.0634 0.0639 0.0643 0.0709 0.0676 0.0817 0.0732 0.0825 0.0720 0.0698 0.0675 0.0639 0.0648 0.0670 0.0729 0.0847 0.0908 0.1240 0.1015 0.1051 0.1016 0.0783 0.0715 0.0651 0.0634 0.0636 0.0632 0.0632 0.0631
0.0676 0.0699 0.0713 0.0778 0.0750 0.0732 0.0778 0.0763 0.0688 0.0688 0.0676 0.0743 0.0950 0.1394 0.3950 1.0000 0.4071 0.1907 0.2046 0.1296 0.1046 0.1035 0.0904 0.0755 0.0696 0.0716 0.0725 0.0650 0.0644 0.0640 0.0627 0.0637 0.0660 0.0630 0.0628 0.0655 0.0651 0.0628 0.0633 0.0671 0.0635 0.0631 0.0654 0.0662 0.0630 0.0635 0.0675 0.0649 0.0645 0.0632 0.0632 0.0628 0.0630 0.0628 0.0630 0.0651 0.0630 0.0627 0.0663 0.0671 0.0629 0.0636 0.0713 0.0650 0.0627 0.0644 0.0675 0.0635 0.0627 0.0629 0.0627 0.0628 0.0630 0.0628 0.0627 0.0627 0.0627 0.0626 0.0628 0.0627 0.0630 0.0631 0.0629 0.0635 0.0630 0.0634 0.0632 0.0628 0.0631 0.0628 0.0636 0.0632 0.0632 0.0632 0.0631 0.0629 0.0628 0.0630 0.0631 0.0631 0.0644 0.0635 0.0682 0.0666 0.0702 0.0682 0.0664 0.0665 0.0642 0.0653 0.0669 0.0709 0.0752 0.0799 0.0911 0.0859 0.0901 0.0838 0.0719 0.0674 0.0642 0.0634 0.0634 0.0632 0.0632 0.0631
0.0679 0.0693 0.0697 0.0738 0.0713 0.0689 0.0707 0.0690 0.0650 0.0644 0.0641 0.0648 0.0743 0.0971 0.1278 0.4071 1.0000 0.4166 0.1416 0.1479 0.1292 0.0988 0.0871 0.0821 0.0763 0.0831 0.0825 0.0706 0.0683 0.0671 0.0634 0.0654 0.0708 0.0643 0.0631 0.0674 0.0670 0.0631 0.0634 0.0672 0.0638 0.0629 0.0643 0.0651 0.0629 0.0629 0.0651 0.0636 0.0641 0.0630 0.0633 0.0631 0.0635 0.0631 0.0635 0.0658 0.0635 0.0631 0.0659 0.0665 0.0633 0.0637 0.0684 0.0645 0.0630 0.0637 0.0655 0.0633 0.0628 0.0629 0.0627 0.0627 0.0628 0.0627 0.0627 0.0627 0.0628 0.0627 0.0628 0.0628 0.0630 0.0630 0.0630 0.0632 0.0630 0.0632 0.0628 0.0627 0.0628 0.0627 0.0630 0.0629 0.0630 0.0630 0.0630 0.0628 0.0627 0.0629 0.0630 0.0630 0.0637 0.0632 0.0652 0.0640 0.0658 0.0644 0.0641 0.0641 0.0636 0.0641 0.0648 0.0664 0.0677 0.0686 0.0742 0.0712 0.0750 0.0722 0.0662 0.0652 0.0635 0.0632 0.0632 0.0632 0.0632 0.0631
0.0669 0.0681 0.0685 0.0718 0.0690 0.0672 0.0687 0.0665 0.0637 0.0635 0.0632 0.0636 0.0688 0.0833 0.1116 0.1907 0.4166 1.0000 0.4048 0.1477 0.1729 0.1366 0.0983 0.0892 0.0862 0.0941 0.0938 0.0769 0.0736 0.0707 0.0645 0.0687 0.0786 0.0662 0.0643 0.0738 0.0723 0.0634 0.0650 0.0716 0.0642 0.0628 0.0653 0.0659 0.0628 0.0630 0.0651 0.0633 0.0639 0.0627 0.0630 0.0629 0.0631 0.0627 0.0630 0.0642 0.0627 0.0627 0.0649 0.0641 0.0627 0.0628 0.0659 0.0630 0.0626 0.0630 0.0636 0.0627 0.0626 0.0627 0.0626 0.0626 0.0626 0.0627 0.0627 0.0627 0.0626 0.0627 0.0627 0.0627 0.0629 0.0627 0.0627 0.0630 0.0628 0.0630 0.0628 0.0627 0.0628 0.0626 0.0632 0.0628 0.0631 0.0632 0.0629 0.0629 0.0627 0.0629 0.0630 0.0629 0.0638 0.0630 0.0650 0.0635 0.0649 0.0637 0.0634 0.0636 0.0632 0.0635 0.0640 0.0651 0.0662 0.0670 0.0745 0.0724 0.0798 0.0777 0.0699 0.0678 0.0641 0.0635 0.0636 0.0633 0.0633 0.0633
0.0675 0.0694 0.0701 0.0763 0.0713 0.0704 0.0765 0.0711 0.0657 0.0670 0.0656 0.0681 0.0891 0.1040 0.1836 0.2046 0.1416 0.4048 1.0000 0.3992 0.1442 0.1747 0.1460 0.1033 0.0914 0.0892 0.0907 0.0699 0.0670 0.0660 0.0629 0.0658 0.0762 0.0649 0.0641 0.0782 0.0808 0.0651 0.0688 0.0873 0.0707 0.0648 0.0735 0.0775 0.0646 0.0648 0.0713 0.0661 0.0693 0.0635 0.0639 0.0631 0.0631 0.0628 0.0644 0.0683 0.0633 0.0639 0.0751 0.0695 0.0632 0.0668 0.0762 0.0648 0.0630 0.0658 0.0661 0.0629 0.0627 0.0628 0.0626 0.0627 0.0631 0.0627 0.0627 0.0627 0.0627 0.0626 0.0627 0.0626 0.0629 0.0628 0.0628 0.0635 0.0631 0.0641 0.0640 0.0632 0.0655 0.0632 0.0671 0.0635 0.0641 0.0635 0.0630 0.0632 0.0629 0.0635 0.0639 0.0639 0.0693 0.0652 0.0740 0.0677 0.0716 0.0665 0.0649 0.0643 0.0631 0.0634 0.0642 0.0661 0.0704 0.0754 0.0973 0.0914 0.1092 0.1098 0.0859 0.0784 0.0673 0.0646 0.0647 0.0637 0.0634 0.0633
0.0662 0.0675 0.0676 0.0730 0.0683 0.0673 0.0725 0.0686 0.0645 0.0660 0.0646 0.0661 0.0816 0.0895 0.1520 0.1296 0.1479 0.1477 0.3992 1.0000 0.4006 0.1434 0.1703 0.1567 0.1120 0.1094 0.1079 0.0756 0.0696 0.0677 0.0633 0.0663 0.0817 0.0679 0.0648 0.0817 0.0915 0.0679 0.0706 0.0980 0.0792 0.0666 0.0753 0.0867 0.0668 0.0650 0.0737 0.0680 0.0791 0.0663 0.0686 0.0653 0.0645 0.0642 0.0714 0.0790 0.0674 0.0694 0.0909 0.0796 0.0671 0.0736 0.0864 0.0686 0.0644 0.0690 0.0687 0.0633 0.0628 0.0628 0.0627 0.0629 0.0636 0.0628 0.0627 0.0626 0.0627 0.0626 0.0627 0.0626 0.0629 0.0629 0.0627 0.0637 0.0632 0.0645 0.0646 0.0637 0.0672 0.0637 0.0684 0.0635 0.0640 0.0633 0.0629 0.0631 0.0628 0.0636 0.0646 0.0645 0.0727 0.0667 0.0780 0.0687 0.0734 0.0657 0.0649 0.0637 0.0630 0.0630 0.0635 0.0644 0.0676 0.0689 0.0857 0.0766 0.0886 0.0946 0.0785 0.0764 0.0661 0.0642 0.0641 0.0634 0.0633 0.0631
0.0648 0.0654 0.0651 0.0677 0.0650 0.0644 0.0660 0.0641 0.0628 0.0633 0.0627 0.0627 0.0653 0.0676 0.0957 0.1046 0.1292 0.1729 0.1442 0.4006 1.0000 0.4054 0.1373 0.1584 0.1580 0.1720 0.1546 0.1002 0.0866 0.0797 0.0672 0.0751 0.1040 0.0782 0.0697 0.0949 0.1040 0.0710 0.0708 0.0947 0.0771 0.0641 0.0678 0.0745 0.0631 0.0626 0.0648 0.0633 0.0694 0.0636 0.0668 0.0648 0.0643 0.0634 0.0671 0.0716 0.0636 0.0636 0.0740 0.0670 0.0627 0.0641 0.0685 0.0629 0.0625 0.0630 0.0632 0.0626 0.0625 0.0625 0.0626 0.0626 0.0626 0.0626 0.0626 0.0626 0.0626 0.0626 0.0626 0.0626 0.0628 0.0627 0.0626 0.0630 0.0628 0.0631 0.0630 0.0627 0.0635 0.0626 0.0644 0.0628 0.0635 0.0635 0.0628 0.0631 0.0627 0.0630 0.0633 0.0630 0.0658 0.0631 0.0676 0.0635 0.0661 0.0632 0.0634 0.0632 0.0627 0.0628 0.0632 0.0635 0.0649 0.0650 0.0738 0.0684 0.0775 0.0806 0.0728 0.0726 0.0646 0.0639 0.0641 0.0635 0.0633 0.0632
0.0649 0.0660 0.0655 0.0685 0.0657 0.0652 0.0676 0.0644 0.0631 0.0639 0.0630 0.0630 0.0691 0.0708 0.1040 0.1035 0.0988 0.1366 0.1747 0.1434 0.4054 1.0000 0.4069 0.1394 0.1589 0.1248 0.1485 0.0935 0.0832 0.0781 0.0677 0.0774 0.1096 0.0836 0.0758 0.1130 0.1297 0.0807 0.0831 0.1248 0.0914 0.0698 0.0780 0.0870 0.0660 0.0638 0.0677 0.0641 0.0728 0.0640 0.0667 0.0646 0.0638 0.0633 0.0686 0.0720 0.0638 0.0651 0.0783 0.0680 0.0630 0.0662 0.0705 0.0630 0.0626 0.0635 0.0633 0.0625 0.0626 0.0626 0.0625 0.0626 0.0627 0.0627 0.0626 0.0626 0.0627 0.0626 0.0627 0.0626 0.0630 0.0629 0.0628 0.0637 0.0632 0.0641 0.0643 0.0637 0.0666 0.0638 0.0691 0.0642 0.0654 0.0650 0.0637 0.0644 0.0633 0.0645 0.0652 0.0645 0.0718 0.0649 0.0733 0.0658 0.0693 0.0641 0.0640 0.0634 0.0627 0.0628 0.0634 0.0641 0.0669 0.0695 0.0870 0.0800 0.0975 0.1058 0.0906 0.0892 0.0708 0.0669 0.0667 0.0646 0.0640 0.0638
0.0641 0.0647 0.0643 0.0671 0.0647 0.0646 0.0680 0.0648 0.0633 0.0653 0.0640 0.0644 0.0769 0.0748 0.1135 0.0904 0.0871 0.0983 0.1460 0.1703 0.1373 0.4069 1.0000 0.4123 0.1416 0.1045 0.1024 0.0725 0.0679 0.0665 0.0631 0.0672 0.0867 0.0731 0.0688 0.0967 0.1268 0.0823 0.0873 0.1544 0.1156 0.0809 0.0976 0.1238 0.0800 0.0703 0.0811 0.0733 0.0970 0.0727 0.0762 0.0701 0.0653 0.0664 0.0830 0.0874 0.0698 0.0782 0.1102 0.0834 0.0696 0.0816 0.0887 0.0675 0.0644 0.0696 0.0663 0.0627 0.0626 0.0626 0.0626 0.0627 0.0635 0.0627 0.0627 0.0626 0.0628 0.0626 0.0627 0.0625 0.0628 0.0630 0.0629 0.0645 0.0642 0.0671 0.0693 0.0671 0.0759 0.0669 0.0777 0.0654 0.0662 0.0642 0.0632 0.0637 0.0632 0.0652 0.0686 0.0679 0.0861 0.0717 0.0892 0.0718 0.0769 0.0655 0.0648 0.0635 0.0627 0.0627 0.0633 0.0641 0.0685 0.0718 0.0958 0.0842 0.1006 0.1251 0.0946 0.0963 0.0724 0.0669 0.0663 0.0641 0.0634 0.0633
0.0636 0.0640 0.0635 0.0651 0.0638 0.0635 0.0649 0.0633 0.0627 0.0633 0.0629 0.0627 0.0658 0.0645 0.0850 0.0755 0.0821 0.0892 0.1033 0.1567 0.1584 0.1394 0.4123 1.0000 0.4312 0.1403 0.1196 0.0826 0.0740 0.0721 0.0657 0.0735 0.1049 0.0854 0.0769 0.1119 0.1569 0.0939 0.0936 0.1619 0.1326 0.0847 0.0927 0.1176 0.0806 0.0680 0.0737 0.0706 0.0944 0.0751 0.0831 0.0756 0.0685 0.0689 0.0885 0.0928 0.0714 0.0784 0.1048 0.0795 0.0674 0.0752 0.0787 0.0648 0.0632 0.0657 0.0642 0.0627 0.0627 0.0626 0.0626 0.0627 0.0631 0.0627 0.0627 0.0627 0.0628 0.0626 0.0627 0.0627 0.0630 0.0632 0.0632 0.0645 0.0638 0.0649 0.0653 0.0640 0.0676 0.0636 0.0697 0.0642 0.0657 0.0648 0.0634 0.0639 0.0633 0.0646 0.0668 0.0652 0.0750 0.0668 0.0785 0.0680 0.0730 0.0652 0.0650 0.0636 0.0629 0.0628 0.0632 0.0637 0.0661 0.0671 0.0797 0.0718 0.0813 0.0878 0.0774 0.0787 0.0667 0.0646 0.0648 0.0637 0.0634 0.0632
0.0635 0.0636 0.0633 0.0641 0.0634 0.0632 0.0636 0.0630 0.0627 0.0629 0.0626 0.0626 0.0634 0.0631 0.0725 0.0696 0.0763 0.0862 0.0914 0.1120 0.1580 0.1589 0.1416 0.4312 1.0000 0.4283 0.1627 0.1062 0.0895 0.0814 0.0696 0.0778 0.1214 0.0994 0.0807 0.1110 0.1702 0.0970 0.0870 0.1256 0.1145 0.0761 0.0762 0.0876 0.0704 0.0634 0.0642 0.0640 0.0740 0.0673 0.0745 0.0699 0.0658 0.0652 0.0740 0.0746 0.0645 0.0670 0.0771 0.0660 0.0630 0.0647 0.0657 0.0628 0.0627 0.0630 0.0630 0.0627 0.0627 0.0626 0.0626 0.0627 0.0627 0.0627 0.0627 0.0627 0.0627 0.0626 0.0627 0.0627 0.0631 0.0631 0.0629 0.0635 0.0631 0.0634 0.0633 0.0629 0.0636 0.0628 0.0649 0.0634 0.0642 0.0641 0.0632 0.0634 0.0630 0.0635 0.0640 0.0633 0.0663 0.0637 0.0678 0.0642 0.0668 0.0638 0.0641 0.0635 0.0630 0.0630 0.0632 0.0635 0.0645 0.0653 0.0706 0.0676 0.0727 0.0758 0.0711 0.0732 0.0653 0.0646 0.0648 0.0639 0.0636 0.0635
0.0632 0.0634 0.0631 0.0635 0.0632 0.0631 0.0633 0.0630 0.0627 0.0628 0.0627 0.0626 0.0631 0.0633 0.0709 0.0716 0.0831 0.0941 0.0892 0.1094 0.1720 0.1248 0.1045 0.1403 0.4283 1.0000 0.3977 0.1393 0.1037 0.0882 0.0699 0.0752 0.1169 0.0976 0.0730 0.0919 0.1335 0.0823 0.0715 0.0916 0.0866 0.0655 0.0654 0.0700 0.0639 0.0626 0.0627 0.0627 0.0654 0.0642 0.0686 0.0659 0.0644 0.0640 0.0676 0.0674 0.0631 0.0644 0.0676 0.0633 0.0626 0.0630 0.0632 0.0627 0.0627 0.0627 0.0627 0.0627 0.0626 0.0627 0.0627 0.0626 0.0626 0.0627 0.0626 0.0626 0.0627 0.0627 0.0627 0.0627 0.0630 0.0630 0.0629 0.0631 0.0629 0.0629 0.0628 0.0626 0.0628 0.0627 0.0632 0.0629 0.0633 0.0634 0.0630 0.0630 0.0628 0.0630 0.0631 0.0629 0.0640 0.0633 0.0650 0.0637 0.0650 0.0633 0.0636 0.0633 0.0630 0.0631 0.0632 0.0633 0.0638 0.0644 0.0668 0.0652 0.0675 0.0684 0.0666 0.0681 0.0639 0.0638 0.0640 0.0636 0.0635 0.0633
0.0633 0.0632 0.0630 0.0635 0.0631 0.0630 0.0632 0.0628 0.0627 0.0628 0.0627 0.0626 0.0634 0.0639 0.0734 0.0725 0.0825 0.0938 0.0907 0.1079 0.1546 0.1485 0.1024 0.1196 0.1627 0.3977 1.0000 0.3975 0.1461 0.1218 0.0905 0.0994 0.1939 0.1494 0.0972 0.1247 0.2024 0.1068 0.0869 0.1039 0.0967 0.0709 0.0686 0.0721 0.0645 0.0627 0.0627 0.0627 0.0642 0.0628 0.0645 0.0633 0.0628 0.0629 0.0642 0.0640 0.0627 0.0633 0.0654 0.0630 0.0626 0.0630 0.0632 0.0626 0.0627 0.0627 0.0627 0.0627 0.0627 0.0627 0.0626 0.0626 0.0627 0.0627 0.0626 0.0626 0.0627 0.0627 0.0629 0.0627 0.0632 0.0632 0.0631 0.0636 0.0632 0.0633 0.0632 0.0628 0.0630 0.0627 0.0632 0.0628 0.0632 0.0632 0.0629 0.0630 0.0627 0.0629 0.0630 0.0628 0.0638 0.0632 0.0653 0.0643 0.0669 0.0643 0.0649 0.0642 0.0632 0.0632 0.0635 0.0640 0.0648 0.0657 0.0689 0.0666 0.0694 0.0697 0.0689 0.0697 0.0646 0.0644 0.0647 0.0641 0.0637 0.0635
0.0630 0.0630 0.0628 0.0630 0.0628 0.0627 0.0627 0.0627 0.0627 0.0627 0.0627 0.0625 0.0626 0.0626 0.0639 0.0650 0.0706 0.0769 0.0699 0.0756 0.1002 0.0935 0.0725 0.0826 0.1062 0.1393 0.3975 1.0000 0.4135 0.1427 0.0974 0.0918 0.1411 0.1296 0.0800 0.0852 0.1098 0.0785 0.0659 0.0704 0.0697 0.0631 0.0627 0.0629 0.0626 0.0626 0.0626 0.0626 0.0625 0.0626 0.0631 0.0628 0.0627 0.0627 0.0628 0.0628 0.0626 0.0626 0.0627 0.0626 0.0626 0.0626 0.0625 0.0625 0.0626 0.0626 0.0627 0.0626 0.0627 0.0626 0.0626 0.0626 0.0625 0.0626 0.0627 0.0626 0.0627 0.0627 0.0628 0.0628 0.0631 0.0631 0.0628 0.0629 0.0627 0.0627 0.0627 0.0626 0.0626 0.0626 0.0626 0.0627 0.0627 0.0630 0.0628 0.0627 0.0627 0.0627 0.0626 0.0626 0.0626 0.0628 0.0630 0.0631 0.0635 0.0632 0.0634 0.0635 0.0632 0.0632 0.0632 0.0633 0.0634 0.0636 0.0640 0.0635 0.0641 0.0635 0.0640 0.0642 0.0630 0.0633 0.0634 0.0634 0.0634 0.0633
0.0630 0.0630 0.0629 0.0630 0.0628 0.0628 0.0628 0.0627 0.0627 0.0627 0.0627 0.0626 0.0626 0.0627 0.0633 0.0644 0.0683 0.0736 0.0670 0.0696 0.0866 0.0832 0.0679 0.0740 0.0895 0.1037 0.1461 0.4135 1.0000 0.4146 0.1256 0.1092 0.1664 0.1558 0.0917 0.0919 0.1072 0.0813 0.0682 0.0691 0.0674 0.0631 0.0626 0.0626 0.0626 0.0626 0.0627 0.0626 0.0626 0.0626 0.0627 0.0627 0.0628 0.0626 0.0626 0.0627 0.0626 0.0626 0.0625 0.0626 0.0626 0.0625 0.0625 0.0626 0.0626 0.0626 0.0627 0.0626 0.0626 0.0626 0.0626 0.0626 0.0627 0.0626 0.0626 0.0627 0.0627 0.0627 0.0628 0.0629 0.0631 0.0631 0.0628 0.0629 0.0627 0.0627 0.0626 0.0626 0.0626 0.0627 0.0627 0.0627 0.0627 0.0628 0.0627 0.0627 0.0627 0.0627 0.0626 0.0626 0.0626 0.0626 0.0627 0.0628 0.0633 0.0631 0.0633 0.0634 0.0631 0.0632 0.0632 0.0633 0.0634 0.0635 0.0637 0.0634 0.0641 0.0631 0.0638 0.0636 0.0629 0.0630 0.0632 0.0632 0.0633 0.0632
0.0630 0.0630 0.0629 0.0630 0.0628 0.0627 0.0627 0.0627 0.0627 0.0627 0.0627 0.0626 0.0626 0.0627 0.0631 0.0640 0.0671 0.0707 0.0660 0.0677 0.0797 0.0781 0.0665 0.0721 0.0814 0.0882 0.1218 0.1427 0.4146 1.0000 0.4031 0.1845 0.2190 0.1515 0.1089 0.1073 0.1011 0.0805 0.0699 0.0677 0.0640 0.0627 0.0626 0.0625 0.0625 0.0626 0.0627 0.0626 0.0626 0.0626 0.0626 0.0626 0.0626 0.0626 0.0626 0.0626 0.0626 0.0626 0.0626 0.0626 0.0626 0.0626 0.0626 0.0626 0.0626 0.0626 0.0627 0.0627 0.0627 0.0626 0.0626 0.0626 0.0626 0.0627 0.0627 0.0627 0.0627 0.0628 0.0630 0.0630 0.0633 0.0631 0.0628 0.0630 0.0627 0.0627 0.0627 0.0626 0.0626 0.0626 0.0626 0.0627 0.0626 0.0627 0.0627 0.0627 0.0626 0.0627 0.0627 0.0627 0.0627 0.0626 0.0627 0.0628 0.0630 0.0631 0.0632 0.0634 0.0631 0.0632 0.0633 0.0633 0.0632 0.0635 0.0636 0.0640 0.0650 0.0636 0.0650 0.0640 0.0631 0.0632 0.0634 0.0635 0.0636 0.0635
0.0630 0.0628 0.0628 0.0628 0.0627 0.0626 0.0626 0.0626 0.0626 0.0626 0.0626 0.0626 0.0626 0.0627 0.0626 0.0627 0.0634 0.0645 0.0629 0.0633 0.0672 0.0677 0.0631 0.0657 0.0696 0.0699 0.0905 0.0974 0.1256 0.4031 1.0000 0.4050 0.1368 0.1718 0.1492 0.1029 0.0918 0.0905 0.0764 0.0660 0.0635 0.0624 0.0625 0.0624 0.0626 0.0626 0.0626 0.0627 0.0625 0.0626 0.0626 0.0626 0.0626 0.0626 0.0626 0.0626 0.0624 0.0626 0.0625 0.0625 0.0625 0.0625 0.0624 0.0625 0.0625 0.0626 0.0627 0.0626 0.0626 0.0626 0.0626 0.0626 0.0626 0.0626 0.0626 0.0626 0.0627 0.0627 0.0628 0.0629 0.0631 0.0628 0.0626 0.0627 0.0626 0.0627 0.0626 0.0626 0.0625 0.0625 0.0625 0.0626 0.0626 0.0627 0.0626 0.0627 0.0626 0.0626 0.0626 0.0626 0.0626 0.0626 0.0626 0.0626 0.0627 0.0626 0.0628 0.0629 0.0627 0.0627 0.0629 0.0628 0.0628 0.0629 0.0631 0.0629 0.0637 0.0627 0.0636 0.0630 0.0629 0.0630 0.0632 0.0633 0.0634 0.0633
0.0632 0.0632 0.0630 0.0632 0.0629 0.0627 0.0627 0.0627 0.0627 0.0627 0.0627 0.0626 0.0626 0.0626 0.0632 0.0637 0.0654 0.0687 0.0658 0.0663 0.0751 0.0774 0.0672 0.0735 0.0778 0.0752 0.0994 0.0918 0.1092 0.1845 0.4050 1.0000 0.4105 0.1411 0.1691 0.1554 0.1036 0.0908 0.0905 0.0776 0.0662 0.0636 0.0627 0.0626 0.0626 0.0626 0.0626 0.0626 0.0626 0.0626 0.0626 0.0626 0.0626 0.0626 0.0626 0.0627 0.0626 0.0626 0.0625 0.0626 0.0626 0.0626 0.0626 0.0626 0.0626 0.0626 0.0627 0.0627 0.0627 0.0627 0.0627 0.0627 0.0626 0.0626 0.0626 0.0627 0.0629 0.0628 0.0632 0.0633 0.0637 0.0635 0.0631 0.0633 0.0629 0.0628 0.0628 0.0626 0.0627 0.0627 0.0626 0.0627 0.0627 0.0629 0.0627 0.0627 0.0627 0.0626 0.0626 0.0627 0.0626 0.0627 0.0631 0.0635 0.0639 0.0636 0.0639 0.0638 0.0633 0.0635 0.0636 0.0635 0.0636 0.0639 0.0648 0.0655 0.0684 0.0652 0.0675 0.0653 0.0642 0.0643 0.0649 0.0648 0.0649 0.0647
0.0633 0.0633 0.0631 0.0635 0.0631 0.0628 0.0629 0.0627 0.0626 0.0627 0.0627 0.0626 0.0627 0.0628 0.0650 0.0660 0.0708 0.0786 0.0762 0.0817 0.1040 0.1096 0.0867 0.1049 0.1214 0.1169 0.1939 0.1411 0.1664 0.2190 0.1368 0.4105 1.0000 0.4025 0.1405 0.1844 0.1646 0.1044 0.0941 0.0951 0.0797 0.0667 0.0644 0.0630 0.0625 0.0625 0.0626 0.0626 0.0627 0.0626 0.0628 0.0628 0.0627 0.0626 0.0628 0.0629 0.0626 0.0626 0.0628 0.0627 0.0626 0.0626 0.0627 0.0626 0.0626 0.0626 0.0626 0.0627 0.0627 0.0626 0.0626 0.0626 0.0627 0.0626 0.0626 0.0626 0.0627 0.0627 0.0629 0.0628 0.0632 0.0633 0.0631 0.0635 0.0631 0.0630 0.0629 0.0627 0.0627 0.0627 0.0627 0.0627 0.0627 0.0628 0.0627 0.0627 0.0626 0.0627 0.0626 0.0627 0.0628 0.0628 0.0640 0.0639 0.0650 0.0639 0.0641 0.0637 0.0631 0.0634 0.0636 0.0637 0.0637 0.0644 0.0658 0.0663 0.0701 0.0674 0.0702 0.0685 0.0652 0.0650 0.0656 0.0650 0.0648 0.0644
0.0633 0.0632 0.0628 0.0630 0.0627 0.0626 0.0627 0.0626 0.0626 0.0626 0.0627 0.0626 0.0626 0.0626 0.0630 0.0630 0.0643 0.0662 0.0649 0.0679 0.0782 0.0836 0.0731 0.0854 0.0994 0.0976 0.1494 0.1296 0.1558 0.1515 0.1718 0.1411 0.4025 1.0000 0.4041 0.1393 0.1771 0.1577 0.1032 0.0925 0.0937 0.0775 0.0661 0.0637 0.0625 0.0624 0.0625 0.0626 0.0626 0.0627 0.0636 0.0631 0.0629 0.0627 0.0628 0.0627 0.0626 0.0626 0.0627 0.0626 0.0626 0.0626 0.0626 0.0626 0.0626 0.0626 0.0626 0.0626 0.0627 0.0626 0.0626 0.0625 0.0625 0.0625 0.0626 0.0625 0.0626 0.0626 0.0627 0.0626 0.0628 0.0627 0.0627 0.0627 0.0627 0.0627 0.0626 0.0626 0.0626 0.0626 0.0626 0.0626 0.0626 0.0626 0.0626 0.0627 0.0625 0.0626 0.0626 0.0627 0.0626 0.0627 0.0627 0.0628 0.0630 0.0627 0.0628 0.0628 0.0627 0.0628 0.0628 0.0628 0.0628 0.0628 0.0633 0.0632 0.0647 0.0632 0.0650 0.0639 0.0632 0.0634 0.0635 0.0635 0.0635 0.0635
0.0635 0.0633 0.0631 0.0632 0.0628 0.0627 0.0627 0.0626 0.0626 0.0626 0.0626 0.0626 0.0626 0.0626 0.0628 0.0628 0.0631 0.0643 0.0641 0.0648 0.0697 0.0758 0.0688 0.0769 0.0807 0.0730 0.0972 0.0800 0.0917 0.1089 0.1492 0.1691 0.1405 0.4041 1.0000 0.4053 0.1382 0.1734 0.1555 0.1018 0.0916 0.0910 0.0770 0.0658 0.0633 0.0623 0.0624 0.0625 0.0625 0.0626 0.0628 0.0626 0.0626 0.0625 0.0624 0.0624 0.0626 0.0625 0.0624 0.0625 0.0626 0.0626 0.0626 0.0626 0.0626 0.0626 0.0627 0.0626 0.0626 0.0626 0.0626 0.0625 0.0625 0.0625 0.0626 0.0626 0.0626 0.0625 0.0626 0.0626 0.0628 0.0627 0.0626 0.0627 0.0626 0.0627 0.0626 0.0626 0.0626 0.0626 0.0626 0.0626 0.0626 0.0627 0.0627 0.0627 0.0626 0.0625 0.0626 0.0626 0.0626 0.0626 0.0627 0.0627 0.0629 0.0628 0.0627 0.0627 0.0627 0.0627 0.0628 0.0627 0.0627 0.0627 0.0632 0.0632 0.0654 0.0637 0.0659 0.0650 0.0639 0.0646 0.0648 0.0647 0.0645 0.0643
0.0640 0.0642 0.0640 0.0649 0.0640 0.0634 0.0635 0.0631 0.0627 0.0627 0.0627 0.0627 0.0629 0.0629 0.0659 0.0655 0.0674 0.0738 0.0782 0.0817 0.0949 0.1130 0.0967 0.1119 0.1110 0.0919 0.1247 0.0852 0.0919 0.1073 0.1029 0.1554 0.1844 0.1393 0.4053 1.0000 0.4085 0.1397 0.1789 0.1578 0.1030 0.0922 0.0930 0.0786 0.0660 0.0635 0.0625 0.0626 0.0633 0.0626 0.0633 0.0627 0.0627 0.0626 0.0628 0.0630 0.0626 0.0626 0.0633 0.0627 0.0626 0.0627 0.0627 0.0627 0.0626 0.0627 0.0627 0.0627 0.0626 0.0627 0.0626 0.0626 0.0626 0.0626 0.0626 0.0626 0.0627 0.0627 0.0629 0.0628 0.0631 0.0632 0.0630 0.0635 0.0632 0.0632 0.0633 0.0628 0.0631 0.0627 0.0630 0.0628 0.0631 0.0632 0.0630 0.0630 0.0628 0.0630 0.0630 0.0630 0.0642 0.0634 0.0655 0.0646 0.0658 0.0644 0.0640 0.0635 0.0630 0.0632 0.0637 0.0637 0.0639 0.0646 0.0671 0.0677 0.0748 0.0724 0.0777 0.0756 0.0702 0.0705 0.0699 0.0679 0.0666 0.0658
0.0639 0.0641 0.0637 0.0646 0.0636 0.0632 0.0633 0.0630 0.0627 0.0628 0.0627 0.0626 0.0629 0.0630 0.0663 0.0651 0.0670 0.0723 0.0808 0.0915 0.1040 0.1297 0.1268 0.1569 0.1702 0.1335 0.2024 0.1098 0.1072 0.1011 0.0918 0.1036 0.1646 0.1771 0.1382 0.4085 1.0000 0.4031 0.1429 0.1826 0.1583 0.1030 0.0933 0.0947 0.0784 0.0659 0.0635 0.0627 0.0696 0.0659 0.0705 0.0652 0.0634 0.0630 0.0674 0.0669 0.0627 0.0631 0.0668 0.0632 0.0626 0.0629 0.0633 0.0626 0.0627 0.0627 0.0628 0.0627 0.0627 0.0627 0.0627 0.0626 0.0626 0.0626 0.0626 0.0625 0.0626 0.0626 0.0627 0.0626 0.0628 0.0630 0.0628 0.0631 0.0630 0.0631 0.0632 0.0628 0.0632 0.0627 0.0630 0.0627 0.0628 0.0628 0.0627 0.0628 0.0627 0.0628 0.0630 0.0629 0.0648 0.0633 0.0658 0.0640 0.0650 0.0635 0.0634 0.0631 0.0627 0.0629 0.0632 0.0633 0.0634 0.0640 0.0661 0.0659 0.0712 0.0711 0.0745 0.0740 0.0677 0.0670 0.0665 0.0652 0.0644 0.0640
0.0641 0.0642 0.0637 0.0644 0.0635 0.0631 0.0632 0.0628 0.0627 0.0627 0.0627 0.0627 0.0627 0.0627 0.0631 0.0628 0.0631 0.0634 0.0651 0.0679 0.0710 0.0807 0.0823 0.0939 0.0970 0.0823 0.1068 0.0785 0.0813 0.0805 0.0905 0.0908 0.1044 0.1577 0.1734 0.1397 0.4031 1.0000 0.4068 0.1403 0.1790 0.1569 0.1025 0.0917 0.0926 0.0774 0.0651 0.0630 0.0678 0.0679 0.0714 0.0648 0.0631 0.0626 0.0642 0.0637 0.0624 0.0625 0.0631 0.0626 0.0626 0.0625 0.0626 0.0625 0.0626 0.0627 0.0627 0.0626 0.0626 0.0626 0.0626 0.0626 0.0625 0.0625 0.0626 0.0626 0.0626 0.0625 0.0626 0.0626 0.0627 0.0627 0.0626 0.0626 0.0627 0.0627 0.0627 0.0626 0.0627 0.0627 0.0626 0.0627 0.0627 0.0630 0.0628 0.0628 0.0627 0.0627 0.0628 0.0627 0.0631 0.0627 0.0632 0.0627 0.0628 0.0627 0.0627 0.0626 0.0626 0.0627 0.0627 0.0627 0.0628 0.0628 0.0633 0.0631 0.0650 0.0641 0.0666 0.0666 0.0645 0.0653 0.0648 0.0642 0.0639 0.0636
0.0650 0.0653 0.0651 0.0662 0.0648 0.0640 0.0642 0.0635 0.0628 0.0628 0.0627 0.0627 0.0630 0.0628 0.0641 0.0633 0.0634 0.0650 0.0688 0.0706 0.0708 0.0831 0.0873 0.0936 0.0870 0.0715 0.0869 0.0659 0.0682 0.0699 0.0764 0.0905 0.0941 0.1032 0.1555 0.1789 0.1429 0.4068 1.0000 0.4078 0.1423 0.1788 0.1572 0.1020 0.0919 0.0919 0.0758 0.0645 0.0711 0.0649 0.0654 0.0628 0.0626 0.0625 0.0628 0.0631 0.0626 0.0624 0.0636 0.0626 0.0625 0.0625 0.0627 0.0626 0.0626 0.0626 0.0627 0.0626 0.0626 0.0626 0.0626 0.0626 0.0626 0.0625 0.0625 0.0626 0.0627 0.0626 0.0627 0.0627 0.0627 0.0627 0.0627 0.0628 0.0628 0.0627 0.0628 0.0627 0.0634 0.0628 0.0644 0.0630 0.0643 0.0650 0.0643 0.0642 0.0635 0.0642 0.0642 0.0631 0.0654 0.0630 0.0643 0.0631 0.0633 0.0628 0.0628 0.0627 0.0627 0.0628 0.0629 0.0630 0.0631 0.0630 0.0639 0.0637 0.0677 0.0675 0.0728 0.0742 0.0700 0.0722 0.0701 0.0677 0.0662 0.0654
0.0646 0.0650 0.0646 0.0663 0.0648 0.0644 0.0654 0.0641 0.0631 0.0632 0.0631 0.0629 0.0643 0.0640 0.0711 0.0671 0.0672 0.0716 0.0873 0.0980 0.0947 0.1248 0.1544 0.1619 0.1256 0.0916 0.1039 0.0704 0.0691 0.0677 0.0660 0.0776 0.0951 0.0925 0.1018 0.1578 0.1826 0.1403 0.4078 1.0000 0.4051 0.1411 0.1804 0.1596 0.1029 0.0919 0.0908 0.0750 0.0944 0.0747 0.0736 0.0655 0.0630 0.0628 0.0710 0.0697 0.0627 0.0649 0.0762 0.0653 0.0627 0.0648 0.0663 0.0627 0.0626 0.0631 0.0628 0.0626 0.0627 0.0626 0.0626 0.0627 0.0626 0.0626 0.0626 0.0626 0.0626 0.0626 0.0626 0.0627 0.0628 0.0627 0.0627 0.0630 0.0630 0.0632 0.0640 0.0635 0.0681 0.0645 0.0736 0.0645 0.0674 0.0657 0.0645 0.0647 0.0639 0.0663 0.0695 0.0661 0.0771 0.0671 0.0726 0.0658 0.0658 0.0633 0.0631 0.0628 0.0627 0.0628 0.0631 0.0632 0.0637 0.0639 0.0676 0.0672 0.0752 0.0802 0.0853 0.0884 0.0758 0.0741 0.0713 0.0677 0.0657 0.0648
0.0645 0.0646 0.0640 0.0651 0.0641 0.0637 0.0642 0.0635 0.0630 0.0631 0.0630 0.0629 0.0635 0.0632 0.0657 0.0635 0.0638 0.0642 0.0707 0.0792 0.0771 0.0914 0.1156 0.1326 0.1145 0.0866 0.0967 0.0697 0.0674 0.0640 0.0635 0.0662 0.0797 0.0937 0.0916 0.1030 0.1583 0.1790 0.1423 0.4051 1.0000 0.4056 0.1394 0.1796 0.1587 0.1027 0.0909 0.0860 0.1085 0.1022 0.1015 0.0795 0.0683 0.0669 0.0821 0.0771 0.0643 0.0670 0.0763 0.0653 0.0626 0.0636 0.0642 0.0627 0.0626 0.0627 0.0629 0.0627 0.0626 0.0626 0.0626 0.0626 0.0627 0.0626 0.0626 0.0626 0.0626 0.0625 0.0626 0.0626 0.0627 0.0627 0.0626 0.0627 0.0627 0.0628 0.0627 0.0627 0.0639 0.0629 0.0685 0.0633 0.0668 0.0659 0.0651 0.0645 0.0636 0.0646 0.0662 0.0631 0.0674 0.0628 0.0645 0.0628 0.0631 0.0627 0.0627 0.0627 0.0627 0.0627 0.0627 0.0628 0.0628 0.0630 0.0637 0.0635 0.0657 0.0668 0.0686 0.0701 0.0654 0.0657 0.0649 0.0641 0.0636 0.0635
0.0651 0.0651 0.0647 0.0658 0.0643 0.0639 0.0641 0.0635 0.0630 0.0632 0.0631 0.0630 0.0633 0.0631 0.0642 0.0631 0.0629 0.0628 0.0648 0.0666 0.0641 0.0698 0.0809 0.0847 0.0761 0.0655 0.0709 0.0631 0.0631 0.0627 0.0624 0.0636 0.0667 0.0775 0.0910 0.0922 0.1030 0.1569 0.1788 0.1411 0.4056 1.0000 0.4056 0.1387 0.1784 0.1569 0.1004 0.0879 0.0939 0.0861 0.0805 0.0663 0.0630 0.0626 0.0676 0.0651 0.0622 0.0629 0.0656 0.0625 0.0625 0.0624 0.0626 0.0624 0.0626 0.0626 0.0626 0.0626 0.0627 0.0626 0.0626 0.0625 0.0626 0.0626 0.0626 0.0626 0.0626 0.0626 0.0626 0.0627 0.0627 0.0627 0.0626 0.0626 0.0626 0.0626 0.0626 0.0624 0.0630 0.0624 0.0677 0.0635 0.0691 0.0695 0.0692 0.0678 0.0649 0.0662 0.0663 0.0628 0.0654 0.0627 0.0633 0.0627 0.0626 0.0626 0.0626 0.0626 0.0626 0.0627 0.0626 0.0626 0.0627 0.0627 0.0631 0.0630 0.0640 0.0644 0.0668 0.0688 0.0658 0.0680 0.0664 0.0655 0.0645 0.0644
0.0655 0.0660 0.0659 0.0681 0.0657 0.0653 0.0661 0.0647 0.0635 0.0641 0.0637 0.0639 0.0656 0.0650 0.0696 0.0654 0.0643 0.0653 0.0735 0.0753 0.0678 0.0780 0.0976 0.0927 0.0762 0.0654 0.0686 0.0627 0.0626 0.0626 0.0625 0.0627 0.0644 0.0661 0.0770 0.0930 0.0933 0.1025 0.1572 0.1804 0.1394 0.4056 1.0000 0.4043 0.1407 0.1802 0.1496 0.1018 0.1111 0.0819 0.0733 0.0648 0.0626 0.0627 0.0704 0.0668 0.0623 0.0652 0.0742 0.0640 0.0626 0.0651 0.0649 0.0626 0.0626 0.0629 0.0627 0.0626 0.0627 0.0627 0.0626 0.0626 0.0626 0.0626 0.0626 0.0627 0.0627 0.0626 0.0627 0.0627 0.0627 0.0627 0.0627 0.0628 0.0627 0.0630 0.0634 0.0639 0.0689 0.0677 0.0888 0.0724 0.0863 0.0802 0.0777 0.0791 0.0741 0.0802 0.0834 0.0706 0.0818 0.0675 0.0687 0.0640 0.0635 0.0628 0.0627 0.0627 0.0627 0.0627 0.0627 0.0628 0.0631 0.0629 0.0645 0.0642 0.0692 0.0740 0.0800 0.0860 0.0766 0.0785 0.0738 0.0700 0.0671 0.0659
0.0644 0.0645 0.0642 0.0661 0.0643 0.0641 0.0653 0.0639 0.0630 0.0640 0.0636 0.0637 0.0668 0.0655 0.0731 0.0662 0.0651 0.0659 0.0775 0.0867 0.0745 0.0870 0.1238 0.1176 0.0876 0.0700 0.0721 0.0629 0.0626 0.0625 0.0624 0.0626 0.0630 0.0637 0.0658 0.0786 0.0947 0.0917 0.1020 0.1596 0.1796 0.1387 0.4043 1.0000 0.4028 0.1389 0.1765 0.1420 0.2333 0.1283 0.1071 0.0864 0.0692 0.0718 0.1040 0.0904 0.0701 0.0831 0.1046 0.0740 0.0664 0.0746 0.0721 0.0633 0.0628 0.0637 0.0630 0.0626 0.0626 0.0627 0.0626 0.0626 0.0627 0.0626 0.0626 0.0626 0.0626 0.0626 0.0626 0.0625 0.0627 0.0626 0.0627 0.0627 0.0626 0.0630 0.0634 0.0641 0.0740 0.0728 0.1054 0.0794 0.0968 0.0836 0.0786 0.0802 0.0751 0.0824 0.0901 0.0732 0.0895 0.0678 0.0704 0.0635 0.0634 0.0627 0.0626 0.0626 0.0626 0.0626 0.0626 0.0627 0.0631 0.0631 0.0668 0.0652 0.0713 0.0780 0.0776 0.0829 0.0708 0.0694 0.0683 0.0660 0.0644 0.0640
0.0646 0.0646 0.0642 0.0651 0.0640 0.0638 0.0645 0.0636 0.0631 0.0635 0.0635 0.0636 0.0645 0.0638 0.0653 0.0630 0.0629 0.0628 0.0646 0.0668 0.0631 0.0660 0.0800 0.0806 0.0704 0.0639 0.0645 0.0626 0.0626 0.0625 0.0626 0.0626 0.0625 0.0625 0.0633 0.0660 0.0784 0.0926 0.0919 0.1029 0.1587 0.1784 0.1407 0.4028 1.0000 0.4080 0.1358 0.1572 0.1540 0.1601 0.1209 0.0887 0.0696 0.0692 0.0894 0.0758 0.0641 0.0697 0.0758 0.0638 0.0626 0.0640 0.0633 0.0625 0.0626 0.0626 0.0627 0.0626 0.0627 0.0627 0.0627 0.0626 0.0626 0.0627 0.0626 0.0626 0.0626 0.0626 0.0626 0.0626 0.0627 0.0627 0.0626 0.0627 0.0627 0.0627 0.0626 0.0625 0.0635 0.0631 0.0788 0.0689 0.0881 0.0855 0.0838 0.0794 0.0713 0.0707 0.0724 0.0632 0.0677 0.0626 0.0631 0.0626 0.0627 0.0627 0.0627 0.0627 0.0627 0.0626 0.0626 0.0626 0.0627 0.0627 0.0631 0.0628 0.0642 0.0644 0.0655 0.0676 0.0644 0.0655 0.0652 0.0645 0.0638 0.0636
