1.0000 0.3994 0.1402 0.0988 0.0804 0.0686 0.0646 0.0636 0.0632 0.0632 0.0641 0.0646 0.0679 0.0697 0.0716 0.0753 0.0705 0.0696 0.0691 0.0683 0.0686 0.0671 0.0666 0.0650 0.0646 0.0644 0.0642 0.0648 0.0650 0.0654 0.0663 0.0676 0.0676 0.0677 0.0666 0.0659 0.0654 0.0641 0.0640 0.0639 0.0633 0.0633 0.0635 0.0632 0.0631 0.0634 0.0634 0.0633 0.0634 0.0638 0.0635 0.0636 0.0644 0.0642 0.0641 0.0650 0.0652 0.0655 0.0653 0.0649 0.0646 0.0634 0.0633 0.0632 0.0633 0.0635 0.0637 0.0637 0.0635 0.0635 0.0631 0.0632 0.0631 0.0632 0.0633 0.0633 0.0633 0.0632 0.0631 0.0630 0.0632 0.0632 0.0630 0.0630 0.0630 0.0632 0.0632 0.0634 0.0633 0.0631 0.0632 0.0631 0.0633 0.0632 0.0633 0.0637 0.0639 0.0645 0.0654 0.0645 0.0664 0.0648 0.0663 0.0652 0.0660 0.0654 0.0646 0.0642 0.0645 0.0640 0.0642
0.3994 1.0000 0.4032 0.1333 0.1039 0.0794 0.0703 0.0652 0.0645 0.0641 0.0670 0.0697 0.0773 0.0810 0.0831 0.0820 0.0729 0.0697 0.0688 0.0698 0.0743 0.0730 0.0728 0.0708 0.0689 0.0686 0.0668 0.0679 0.0676 0.0680 0.0697 0.0716 0.0698 0.0681 0.0665 0.0660 0.0672 0.0649 0.0644 0.0645 0.0636 0.0641 0.0646 0.0639 0.0636 0.0645 0.0649 0.0641 0.0642 0.0655 0.0651 0.0645 0.0656 0.0662 0.0658 0.0665 0.0674 0.0676 0.0670 0.0674 0.0677 0.0650 0.0645 0.0642 0.0641 0.0647 0.0644 0.0646 0.0650 0.0647 0.0645 0.0643 0.0641 0.0641 0.0641 0.0640 0.0639 0.0641 0.0635 0.0634 0.0638 0.0635 0.0633 0.0636 0.0633 0.0639 0.0636 0.0639 0.0635 0.0632 0.0634 0.0633 0.0640 0.0635 0.0643 0.0649 0.0650 0.0664 0.0685 0.0680 0.0718 0.0693 0.0721 0.0693 0.0692 0.0676 0.0657 0.0651 0.0652 0.0641 0.0641
0.1402 0.4032 1.0000 0.3979 0.1447 0.1050 0.0820 0.0690 0.0666 0.0652 0.0686 0.0712 0.0769 0.0782 0.0752 0.0760 0.0673 0.0659 0.0658 0.0659 0.0692 0.0676 0.0696 0.0674 0.0680 0.0681 0.0676 0.0693 0.0694 0.0702 0.0715 0.0727 0.0692 0.0675 0.0656 0.0653 0.0655 0.0641 0.0638 0.0638 0.0633 0.0635 0.0635 0.0632 0.0630 0.0633 0.0635 0.0631 0.0630 0.0635 0.0633 0.0631 0.0636 0.0639 0.0636 0.0641 0.0646 0.0652 0.0654 0.0659 0.0661 0.0644 0.0639 0.0635 0.0635 0.0641 0.0643 0.0644 0.0643 0.0640 0.0634 0.0635 0.0633 0.0635 0.0636 0.0639 0.0636 0.0637 0.0633 0.0632 0.0635 0.0634 0.0632 0.0633 0.0632 0.0634 0.0633 0.0635 0.0632 0.0629 0.0630 0.0628 0.0632 0.0630 0.0633 0.0637 0.0638 0.0644 0.0660 0.0653 0.0703 0.0671 0.0724 0.0680 0.0694 0.0676 0.0656 0.0649 0.0648 0.0639 0.0640
0.0988 0.1333 0.3979 1.0000 0.3996 0.1389 0.0988 0.0777 0.0705 0.0674 0.0723 0.0761 0.0807 0.0789 0.0733 0.0707 0.0649 0.0638 0.0639 0.0643 0.0674 0.0667 0.0695 0.0684 0.0701 0.0715 0.0706 0.0732 0.0733 0.0733 0.0740 0.0737 0.0690 0.0668 0.0650 0.0650 0.0655 0.0642 0.0637 0.0637 0.0634 0.0635 0.0637 0.0634 0.0631 0.0636 0.0637 0.0632 0.0630 0.0635 0.0633 0.0630 0.0632 0.0636 0.0634 0.0635 0.0641 0.0646 0.0646 0.0651 0.0658 0.0644 0.0640 0.0636 0.0637 0.0648 0.0650 0.0652 0.0653 0.0645 0.0638 0.0638 0.0634 0.0637 0.0636 0.0636 0.0635 0.0636 0.0633 0.0631 0.0636 0.0633 0.0631 0.0633 0.0631 0.0632 0.0631 0.0632 0.0630 0.0628 0.0628 0.0628 0.0631 0.0629 0.0633 0.0637 0.0639 0.0646 0.0660 0.0653 0.0712 0.0677 0.0757 0.0697 0.0721 0.0689 0.0665 0.0658 0.0654 0.0642 0.0641
0.0804 0.1039 0.1447 0.3996 1.0000 0.4006 0.1487 0.1015 0.0885 0.0784 0.0901 0.0996 0.1033 0.0960 0.0803 0.0727 0.0654 0.0635 0.0635 0.0645 0.0712 0.0710 0.0798 0.0804 0.0845 0.0896 0.0820 0.0851 0.0813 0.0774 0.0776 0.0759 0.0694 0.0671 0.0651 0.0655 0.0674 0.0651 0.0639 0.0643 0.0636 0.0641 0.0651 0.0639 0.0633 0.0642 0.0653 0.0635 0.0631 0.0643 0.0644 0.0631 0.0634 0.0645 0.0642 0.0636 0.0641 0.0646 0.0642 0.0650 0.0670 0.0652 0.0652 0.0659 0.0651 0.0674 0.0664 0.0673 0.0688 0.0670 0.0671 0.0659 0.0650 0.0653 0.0645 0.0642 0.0639 0.0645 0.0635 0.0633 0.0644 0.0636 0.0632 0.0641 0.0633 0.0639 0.0633 0.0635 0.0630 0.0627 0.0630 0.0628 0.0635 0.0630 0.0636 0.0644 0.0646 0.0668 0.0700 0.0707 0.0828 0.0764 0.0903 0.0780 0.0795 0.0712 0.0676 0.0661 0.0658 0.0641 0.0640
0.0686 0.0794 0.1050 0.1389 0.4006 1.0000 0.4023 0.1344 0.1051 0.0850 0.0880 0.0899 0.0834 0.0752 0.0677 0.0648 0.0627 0.0626 0.0626 0.0627 0.0644 0.0640 0.0684 0.0684 0.0746 0.0797 0.0791 0.0822 0.0811 0.0770 0.0758 0.0737 0.0688 0.0668 0.0650 0.0657 0.0670 0.0647 0.0636 0.0637 0.0633 0.0635 0.0641 0.0635 0.0630 0.0632 0.0635 0.0628 0.0627 0.0631 0.0629 0.0626 0.0626 0.0628 0.0628 0.0627 0.0630 0.0632 0.0632 0.0635 0.0644 0.0635 0.0636 0.0637 0.0639 0.0656 0.0657 0.0663 0.0663 0.0652 0.0642 0.0643 0.0635 0.0641 0.0636 0.0635 0.0633 0.0636 0.0632 0.0632 0.0639 0.0635 0.0631 0.0635 0.0631 0.0631 0.0631 0.0630 0.0628 0.0627 0.0627 0.0627 0.0629 0.0628 0.0631 0.0636 0.0641 0.0653 0.0658 0.0651 0.0721 0.0670 0.0772 0.0698 0.0732 0.0686 0.0664 0.0657 0.0654 0.0642 0.0639
0.0646 0.0703 0.0820 0.0988 0.1487 0.4023 1.0000 0.4020 0.1526 0.1195 0.1265 0.1327 0.1018 0.0853 0.0716 0.0650 0.0629 0.0624 0.0625 0.0627 0.0665 0.0664 0.0763 0.0820 0.0938 0.1074 0.0997 0.1002 0.0923 0.0821 0.0799 0.0772 0.0702 0.0683 0.0661 0.0676 0.0702 0.0663 0.0643 0.0647 0.0638 0.0644 0.0663 0.0649 0.0633 0.0644 0.0660 0.0635 0.0630 0.0643 0.0645 0.0629 0.0630 0.0638 0.0637 0.0628 0.0630 0.0634 0.0632 0.0636 0.0654 0.0644 0.0652 0.0667 0.0661 0.0693 0.0677 0.0690 0.0711 0.0695 0.0694 0.0681 0.0662 0.0668 0.0649 0.0644 0.0641 0.0654 0.0639 0.0639 0.0654 0.0645 0.0635 0.0648 0.0635 0.0641 0.0633 0.0632 0.0628 0.0626 0.0627 0.0627 0.0634 0.0630 0.0640 0.0654 0.0666 0.0708 0.0722 0.0735 0.0848 0.0765 0.0915 0.0793 0.0803 0.0718 0.0686 0.0668 0.0661 0.0642 0.0639
0.0636 0.0652 0.0690 0.0777 0.1015 0.1344 0.4020 1.0000 0.4161 0.1310 0.1098 0.0991 0.0777 0.0680 0.0638 0.0627 0.0626 0.0624 0.0624 0.0624 0.0634 0.0633 0.0671 0.0688 0.0799 0.0854 0.0909 0.0892 0.0868 0.0795 0.0767 0.0737 0.0684 0.0668 0.0650 0.0660 0.0671 0.0650 0.0636 0.0639 0.0635 0.0637 0.0647 0.0643 0.0631 0.0633 0.0636 0.0630 0.0627 0.0631 0.0630 0.0627 0.0627 0.0627 0.0627 0.0626 0.0627 0.0629 0.0628 0.0630 0.0637 0.0633 0.0638 0.0640 0.0644 0.0663 0.0660 0.0670 0.0670 0.0661 0.0649 0.0653 0.0640 0.0650 0.0641 0.0640 0.0637 0.0645 0.0636 0.0635 0.0646 0.0642 0.0633 0.0638 0.0633 0.0632 0.0630 0.0630 0.0628 0.0626 0.0627 0.0626 0.0630 0.0628 0.0634 0.0645 0.0656 0.0674 0.0669 0.0656 0.0713 0.0663 0.0752 0.0700 0.0741 0.0698 0.0686 0.0672 0.0664 0.0648 0.0643
0.0632 0.0645 0.0666 0.0705 0.0885 0.1051 0.1526 0.4161 1.0000 0.4121 0.1456 0.1205 0.0861 0.0700 0.0639 0.0626 0.0626 0.0624 0.0623 0.0623 0.0631 0.0632 0.0692 0.0724 0.0897 0.0963 0.1065 0.0980 0.0922 0.0815 0.0782 0.0746 0.0685 0.0667 0.0649 0.0658 0.0675 0.0652 0.0639 0.0645 0.0638 0.0642 0.0658 0.0652 0.0635 0.0639 0.0646 0.0633 0.0627 0.0633 0.0632 0.0627 0.0627 0.0628 0.0628 0.0626 0.0627 0.0630 0.0630 0.0632 0.0641 0.0636 0.0644 0.0650 0.0655 0.0675 0.0664 0.0672 0.0679 0.0668 0.0658 0.0662 0.0645 0.0661 0.0645 0.0644 0.0644 0.0657 0.0644 0.0641 0.0659 0.0651 0.0636 0.0644 0.0635 0.0634 0.0631 0.0632 0.0629 0.0627 0.0628 0.0626 0.0631 0.0630 0.0641 0.0655 0.0670 0.0701 0.0694 0.0679 0.0732 0.0683 0.0784 0.0746 0.0795 0.0743 0.0719 0.0691 0.0677 0.0653 0.0646
0.0632 0.0641 0.0652 0.0674 0.0784 0.0850 0.1195 0.1310 0.4121 1.0000 0.4073 0.1364 0.0949 0.0729 0.0641 0.0627 0.0626 0.0625 0.0624 0.0623 0.0631 0.0635 0.0736 0.0778 0.1036 0.1071 0.1181 0.1008 0.0903 0.0777 0.0736 0.0707 0.0664 0.0655 0.0642 0.0649 0.0662 0.0649 0.0638 0.0644 0.0639 0.0640 0.0655 0.0654 0.0636 0.0642 0.0655 0.0639 0.0629 0.0635 0.0635 0.0627 0.0627 0.0630 0.0628 0.0626 0.0627 0.0630 0.0631 0.0633 0.0643 0.0641 0.0652 0.0658 0.0662 0.0682 0.0667 0.0673 0.0686 0.0672 0.0667 0.0676 0.0656 0.0688 0.0661 0.0659 0.0657 0.0675 0.0651 0.0649 0.0677 0.0662 0.0644 0.0659 0.0642 0.0640 0.0634 0.0635 0.0631 0.0628 0.0630 0.0627 0.0635 0.0633 0.0651 0.0676 0.0697 0.0745 0.0739 0.0715 0.0774 0.0703 0.0824 0.0764 0.0842 0.0740 0.0712 0.0681 0.0666 0.0645 0.0640
0.0641 0.0670 0.0686 0.0723 0.0901 0.0880 0.1265 0.1098 0.1456 0.4073 1.0000 0.4001 0.1403 0.0909 0.0739 0.0630 0.0627 0.0625 0.0623 0.0622 0.0648 0.0671 0.0881 0.0978 0.1390 0.1338 0.1353 0.0996 0.0856 0.0731 0.0706 0.0684 0.0650 0.0644 0.0635 0.0639 0.0652 0.0640 0.0633 0.0640 0.0635 0.0638 0.0661 0.0661 0.0638 0.0651 0.0686 0.0648 0.0633 0.0651 0.0657 0.0630 0.0628 0.0640 0.0637 0.0627 0.0628 0.0633 0.0630 0.0633 0.0652 0.0648 0.0671 0.0680 0.0671 0.0688 0.0656 0.0662 0.0689 0.0672 0.0694 0.0685 0.0675 0.0698 0.0665 0.0659 0.0655 0.0679 0.0645 0.0646 0.0681 0.0655 0.0641 0.0667 0.0643 0.0652 0.0641 0.0646 0.0635 0.0629 0.0632 0.0630 0.0647 0.0639 0.0671 0.0707 0.0716 0.0794 0.0773 0.0790 0.0837 0.0785 0.0873 0.0840 0.0804 0.0729 0.0684 0.0662 0.0652 0.0636 0.0634
0.0646 0.0697 0.0712 0.0761 0.0996 0.0899 0.1327 0.0991 0.1205 0.1364 0.4001 1.0000 0.3979 0.1389 0.0968 0.0729 0.0647 0.0628 0.0624 0.0635 0.0819 0.0871 0.1298 0.1352 0.1542 0.1502 0.1090 0.0884 0.0764 0.0680 0.0679 0.0675 0.0645 0.0642 0.0632 0.0636 0.0652 0.0637 0.0630 0.0635 0.0631 0.0633 0.0659 0.0651 0.0633 0.0650 0.0707 0.0650 0.0632 0.0672 0.0698 0.0636 0.0632 0.0673 0.0660 0.0630 0.0631 0.0639 0.0631 0.0635 0.0667 0.0659 0.0692 0.0753 0.0702 0.0733 0.0665 0.0677 0.0749 0.0705 0.0782 0.0718 0.0715 0.0731 0.0677 0.0674 0.0680 0.0748 0.0670 0.0676 0.0753 0.0683 0.0664 0.0745 0.0678 0.0720 0.0672 0.0676 0.0642 0.0632 0.0638 0.0635 0.0677 0.0644 0.0695 0.0705 0.0686 0.0764 0.0834 0.0906 0.1071 0.0976 0.1117 0.0889 0.0820 0.0694 0.0663 0.0647 0.0642 0.0631 0.0630
0.0679 0.0773 0.0769 0.0807 0.1033 0.0834 0.1018 0.0777 0.0861 0.0949 0.1403 0.3979 1.0000 0.3984 0.1438 0.0925 0.0759 0.0633 0.0630 0.0677 0.0934 0.1057 0.1410 0.1657 0.1564 0.1229 0.0931 0.0748 0.0681 0.0643 0.0648 0.0645 0.0634 0.0633 0.0628 0.0629 0.0637 0.0630 0.0627 0.0630 0.0629 0.0636 0.0668 0.0668 0.0649 0.0679 0.0779 0.0692 0.0661 0.0750 0.0802 0.0670 0.0661 0.0768 0.0729 0.0646 0.0650 0.0667 0.0647 0.0662 0.0738 0.0694 0.0723 0.0763 0.0681 0.0694 0.0644 0.0648 0.0698 0.0669 0.0756 0.0690 0.0706 0.0706 0.0664 0.0660 0.0661 0.0723 0.0652 0.0661 0.0725 0.0662 0.0651 0.0742 0.0683 0.0780 0.0722 0.0735 0.0670 0.0648 0.0655 0.0648 0.0732 0.0666 0.0745 0.0743 0.0697 0.0786 0.0843 0.0968 0.0984 0.1075 0.0932 0.0873 0.0723 0.0659 0.0641 0.0636 0.0635 0.0629 0.0628
0.0697 0.0810 0.0782 0.0789 0.0960 0.0752 0.0853 0.0680 0.0700 0.0729 0.0909 0.1389 0.3984 1.0000 0.3953 0.1391 0.0962 0.0750 0.0739 0.0899 0.1614 0.1459 0.1664 0.1551 0.1040 0.0919 0.0705 0.0648 0.0633 0.0628 0.0630 0.0632 0.0627 0.0629 0.0627 0.0627 0.0630 0.0627 0.0627 0.0627 0.0626 0.0627 0.0637 0.0634 0.0628 0.0637 0.0698 0.0648 0.0633 0.0700 0.0764 0.0648 0.0649 0.0764 0.0734 0.0643 0.0650 0.0664 0.0642 0.0659 0.0723 0.0707 0.0710 0.0818 0.0696 0.0706 0.0645 0.0653 0.0712 0.0670 0.0757 0.0687 0.0705 0.0712 0.0670 0.0680 0.0685 0.0802 0.0689 0.0709 0.0806 0.0708 0.0701 0.0892 0.0779 0.1019 0.0855 0.0847 0.0716 0.0676 0.0696 0.0688 0.0825 0.0706 0.0799 0.0762 0.0686 0.0752 0.0891 0.0951 0.1062 0.1023 0.0945 0.0836 0.0746 0.0655 0.0653 0.0643 0.0639 0.0632 0.0630
0.0716 0.0831 0.0752 0.0733 0.0803 0.0677 0.0716 0.0638 0.0639 0.0641 0.0739 0.0968 0.1438 0.3953 1.0000 0.3946 0.1497 0.0953 0.0840 0.1030 0.1412 0.1945 0.1394 0.1564 0.0932 0.0833 0.0661 0.0635 0.0629 0.0627 0.0627 0.0628 0.0625 0.0627 0.0625 0.0625 0.0627 0.0626 0.0626 0.0626 0.0626 0.0628 0.0652 0.0648 0.0640 0.0681 0.0807 0.0726 0.0698 0.0878 0.1038 0.0786 0.0794 0.1090 0.1032 0.0780 0.0774 0.0780 0.0697 0.0719 0.0827 0.0703 0.0710 0.0796 0.0664 0.0685 0.0634 0.0637 0.0691 0.0663 0.0781 0.0692 0.0721 0.0700 0.0661 0.0663 0.0654 0.0734 0.0652 0.0670 0.0747 0.0676 0.0679 0.0846 0.0751 0.0958 0.0812 0.0826 0.0697 0.0663 0.0696 0.0689 0.0874 0.0731 0.0840 0.0769 0.0690 0.0765 0.0865 0.1068 0.0952 0.1126 0.0902 0.0906 0.0730 0.0661 0.0647 0.0639 0.0636 0.0629 0.0628
0.0753 0.0820 0.0760 0.0707 0.0727 0.0648 0.0650 0.0627 0.0626 0.0627 0.0630 0.0729 0.0925 0.1391 0.3946 1.0000 0.3962 0.1462 0.1287 0.1431 0.1767 0.1396 0.0956 0.0901 0.0662 0.0642 0.0623 0.0624 0.0624 0.0625 0.0624 0.0624 0.0623 0.0625 0.0625 0.0625 0.0625 0.0624 0.0624 0.0625 0.0624 0.0625 0.0627 0.0627 0.0626 0.0632 0.0661 0.0642 0.0634 0.0684 0.0748 0.0662 0.0675 0.0809 0.0817 0.0710 0.0712 0.0721 0.0677 0.0699 0.0729 0.0671 0.0657 0.0699 0.0641 0.0652 0.0631 0.0632 0.0654 0.0638 0.0669 0.0650 0.0651 0.0663 0.0644 0.0653 0.0650 0.0705 0.0652 0.0671 0.0740 0.0684 0.0686 0.0820 0.0774 0.0939 0.0880 0.0890 0.0745 0.0695 0.0723 0.0708 0.0860 0.0764 0.0813 0.0780 0.0719 0.0776 0.0865 0.0812 0.0792 0.0817 0.0801 0.0806 0.0755 0.0692 0.0682 0.0664 0.0653 0.0637 0.0636
0.0705 0.0729 0.0673 0.0649 0.0654 0.0627 0.0629 0.0626 0.0626 0.0626 0.0627 0.0647 0.0759 0.0962 0.1497 0.3962 1.0000 0.4341 0.1341 0.1723 0.1360 0.1668 0.0922 0.0890 0.0653 0.0639 0.0624 0.0625 0.0625 0.0624 0.0625 0.0626 0.0624 0.0625 0.0624 0.0624 0.0626 0.0624 0.0625 0.0626 0.0626 0.0626 0.0634 0.0633 0.0631 0.0643 0.0691 0.0673 0.0661 0.0747 0.0864 0.0760 0.0793 0.1029 0.1096 0.0892 0.0874 0.0852 0.0747 0.0763 0.0789 0.0680 0.0674 0.0725 0.0654 0.0675 0.0640 0.0641 0.0678 0.0659 0.0718 0.0675 0.0674 0.0667 0.0650 0.0654 0.0649 0.0693 0.0647 0.0664 0.0723 0.0680 0.0698 0.0850 0.0801 0.0985 0.0837 0.0846 0.0718 0.0684 0.0737 0.0738 0.0947 0.0810 0.0921 0.0818 0.0759 0.0817 0.0791 0.0805 0.0755 0.0835 0.0812 0.0875 0.0773 0.0716 0.0681 0.0660 0.0652 0.0635 0.0633
0.0696 0.0697 0.0659 0.0638 0.0635 0.0626 0.0624 0.0624 0.0624 0.0625 0.0625 0.0628 0.0633 0.0750 0.0953 0.1462 0.4341 1.0000 0.4378 0.1762 0.1092 0.1023 0.0697 0.0663 0.0623 0.0623 0.0624 0.0624 0.0624 0.0624 0.0623 0.0624 0.0624 0.0625 0.0625 0.0624 0.0625 0.0625 0.0625 0.0625 0.0625 0.0626 0.0627 0.0627 0.0626 0.0630 0.0637 0.0636 0.0633 0.0654 0.0694 0.0669 0.0690 0.0779 0.0818 0.0766 0.0755 0.0741 0.0691 0.0689 0.0680 0.0640 0.0637 0.0650 0.0635 0.0645 0.0635 0.0635 0.0649 0.0642 0.0646 0.0643 0.0634 0.0641 0.0635 0.0641 0.0641 0.0661 0.0640 0.0653 0.0688 0.0667 0.0685 0.0767 0.0763 0.0852 0.0799 0.0809 0.0721 0.0693 0.0738 0.0737 0.0846 0.0798 0.0807 0.0774 0.0740 0.0737 0.0712 0.0678 0.0660 0.0675 0.0721 0.0748 0.0743 0.0721 0.0695 0.0679 0.0668 0.0646 0.0645
0.0691 0.0688 0.0658 0.0639 0.0635 0.0626 0.0625 0.0624 0.0623 0.0624 0.0623 0.0624 0.0630 0.0739 0.0840 0.1287 0.1341 0.4378 1.0000 0.4103 0.1198 0.0950 0.0683 0.0643 0.0623 0.0623 0.0624 0.0624 0.0623 0.0623 0.0623 0.0623 0.0623 0.0624 0.0624 0.0624 0.0624 0.0623 0.0624 0.0624 0.0624 0.0624 0.0626 0.0626 0.0626 0.0626 0.0630 0.0630 0.0627 0.0637 0.0655 0.0641 0.0655 0.0709 0.0732 0.0706 0.0699 0.0692 0.0659 0.0663 0.0658 0.0635 0.0634 0.0645 0.0636 0.0653 0.0641 0.0646 0.0661 0.0657 0.0654 0.0656 0.0637 0.0646 0.0636 0.0641 0.0641 0.0666 0.0643 0.0659 0.0694 0.0670 0.0682 0.0756 0.0752 0.0846 0.0809 0.0826 0.0737 0.0707 0.0760 0.0751 0.0849 0.0782 0.0767 0.0718 0.0679 0.0680 0.0670 0.0654 0.0652 0.0669 0.0738 0.0776 0.0791 0.0782 0.0746 0.0721 0.0697 0.0662 0.0658
0.0683 0.0698 0.0659 0.0643 0.0645 0.0627 0.0627 0.0624 0.0623 0.0623 0.0622 0.0635 0.0677 0.0899 0.1030 0.1431 0.1723 0.1762 0.4103 1.0000 0.3946 0.1473 0.0908 0.0771 0.0627 0.0624 0.0624 0.0624 0.0624 0.0624 0.0624 0.0624 0.0623 0.0625 0.0624 0.0624 0.0624 0.0624 0.0625 0.0625 0.0626 0.0625 0.0627 0.0629 0.0627 0.0630 0.0644 0.0635 0.0632 0.0662 0.0712 0.0668 0.0688 0.0802 0.0827 0.0749 0.0752 0.0733 0.0682 0.0701 0.0706 0.0652 0.0648 0.0689 0.0649 0.0684 0.0649 0.0661 0.0707 0.0697 0.0720 0.0704 0.0676 0.0689 0.0661 0.0675 0.0672 0.0733 0.0672 0.0696 0.0757 0.0700 0.0723 0.0869 0.0830 0.0962 0.0854 0.0842 0.0727 0.0696 0.0758 0.0762 0.0926 0.0804 0.0829 0.0743 0.0675 0.0683 0.0695 0.0704 0.0729 0.0806 0.0924 0.1014 0.0959 0.0879 0.0788 0.0737 0.0703 0.0660 0.0658
0.0686 0.0743 0.0692 0.0674 0.0712 0.0644 0.0665 0.0634 0.0631 0.0631 0.0648 0.0819 0.0934 0.1614 0.1412 0.1767 0.1360 0.1092 0.1198 0.3946 1.0000 0.3934 0.1370 0.1010 0.0727 0.0661 0.0627 0.0626 0.0624 0.0625 0.0625 0.0626 0.0624 0.0625 0.0624 0.0625 0.0626 0.0625 0.0626 0.0626 0.0626 0.0626 0.0633 0.0631 0.0627 0.0635 0.0670 0.0644 0.0633 0.0686 0.0768 0.0661 0.0668 0.0812 0.0806 0.0688 0.0690 0.0688 0.0648 0.0666 0.0710 0.0654 0.0666 0.0759 0.0672 0.0728 0.0652 0.0665 0.0751 0.0731 0.0831 0.0793 0.0769 0.0808 0.0721 0.0747 0.0712 0.0831 0.0688 0.0703 0.0786 0.0693 0.0703 0.0904 0.0804 0.1037 0.0837 0.0847 0.0706 0.0675 0.0740 0.0742 0.1010 0.0808 0.0905 0.0795 0.0691 0.0725 0.0816 0.0881 0.0975 0.1051 0.1138 0.1097 0.0930 0.0787 0.0719 0.0680 0.0668 0.0642 0.0640
0.0671 0.0730 0.0676 0.0667 0.0710 0.0640 0.0664 0.0633 0.0632 0.0635 0.0671 0.0871 0.1057 0.1459 0.1945 0.1396 0.1668 0.1023 0.0950 0.1473 0.3934 1.0000 0.4029 0.1526 0.0926 0.0782 0.0635 0.0629 0.0627 0.0626 0.0625 0.0626 0.0625 0.0625 0.0624 0.0624 0.0626 0.0625 0.0625 0.0627 0.0626 0.0627 0.0641 0.0638 0.0631 0.0650 0.0746 0.0688 0.0662 0.0800 0.0964 0.0750 0.0759 0.1021 0.1014 0.0767 0.0768 0.0753 0.0680 0.0712 0.0783 0.0693 0.0702 0.0834 0.0676 0.0724 0.0641 0.0653 0.0750 0.0705 0.0880 0.0766 0.0803 0.0796 0.0734 0.0754 0.0715 0.0865 0.0696 0.0714 0.0797 0.0692 0.0703 0.0909 0.0758 0.0918 0.0750 0.0757 0.0662 0.0644 0.0685 0.0686 0.0895 0.0756 0.0904 0.0822 0.0699 0.0763 0.0899 0.1055 0.1069 0.1357 0.1094 0.1188 0.0855 0.0756 0.0685 0.0659 0.0654 0.0634 0.0633
0.0666 0.0728 0.0696 0.0695 0.0798 0.0684 0.0763 0.0671 0.0692 0.0736 0.0881 0.1298 0.1410 0.1664 0.1394 0.0956 0.0922 0.0697 0.0683 0.0908 0.1370 0.4029 1.0000 0.3963 0.1411 0.0949 0.0738 0.0641 0.0632 0.0627 0.0627 0.0628 0.0626 0.0626 0.0626 0.0624 0.0628 0.0626 0.0626 0.0626 0.0626 0.0626 0.0640 0.0641 0.0629 0.0641 0.0732 0.0668 0.0633 0.0720 0.0843 0.0665 0.0654 0.0801 0.0765 0.0651 0.0655 0.0658 0.0635 0.0650 0.0692 0.0649 0.0657 0.0742 0.0644 0.0685 0.0631 0.0635 0.0692 0.0667 0.0826 0.0765 0.0823 0.0898 0.0810 0.0880 0.0810 0.1047 0.0763 0.0756 0.0840 0.0715 0.0704 0.0854 0.0727 0.0853 0.0717 0.0721 0.0654 0.0640 0.0667 0.0674 0.0850 0.0755 0.0932 0.0924 0.0758 0.0852 0.1163 0.1179 0.1380 0.1253 0.1075 0.0909 0.0767 0.0678 0.0658 0.0649 0.0646 0.0633 0.0632
0.0650 0.0708 0.0674 0.0684 0.0804 0.0684 0.0820 0.0688 0.0724 0.0778 0.0978 0.1352 0.1657 0.1551 0.1564 0.0901 0.0890 0.0663 0.0643 0.0771 0.1010 0.1526 0.3963 1.0000 0.3945 0.1546 0.0965 0.0787 0.0681 0.0641 0.0641 0.0646 0.0630 0.0631 0.0627 0.0628 0.0645 0.0633 0.0627 0.0633 0.0631 0.0641 0.0722 0.0714 0.0667 0.0742 0.1026 0.0820 0.0730 0.0982 0.1198 0.0792 0.0762 0.1010 0.0908 0.0688 0.0680 0.0684 0.0640 0.0653 0.0728 0.0682 0.0727 0.0914 0.0714 0.0773 0.0648 0.0655 0.0801 0.0747 0.1107 0.0870 0.0974 0.0904 0.0794 0.0774 0.0727 0.0848 0.0674 0.0685 0.0768 0.0671 0.0661 0.0783 0.0672 0.0763 0.0662 0.0663 0.0633 0.0628 0.0637 0.0636 0.0740 0.0670 0.0802 0.0812 0.0731 0.0878 0.1091 0.1448 0.1235 0.1610 0.1011 0.0996 0.0736 0.0662 0.0638 0.0634 0.0633 0.0627 0.0628
0.0646 0.0689 0.0680 0.0701 0.0845 0.0746 0.0938 0.0799 0.0897 0.1036 0.1390 0.1542 0.1564 0.1040 0.0932 0.0662 0.0653 0.0623 0.0623 0.0627 0.0727 0.0926 0.1411 0.3945 1.0000 0.3918 0.1472 0.0961 0.0792 0.0667 0.0665 0.0662 0.0638 0.0635 0.0630 0.0633 0.0655 0.0638 0.0629 0.0636 0.0630 0.0638 0.0702 0.0687 0.0645 0.0681 0.0837 0.0702 0.0646 0.0753 0.0815 0.0652 0.0639 0.0720 0.0678 0.0627 0.0629 0.0634 0.0627 0.0629 0.0646 0.0635 0.0648 0.0711 0.0649 0.0681 0.0633 0.0636 0.0694 0.0672 0.0834 0.0780 0.0819 0.0868 0.0776 0.0785 0.0747 0.0852 0.0702 0.0700 0.0755 0.0681 0.0664 0.0721 0.0652 0.0685 0.0641 0.0645 0.0632 0.0628 0.0632 0.0634 0.0691 0.0672 0.0784 0.0873 0.0845 0.1009 0.1223 0.1137 0.1088 0.1014 0.0953 0.0797 0.0748 0.0667 0.0652 0.0639 0.0637 0.0631 0.0630
0.0644 0.0686 0.0681 0.0715 0.0896 0.0797 0.1074 0.0854 0.0963 0.1071 0.1338 0.1502 0.1229 0.0919 0.0833 0.0642 0.0639 0.0623 0.0623 0.0624 0.0661 0.0782 0.0949 0.1546 0.3918 1.0000 0.3938 0.1479 0.1118 0.0860 0.0811 0.0781 0.0684 0.0674 0.0645 0.0669 0.0755 0.0697 0.0655 0.0683 0.0659 0.0710 0.0911 0.0831 0.0730 0.0843 0.1137 0.0811 0.0724 0.0907 0.0930 0.0690 0.0670 0.0752 0.0692 0.0631 0.0629 0.0635 0.0626 0.0627 0.0646 0.0641 0.0671 0.0778 0.0699 0.0769 0.0663 0.0677 0.0828 0.0777 0.1008 0.0824 0.0847 0.0783 0.0730 0.0700 0.0699 0.0747 0.0656 0.0668 0.0729 0.0665 0.0653 0.0714 0.0652 0.0688 0.0637 0.0641 0.0628 0.0626 0.0629 0.0631 0.0678 0.0659 0.0759 0.0829 0.0840 0.1075 0.1038 0.1270 0.0949 0.1105 0.0854 0.0949 0.0742 0.0686 0.0654 0.0640 0.0636 0.0629 0.0628
0.0642 0.0668 0.0676 0.0706 0.0820 0.0791 0.0997 0.0909 0.1065 0.1181 0.1353 0.1090 0.0931 0.0705 0.0661 0.0623 0.0624 0.0624 0.0624 0.0624 0.0627 0.0635 0.0738 0.0965 0.1472 0.3938 1.0000 0.4105 0.1380 0.0974 0.0877 0.0816 0.0710 0.0691 0.0658 0.0685 0.0747 0.0693 0.0657 0.0677 0.0651 0.0681 0.0784 0.0725 0.0664 0.0715 0.0812 0.0672 0.0643 0.0705 0.0694 0.0631 0.0628 0.0645 0.0631 0.0625 0.0626 0.0627 0.0626 0.0626 0.0629 0.0630 0.0640 0.0671 0.0670 0.0706 0.0657 0.0679 0.0758 0.0772 0.0802 0.0775 0.0717 0.0725 0.0689 0.0677 0.0687 0.0706 0.0657 0.0662 0.0697 0.0661 0.0649 0.0672 0.0642 0.0654 0.0633 0.0636 0.0628 0.0626 0.0628 0.0631 0.0659 0.0662 0.0725 0.0822 0.0888 0.0987 0.0920 0.0868 0.0791 0.0778 0.0766 0.0769 0.0818 0.0707 0.0690 0.0662 0.0650 0.0636 0.0634
0.0648 0.0679 0.0693 0.0732 0.0851 0.0822 0.1002 0.0892 0.0980 0.1008 0.0996 0.0884 0.0748 0.0648 0.0635 0.0624 0.0625 0.0624 0.0624 0.0624 0.0626 0.0629 0.0641 0.0787 0.0961 0.1479 0.4105 1.0000 0.4215 0.1470 0.1244 0.1099 0.0861 0.0803 0.0732 0.0796 0.0909 0.0814 0.0735 0.0770 0.0706 0.0773 0.0931 0.0790 0.0707 0.0779 0.0852 0.0687 0.0659 0.0711 0.0677 0.0632 0.0632 0.0636 0.0628 0.0626 0.0626 0.0627 0.0624 0.0625 0.0627 0.0628 0.0636 0.0668 0.0679 0.0734 0.0689 0.0733 0.0831 0.0794 0.0771 0.0718 0.0678 0.0670 0.0661 0.0650 0.0666 0.0680 0.0648 0.0654 0.0690 0.0660 0.0652 0.0685 0.0658 0.0679 0.0643 0.0650 0.0632 0.0627 0.0633 0.0638 0.0674 0.0679 0.0733 0.0817 0.0845 0.0925 0.0794 0.0791 0.0698 0.0724 0.0708 0.0775 0.0755 0.0774 0.0709 0.0682 0.0665 0.0644 0.0640
0.0650 0.0676 0.0694 0.0733 0.0813 0.0811 0.0923 0.0868 0.0922 0.0903 0.0856 0.0764 0.0681 0.0633 0.0629 0.0624 0.0625 0.0624 0.0623 0.0624 0.0624 0.0627 0.0632 0.0681 0.0792 0.1118 0.1380 0.4215 1.0000 0.4200 0.1418 0.1173 0.0920 0.0831 0.0754 0.0816 0.0891 0.0784 0.0724 0.0750 0.0690 0.0740 0.0827 0.0724 0.0668 0.0714 0.0739 0.0650 0.0640 0.0665 0.0645 0.0628 0.0628 0.0629 0.0626 0.0625 0.0624 0.0626 0.0624 0.0624 0.0627 0.0627 0.0634 0.0649 0.0668 0.0706 0.0689 0.0745 0.0789 0.0773 0.0713 0.0702 0.0657 0.0658 0.0648 0.0641 0.0651 0.0658 0.0640 0.0643 0.0666 0.0649 0.0643 0.0663 0.0653 0.0670 0.0646 0.0654 0.0634 0.0629 0.0635 0.0640 0.0667 0.0679 0.0711 0.0772 0.0789 0.0800 0.0720 0.0697 0.0671 0.0665 0.0679 0.0711 0.0739 0.0734 0.0723 0.0688 0.0674 0.0649 0.0644
0.0654 0.0680 0.0702 0.0733 0.0774 0.0770 0.0821 0.0795 0.0815 0.0777 0.0731 0.0680 0.0643 0.0628 0.0627 0.0625 0.0624 0.0624 0.0623 0.0624 0.0625 0.0626 0.0627 0.0641 0.0667 0.0860 0.0974 0.1470 0.4200 1.0000 0.4103 0.1412 0.1077 0.0923 0.0808 0.0870 0.0903 0.0782 0.0728 0.0740 0.0684 0.0721 0.0784 0.0694 0.0655 0.0686 0.0690 0.0640 0.0635 0.0647 0.0635 0.0627 0.0627 0.0627 0.0625 0.0624 0.0624 0.0625 0.0624 0.0624 0.0625 0.0626 0.0630 0.0637 0.0655 0.0684 0.0688 0.0742 0.0752 0.0722 0.0669 0.0658 0.0636 0.0637 0.0636 0.0632 0.0637 0.0641 0.0633 0.0636 0.0647 0.0641 0.0638 0.0650 0.0651 0.0667 0.0651 0.0663 0.0641 0.0633 0.0639 0.0642 0.0663 0.0677 0.0689 0.0727 0.0723 0.0719 0.0670 0.0657 0.0645 0.0642 0.0653 0.0679 0.0693 0.0720 0.0712 0.0697 0.0678 0.0653 0.0647
0.0663 0.0697 0.0715 0.0740 0.0776 0.0758 0.0799 0.0767 0.0782 0.0736 0.0706 0.0679 0.0648 0.0630 0.0627 0.0624 0.0625 0.0623 0.0623 0.0624 0.0625 0.0625 0.0627 0.0641 0.0665 0.0811 0.0877 0.1244 0.1418 0.4103 1.0000 0.4052 0.1401 0.1124 0.0936 0.0992 0.0994 0.0821 0.0742 0.0744 0.0680 0.0723 0.0792 0.0683 0.0650 0.0685 0.0683 0.0635 0.0632 0.0644 0.0631 0.0626 0.0627 0.0627 0.0624 0.0624 0.0624 0.0624 0.0623 0.0624 0.0626 0.0626 0.0630 0.0636 0.0651 0.0676 0.0685 0.0736 0.0729 0.0701 0.0659 0.0649 0.0633 0.0634 0.0633 0.0631 0.0634 0.0638 0.0632 0.0635 0.0644 0.0640 0.0638 0.0649 0.0653 0.0672 0.0655 0.0673 0.0646 0.0636 0.0644 0.0647 0.0668 0.0682 0.0685 0.0705 0.0688 0.0685 0.0658 0.0648 0.0645 0.0642 0.0651 0.0671 0.0679 0.0697 0.0686 0.0679 0.0670 0.0649 0.0644
0.0676 0.0716 0.0727 0.0737 0.0759 0.0737 0.0772 0.0737 0.0746 0.0707 0.0684 0.0675 0.0645 0.0632 0.0628 0.0624 0.0626 0.0624 0.0623 0.0624 0.0626 0.0626 0.0628 0.0646 0.0662 0.0781 0.0816 0.1099 0.1173 0.1412 0.4052 1.0000 0.4071 0.1417 0.1144 0.1234 0.1206 0.0939 0.0827 0.0815 0.0711 0.0784 0.0882 0.0711 0.0671 0.0722 0.0707 0.0642 0.0639 0.0654 0.0635 0.0627 0.0627 0.0627 0.0625 0.0624 0.0624 0.0625 0.0623 0.0623 0.0626 0.0625 0.0629 0.0635 0.0652 0.0684 0.0700 0.0748 0.0743 0.0696 0.0660 0.0642 0.0632 0.0632 0.0631 0.0628 0.0631 0.0635 0.0630 0.0632 0.0641 0.0636 0.0635 0.0650 0.0652 0.0680 0.0661 0.0688 0.0652 0.0640 0.0650 0.0654 0.0678 0.0683 0.0680 0.0684 0.0669 0.0667 0.0653 0.0648 0.0648 0.0648 0.0657 0.0686 0.0678 0.0705 0.0676 0.0670 0.0667 0.0645 0.0640
0.0676 0.0698 0.0692 0.0690 0.0694 0.0688 0.0702 0.0684 0.0685 0.0664 0.0650 0.0645 0.0634 0.0627 0.0625 0.0623 0.0624 0.0624 0.0623 0.0623 0.0624 0.0625 0.0626 0.0630 0.0638 0.0684 0.0710 0.0861 0.0920 0.1077 0.1401 0.4071 1.0000 0.4212 0.1543 0.1460 0.1185 0.0947 0.0827 0.0778 0.0681 0.0720 0.0766 0.0659 0.0642 0.0666 0.0652 0.0628 0.0628 0.0633 0.0627 0.0625 0.0626 0.0626 0.0624 0.0623 0.0623 0.0624 0.0623 0.0623 0.0624 0.0624 0.0627 0.0629 0.0641 0.0659 0.0679 0.0706 0.0686 0.0657 0.0635 0.0631 0.0627 0.0627 0.0627 0.0626 0.0627 0.0628 0.0627 0.0628 0.0631 0.0631 0.0632 0.0639 0.0644 0.0661 0.0655 0.0680 0.0652 0.0640 0.0649 0.0652 0.0662 0.0670 0.0655 0.0658 0.0646 0.0642 0.0636 0.0632 0.0636 0.0632 0.0639 0.0650 0.0650 0.0674 0.0655 0.0655 0.0659 0.0644 0.0641
0.0677 0.0681 0.0675 0.0668 0.0671 0.0668 0.0683 0.0668 0.0667 0.0655 0.0644 0.0642 0.0633 0.0629 0.0627 0.0625 0.0625 0.0625 0.0624 0.0625 0.0625 0.0625 0.0626 0.0631 0.0635 0.0674 0.0691 0.0803 0.0831 0.0923 0.1124 0.1417 0.4212 1.0000 0.4152 0.1475 0.1392 0.1097 0.0890 0.0830 0.0709 0.0747 0.0816 0.0677 0.0652 0.0679 0.0664 0.0632 0.0630 0.0634 0.0627 0.0626 0.0626 0.0626 0.0625 0.0623 0.0624 0.0624 0.0624 0.0623 0.0624 0.0625 0.0627 0.0630 0.0641 0.0662 0.0684 0.0708 0.0687 0.0655 0.0638 0.0631 0.0627 0.0627 0.0627 0.0627 0.0627 0.0630 0.0627 0.0629 0.0632 0.0632 0.0634 0.0644 0.0654 0.0679 0.0674 0.0706 0.0668 0.0650 0.0665 0.0668 0.0680 0.0677 0.0659 0.0653 0.0642 0.0641 0.0637 0.0633 0.0639 0.0633 0.0641 0.0657 0.0650 0.0681 0.0655 0.0654 0.0659 0.0644 0.0641
0.0666 0.0665 0.0656 0.0650 0.0651 0.0650 0.0661 0.0650 0.0649 0.0642 0.0635 0.0632 0.0628 0.0627 0.0625 0.0625 0.0624 0.0625 0.0624 0.0624 0.0624 0.0624 0.0626 0.0627 0.0630 0.0645 0.0658 0.0732 0.0754 0.0808 0.0936 0.1144 0.1543 0.4152 1.0000 0.4067 0.1346 0.1229 0.1039 0.0882 0.0731 0.0758 0.0807 0.0671 0.0641 0.0658 0.0645 0.0629 0.0628 0.0629 0.0626 0.0624 0.0624 0.0625 0.0624 0.0624 0.0623 0.0624 0.0624 0.0623 0.0624 0.0623 0.0626 0.0628 0.0636 0.0654 0.0680 0.0696 0.0671 0.0641 0.0630 0.0627 0.0624 0.0626 0.0626 0.0625 0.0626 0.0626 0.0626 0.0626 0.0627 0.0627 0.0628 0.0632 0.0637 0.0648 0.0650 0.0670 0.0653 0.0641 0.0650 0.0649 0.0649 0.0650 0.0638 0.0636 0.0631 0.0630 0.0630 0.0627 0.0632 0.0629 0.0632 0.0639 0.0633 0.0655 0.0640 0.0642 0.0650 0.0640 0.0637
0.0659 0.0660 0.0653 0.0650 0.0655 0.0657 0.0676 0.0660 0.0658 0.0649 0.0639 0.0636 0.0629 0.0627 0.0625 0.0625 0.0624 0.0624 0.0624 0.0624 0.0625 0.0624 0.0624 0.0628 0.0633 0.0669 0.0685 0.0796 0.0816 0.0870 0.0992 0.1234 0.1460 0.1475 0.4067 1.0000 0.4024 0.1418 0.1268 0.1092 0.0835 0.0897 0.0966 0.0742 0.0679 0.0708 0.0677 0.0633 0.0630 0.0632 0.0626 0.0624 0.0626 0.0625 0.0624 0.0624 0.0623 0.0624 0.0623 0.0623 0.0623 0.0623 0.0625 0.0627 0.0638 0.0668 0.0702 0.0722 0.0696 0.0648 0.0635 0.0627 0.0626 0.0626 0.0627 0.0624 0.0625 0.0627 0.0627 0.0627 0.0628 0.0628 0.0630 0.0635 0.0639 0.0649 0.0645 0.0666 0.0646 0.0639 0.0649 0.0649 0.0655 0.0654 0.0643 0.0640 0.0633 0.0632 0.0632 0.0628 0.0635 0.0631 0.0635 0.0652 0.0642 0.0676 0.0649 0.0652 0.0662 0.0645 0.0641
0.0654 0.0672 0.0655 0.0655 0.0674 0.0670 0.0702 0.0671 0.0675 0.0662 0.0652 0.0652 0.0637 0.0630 0.0627 0.0625 0.0626 0.0625 0.0624 0.0624 0.0626 0.0626 0.0628 0.0645 0.0655 0.0755 0.0747 0.0909 0.0891 0.0903 0.0994 0.1206 0.1185 0.1392 0.1346 0.4024 1.0000 0.4056 0.1368 0.1311 0.0980 0.1097 0.1323 0.0910 0.0794 0.0853 0.0803 0.0676 0.0653 0.0666 0.0637 0.0627 0.0627 0.0627 0.0626 0.0624 0.0624 0.0625 0.0624 0.0623 0.0625 0.0624 0.0627 0.0637 0.0658 0.0730 0.0766 0.0791 0.0775 0.0678 0.0662 0.0633 0.0629 0.0627 0.0627 0.0627 0.0627 0.0630 0.0628 0.0630 0.0633 0.0633 0.0633 0.0646 0.0648 0.0677 0.0659 0.0688 0.0657 0.0648 0.0664 0.0666 0.0695 0.0677 0.0668 0.0657 0.0644 0.0645 0.0644 0.0641 0.0645 0.0646 0.0654 0.0705 0.0672 0.0734 0.0674 0.0673 0.0687 0.0655 0.0648
0.0641 0.0649 0.0641 0.0642 0.0651 0.0647 0.0663 0.0650 0.0652 0.0649 0.0640 0.0637 0.0630 0.0627 0.0626 0.0624 0.0624 0.0625 0.0623 0.0624 0.0625 0.0625 0.0626 0.0633 0.0638 0.0697 0.0693 0.0814 0.0784 0.0782 0.0821 0.0939 0.0947 0.1097 0.1229 0.1418 0.4056 1.0000 0.4123 0.1432 0.1110 0.1167 0.1294 0.0953 0.0829 0.0842 0.0780 0.0675 0.0649 0.0653 0.0635 0.0626 0.0627 0.0626 0.0624 0.0623 0.0624 0.0624 0.0624 0.0623 0.0624 0.0624 0.0626 0.0635 0.0661 0.0737 0.0784 0.0786 0.0750 0.0663 0.0648 0.0628 0.0626 0.0625 0.0626 0.0625 0.0625 0.0627 0.0627 0.0626 0.0627 0.0628 0.0630 0.0635 0.0639 0.0654 0.0652 0.0676 0.0658 0.0649 0.0658 0.0660 0.0666 0.0657 0.0645 0.0637 0.0632 0.0632 0.0631 0.0630 0.0633 0.0633 0.0637 0.0670 0.0645 0.0692 0.0652 0.0654 0.0670 0.0649 0.0642
0.0640 0.0644 0.0638 0.0637 0.0639 0.0636 0.0643 0.0636 0.0639 0.0638 0.0633 0.0630 0.0627 0.0627 0.0626 0.0624 0.0625 0.0625 0.0624 0.0625 0.0626 0.0625 0.0626 0.0627 0.0629 0.0655 0.0657 0.0735 0.0724 0.0728 0.0742 0.0827 0.0827 0.0890 0.1039 0.1268 0.1368 0.4123 1.0000 0.4141 0.1491 0.1394 0.1309 0.1075 0.0906 0.0853 0.0771 0.0685 0.0645 0.0634 0.0627 0.0625 0.0625 0.0625 0.0624 0.0624 0.0624 0.0624 0.0623 0.0623 0.0624 0.0624 0.0625 0.0627 0.0640 0.0695 0.0732 0.0720 0.0689 0.0637 0.0630 0.0625 0.0624 0.0625 0.0625 0.0624 0.0624 0.0625 0.0626 0.0626 0.0626 0.0627 0.0627 0.0630 0.0633 0.0641 0.0641 0.0658 0.0647 0.0642 0.0648 0.0651 0.0653 0.0645 0.0639 0.0632 0.0629 0.0628 0.0628 0.0628 0.0631 0.0630 0.0631 0.0658 0.0637 0.0687 0.0645 0.0648 0.0664 0.0648 0.0641
0.0639 0.0645 0.0638 0.0637 0.0643 0.0637 0.0647 0.0639 0.0645 0.0644 0.0640 0.0635 0.0630 0.0627 0.0626 0.0625 0.0626 0.0625 0.0624 0.0625 0.0626 0.0627 0.0626 0.0633 0.0636 0.0683 0.0677 0.0770 0.0750 0.0740 0.0744 0.0815 0.0778 0.0830 0.0882 0.1092 0.1311 0.1432 0.4141 1.0000 0.4090 0.1569 0.1703 0.1383 0.1049 0.0953 0.0901 0.0768 0.0675 0.0652 0.0631 0.0627 0.0625 0.0626 0.0625 0.0624 0.0624 0.0625 0.0625 0.0624 0.0625 0.0624 0.0626 0.0633 0.0652 0.0736 0.0769 0.0748 0.0725 0.0650 0.0640 0.0627 0.0626 0.0626 0.0625 0.0625 0.0626 0.0626 0.0625 0.0626 0.0627 0.0627 0.0627 0.0633 0.0634 0.0645 0.0642 0.0658 0.0644 0.0639 0.0647 0.0649 0.0658 0.0646 0.0642 0.0635 0.0631 0.0632 0.0630 0.0632 0.0632 0.0637 0.0640 0.0705 0.0667 0.0755 0.0671 0.0668 0.0686 0.0659 0.0650
0.0633 0.0636 0.0633 0.0634 0.0636 0.0633 0.0638 0.0635 0.0638 0.0639 0.0635 0.0631 0.0629 0.0626 0.0626 0.0624 0.0626 0.0625 0.0624 0.0626 0.0626 0.0626 0.0626 0.0631 0.0630 0.0659 0.0651 0.0706 0.0690 0.0684 0.0680 0.0711 0.0681 0.0709 0.0731 0.0835 0.0980 0.1110 0.1491 0.4090 1.0000 0.4087 0.1378 0.1579 0.1461 0.1024 0.0907 0.0884 0.0756 0.0661 0.0634 0.0626 0.0626 0.0624 0.0624 0.0624 0.0623 0.0624 0.0623 0.0624 0.0624 0.0624 0.0625 0.0631 0.0646 0.0721 0.0745 0.0711 0.0690 0.0636 0.0632 0.0626 0.0626 0.0625 0.0625 0.0624 0.0625 0.0624 0.0624 0.0626 0.0627 0.0626 0.0626 0.0632 0.0633 0.0646 0.0641 0.0654 0.0642 0.0636 0.0645 0.0644 0.0651 0.0642 0.0640 0.0632 0.0630 0.0629 0.0630 0.0631 0.0631 0.0633 0.0632 0.0679 0.0642 0.0715 0.0649 0.0651 0.0668 0.0648 0.0644
0.0633 0.0641 0.0635 0.0635 0.0641 0.0635 0.0644 0.0637 0.0642 0.0640 0.0638 0.0633 0.0636 0.0627 0.0628 0.0625 0.0626 0.0626 0.0624 0.0625 0.0626 0.0627 0.0626 0.0641 0.0638 0.0710 0.0681 0.0773 0.0740 0.0721 0.0723 0.0784 0.0720 0.0747 0.0758 0.0897 0.1097 0.1167 0.1394 0.1569 0.4087 1.0000 0.4054 0.1454 0.1694 0.1491 0.1037 0.0927 0.0900 0.0774 0.0663 0.0637 0.0627 0.0625 0.0623 0.0623 0.0624 0.0624 0.0623 0.0624 0.0624 0.0624 0.0625 0.0636 0.0655 0.0781 0.0793 0.0754 0.0736 0.0641 0.0644 0.0626 0.0626 0.0625 0.0624 0.0625 0.0624 0.0625 0.0624 0.0624 0.0627 0.0626 0.0627 0.0635 0.0637 0.0666 0.0658 0.0687 0.0664 0.0654 0.0671 0.0661 0.0678 0.0650 0.0647 0.0634 0.0630 0.0633 0.0631 0.0636 0.0631 0.0649 0.0636 0.0724 0.0649 0.0721 0.0650 0.0649 0.0663 0.0642 0.0639
0.0635 0.0646 0.0635 0.0637 0.0651 0.0641 0.0663 0.0647 0.0658 0.0655 0.0661 0.0659 0.0668 0.0637 0.0652 0.0627 0.0634 0.0627 0.0626 0.0627 0.0633 0.0641 0.0640 0.0722 0.0702 0.0911 0.0784 0.0931 0.0827 0.0784 0.0792 0.0882 0.0766 0.0816 0.0807 0.0966 0.1323 0.1294 0.1309 0.1703 0.1378 0.4054 1.0000 0.4044 0.1401 0.1687 0.1552 0.1023 0.0916 0.0930 0.0785 0.0663 0.0639 0.0633 0.0626 0.0623 0.0624 0.0626 0.0624 0.0624 0.0625 0.0625 0.0631 0.0683 0.0712 0.0980 0.0908 0.0869 0.0924 0.0701 0.0735 0.0637 0.0636 0.0626 0.0626 0.0625 0.0626 0.0627 0.0625 0.0626 0.0631 0.0627 0.0630 0.0649 0.0646 0.0697 0.0664 0.0698 0.0660 0.0649 0.0672 0.0661 0.0712 0.0657 0.0674 0.0646 0.0638 0.0648 0.0644 0.0671 0.0654 0.0750 0.0702 0.0952 0.0749 0.0864 0.0703 0.0681 0.0694 0.0654 0.0647
0.0632 0.0639 0.0632 0.0634 0.0639 0.0635 0.0649 0.0643 0.0652 0.0654 0.0661 0.0651 0.0668 0.0634 0.0648 0.0627 0.0633 0.0627 0.0626 0.0629 0.0631 0.0638 0.0641 0.0714 0.0687 0.0831 0.0725 0.0790 0.0724 0.0694 0.0683 0.0711 0.0659 0.0677 0.0671 0.0742 0.0910 0.0953 0.1075 0.1383 0.1579 0.1454 0.4044 1.0000 0.4076 0.1410 0.1727 0.1495 0.1015 0.0925 0.0901 0.0759 0.0658 0.0636 0.0627 0.0624 0.0624 0.0626 0.0624 0.0624 0.0626 0.0627 0.0643 0.0726 0.0770 0.1098 0.0987 0.0897 0.0940 0.0712 0.0745 0.0640 0.0639 0.0627 0.0626 0.0624 0.0625 0.0626 0.0624 0.0624 0.0627 0.0625 0.0627 0.0633 0.0633 0.0663 0.0651 0.0679 0.0654 0.0645 0.0658 0.0646 0.0664 0.0637 0.0643 0.0632 0.0630 0.0635 0.0632 0.0648 0.0640 0.0723 0.0684 0.0916 0.0733 0.0857 0.0696 0.0675 0.0685 0.0653 0.0646
0.0631 0.0636 0.0630 0.0631 0.0633 0.0630 0.0633 0.0631 0.0635 0.0636 0.0638 0.0633 0.0649 0.0628 0.0640 0.0626 0.0631 0.0626 0.0626 0.0627 0.0627 0.0631 0.0629 0.0667 0.0645 0.0730 0.0664 0.0707 0.0668 0.0655 0.0650 0.0671 0.0642 0.0652 0.0641 0.0679 0.0794 0.0829 0.0906 0.1049 0.1461 0.1694 0.1401 0.4076 1.0000 0.4068 0.1431 0.1733 0.1484 0.1016 0.0913 0.0896 0.0759 0.0657 0.0634 0.0624 0.0624 0.0626 0.0624 0.0623 0.0626 0.0626 0.0635 0.0691 0.0708 0.0950 0.0840 0.0763 0.0788 0.0646 0.0685 0.0626 0.0628 0.0626 0.0625 0.0624 0.0624 0.0624 0.0624 0.0624 0.0626 0.0624 0.0626 0.0634 0.0633 0.0661 0.0651 0.0684 0.0659 0.0647 0.0663 0.0642 0.0658 0.0632 0.0635 0.0628 0.0627 0.0631 0.0628 0.0637 0.0628 0.0673 0.0636 0.0770 0.0649 0.0726 0.0643 0.0639 0.0646 0.0635 0.0635
0.0634 0.0645 0.0633 0.0636 0.0642 0.0632 0.0644 0.0633 0.0639 0.0642 0.0651 0.0650 0.0679 0.0637 0.0681 0.0632 0.0643 0.0630 0.0626 0.0630 0.0635 0.0650 0.0641 0.0742 0.0681 0.0843 0.0715 0.0779 0.0714 0.0686 0.0685 0.0722 0.0666 0.0679 0.0658 0.0708 0.0853 0.0842 0.0853 0.0953 0.1024 0.1491 0.1687 0.1410 0.4068 1.0000 0.4047 0.1441 0.1752 0.1510 0.1022 0.0925 0.0902 0.0777 0.0668 0.0633 0.0625 0.0627 0.0624 0.0624 0.0627 0.0627 0.0642 0.0747 0.0742 0.1058 0.0882 0.0820 0.0895 0.0683 0.0775 0.0633 0.0639 0.0627 0.0626 0.0625 0.0627 0.0627 0.0625 0.0627 0.0632 0.0627 0.0633 0.0656 0.0653 0.0712 0.0680 0.0724 0.0679 0.0662 0.0691 0.0662 0.0712 0.0650 0.0662 0.0639 0.0634 0.0642 0.0633 0.0666 0.0639 0.0767 0.0671 0.0889 0.0687 0.0746 0.0652 0.0646 0.0648 0.0635 0.0635
0.0634 0.0649 0.0635 0.0637 0.0653 0.0635 0.0660 0.0636 0.0646 0.0655 0.0686 0.0707 0.0779 0.0698 0.0807 0.0661 0.0691 0.0637 0.0630 0.0644 0.0670 0.0746 0.0732 0.1026 0.0837 0.1137 0.0812 0.0852 0.0739 0.0690 0.0683 0.0707 0.0652 0.0664 0.0645 0.0677 0.0803 0.0780 0.0771 0.0901 0.0907 0.1037 0.1552 0.1727 0.1431 0.4047 1.0000 0.4051 0.1414 0.1752 0.1537 0.1020 0.0916 0.0927 0.0796 0.0658 0.0634 0.0630 0.0625 0.0627 0.0646 0.0646 0.0710 0.0970 0.0880 0.1357 0.0934 0.0890 0.1167 0.0836 0.1082 0.0726 0.0732 0.0642 0.0632 0.0626 0.0628 0.0631 0.0626 0.0627 0.0635 0.0627 0.0630 0.0655 0.0643 0.0703 0.0658 0.0687 0.0650 0.0641 0.0659 0.0647 0.0703 0.0644 0.0671 0.0648 0.0640 0.0665 0.0662 0.0785 0.0732 0.1073 0.0840 0.1285 0.0816 0.0840 0.0684 0.0657 0.0655 0.0634 0.0633
0.0633 0.0641 0.0631 0.0632 0.0635 0.0628 0.0635 0.0630 0.0633 0.0639 0.0648 0.0650 0.0692 0.0648 0.0726 0.0642 0.0673 0.0636 0.0630 0.0635 0.0644 0.0688 0.0668 0.0820 0.0702 0.0811 0.0672 0.0687 0.0650 0.0640 0.0635 0.0642 0.0628 0.0632 0.0629 0.0633 0.0676 0.0675 0.0685 0.0768 0.0884 0.0927 0.1023 0.1495 0.1733 0.1441 0.4051 1.0000 0.4075 0.1412 0.1737 0.1533 0.1020 0.0915 0.0911 0.0757 0.0658 0.0640 0.0626 0.0635 0.0660 0.0665 0.0734 0.0964 0.0883 0.1225 0.0878 0.0801 0.0948 0.0738 0.0916 0.0669 0.0694 0.0629 0.0627 0.0624 0.0626 0.0626 0.0624 0.0624 0.0627 0.0625 0.0625 0.0636 0.0631 0.0658 0.0639 0.0657 0.0640 0.0636 0.0649 0.0636 0.0658 0.0629 0.0638 0.0631 0.0630 0.0641 0.0633 0.0683 0.0646 0.0828 0.0685 0.0916 0.0685 0.0733 0.0650 0.0639 0.0641 0.0632 0.0632
0.0634 0.0642 0.0630 0.0630 0.0631 0.0627 0.0630 0.0627 0.0627 0.0629 0.0633 0.0632 0.0661 0.0633 0.0698 0.0634 0.0661 0.0633 0.0627 0.0632 0.0633 0.0662 0.0633 0.0730 0.0646 0.0724 0.0643 0.0659 0.0640 0.0635 0.0632 0.0639 0.0628 0.0630 0.0628 0.0630 0.0653 0.0649 0.0645 0.0675 0.0756 0.0900 0.0916 0.1015 0.1484 0.1752 0.1414 0.4075 1.0000 0.4080 0.1416 0.1761 0.1522 0.1022 0.0904 0.0850 0.0721 0.0650 0.0628 0.0633 0.0649 0.0641 0.0680 0.0833 0.0740 0.0922 0.0735 0.0689 0.0774 0.0655 0.0806 0.0635 0.0664 0.0627 0.0626 0.0625 0.0627 0.0628 0.0626 0.0629 0.0633 0.0628 0.0631 0.0652 0.0644 0.0684 0.0660 0.0680 0.0654 0.0646 0.0663 0.0642 0.0667 0.0633 0.0639 0.0631 0.0627 0.0633 0.0626 0.0661 0.0629 0.0756 0.0640 0.0786 0.0640 0.0670 0.0632 0.0631 0.0633 0.0628 0.0630
0.0638 0.0655 0.0635 0.0635 0.0643 0.0631 0.0643 0.0631 0.0633 0.0635 0.0651 0.0672 0.0750 0.0700 0.0878 0.0684 0.0747 0.0654 0.0637 0.0662 0.0686 0.0800 0.0720 0.0982 0.0753 0.0907 0.0705 0.0711 0.0665 0.0647 0.0644 0.0654 0.0633 0.0634 0.0629 0.0632 0.0666 0.0653 0.0634 0.0652 0.0661 0.0774 0.0930 0.0925 0.1016 0.1510 0.1752 0.1412 0.4080 1.0000 0.4072 0.1414 0.1720 0.1551 0.1047 0.0875 0.0808 0.0703 0.0636 0.0658 0.0701 0.0675 0.0763 0.1042 0.0831 0.1058 0.0758 0.0730 0.0926 0.0767 0.1113 0.0736 0.0808 0.0652 0.0637 0.0629 0.0638 0.0644 0.0633 0.0641 0.0653 0.0639 0.0645 0.0690 0.0669 0.0731 0.0674 0.0692 0.0655 0.0645 0.0671 0.0654 0.0714 0.0649 0.0677 0.0649 0.0638 0.0664 0.0660 0.0820 0.0722 0.1053 0.0770 0.1017 0.0712 0.0705 0.0644 0.0636 0.0635 0.0628 0.0629
0.0635 0.0651 0.0633 0.0633 0.0644 0.0629 0.0645 0.0630 0.0632 0.0635 0.0657 0.0698 0.0802 0.0764 0.1038 0.0748 0.0864 0.0694 0.0655 0.0712 0.0768 0.0964 0.0843 0.1198 0.0815 0.0930 0.0694 0.0677 0.0645 0.0635 0.0631 0.0635 0.0627 0.0627 0.0626 0.0626 0.0637 0.0635 0.0627 0.0631 0.0634 0.0663 0.0785 0.0901 0.0913 0.1022 0.1537 0.1737 0.1416 0.4072 1.0000 0.4037 0.1400 0.1703 0.1575 0.1023 0.0878 0.0802 0.0679 0.0730 0.0852 0.0790 0.0932 0.1382 0.0942 0.1108 0.0747 0.0721 0.0957 0.0830 0.1352 0.0871 0.1016 0.0719 0.0673 0.0634 0.0638 0.0644 0.0628 0.0633 0.0644 0.0630 0.0630 0.0658 0.0636 0.0672 0.0639 0.0650 0.0633 0.0628 0.0636 0.0631 0.0663 0.0631 0.0653 0.0641 0.0637 0.0679 0.0690 0.0927 0.0799 0.1248 0.0832 0.1068 0.0719 0.0693 0.0640 0.0630 0.0630 0.0627 0.0626
