1.0000 0.3890 0.1504 0.1606 0.1430 0.1104 0.0969 0.0898 0.0776 0.0679 0.0636 0.0627 0.0625 0.0625 0.0628 0.0635 0.0648 0.0704 0.0642 0.0632 0.0667 0.0662 0.0630 0.0635 0.0642 0.0631 0.0626 0.0627 0.0625 0.0625 0.0625 0.0626 0.0626 0.0626 0.0624 0.0625 0.0624 0.0626 0.0625 0.0625 0.0624 0.0624 0.0623 0.0631 0.0632 0.0628 0.0669 0.0778 0.0696 0.0707 0.0989 0.1050 0.0809 0.0928 0.1458 0.1049 0.0818 0.0828 0.0711 0.0735 0.0757 0.0666 0.0652 0.0633 0.0628 0.0627 0.0626 0.0626 0.0628 0.0636 0.0661 0.0666 0.0750 0.0675 0.0719 0.0653 0.0655 0.0641 0.0633 0.0636 0.0643 0.0646 0.0696 0.0659 0.0760 0.0683 0.0682 0.0682 0.0768 0.0680 0.0701 0.0641 0.0641 0.0650 0.0644 0.0637
0.3890 1.0000 0.4094 0.1460 0.1781 0.1564 0.1051 0.0926 0.0897 0.0758 0.0649 0.0632 0.0625 0.0626 0.0627 0.0637 0.0646 0.0689 0.0633 0.0627 0.0653 0.0642 0.0626 0.0630 0.0634 0.0626 0.0626 0.0625 0.0624 0.0624 0.0624 0.0625 0.0626 0.0624 0.0624 0.0624 0.0624 0.0624 0.0624 0.0623 0.0623 0.0624 0.0624 0.0632 0.0631 0.0624 0.0644 0.0760 0.0656 0.0639 0.0865 0.0905 0.0673 0.0724 0.1053 0.0792 0.0659 0.0672 0.0635 0.0652 0.0670 0.0635 0.0636 0.0627 0.0626 0.0624 0.0625 0.0624 0.0625 0.0627 0.0641 0.0633 0.0681 0.0632 0.0654 0.0628 0.0632 0.0628 0.0626 0.0627 0.0630 0.0628 0.0645 0.0631 0.0703 0.0653 0.0669 0.0668 0.0757 0.0667 0.0672 0.0632 0.0633 0.0635 0.0633 0.0632
0.1504 0.4094 1.0000 0.4003 0.1423 0.1799 0.1531 0.1018 0.0911 0.0887 0.0717 0.0647 0.0632 0.0631 0.0635 0.0665 0.0688 0.0765 0.0653 0.0636 0.0695 0.0669 0.0630 0.0637 0.0646 0.0630 0.0626 0.0626 0.0624 0.0625 0.0626 0.0627 0.0626 0.0624 0.0624 0.0624 0.0624 0.0626 0.0626 0.0626 0.0626 0.0626 0.0624 0.0627 0.0623 0.0625 0.0645 0.0709 0.0627 0.0633 0.0847 0.0755 0.0632 0.0697 0.0920 0.0678 0.0631 0.0649 0.0627 0.0641 0.0674 0.0639 0.0649 0.0632 0.0628 0.0627 0.0627 0.0627 0.0628 0.0633 0.0653 0.0644 0.0724 0.0640 0.0680 0.0630 0.0636 0.0628 0.0626 0.0629 0.0633 0.0632 0.0677 0.0649 0.0794 0.0730 0.0751 0.0769 0.0965 0.0763 0.0759 0.0654 0.0646 0.0650 0.0640 0.0635
0.1606 0.1460 0.4003 1.0000 0.4049 0.1405 0.1797 0.1569 0.1002 0.0895 0.0808 0.0706 0.0640 0.0639 0.0677 0.0754 0.0820 0.1093 0.0813 0.0715 0.0889 0.0846 0.0670 0.0676 0.0714 0.0657 0.0630 0.0631 0.0625 0.0625 0.0624 0.0627 0.0629 0.0626 0.0625 0.0627 0.0624 0.0626 0.0625 0.0626 0.0623 0.0626 0.0631 0.0677 0.0641 0.0649 0.0826 0.0917 0.0721 0.0818 0.1372 0.0995 0.0789 0.1044 0.1450 0.0850 0.0745 0.0748 0.0659 0.0716 0.0790 0.0680 0.0670 0.0641 0.0627 0.0627 0.0625 0.0626 0.0627 0.0639 0.0678 0.0716 0.0918 0.0737 0.0866 0.0677 0.0684 0.0631 0.0627 0.0640 0.0667 0.0707 0.0909 0.0787 0.1147 0.0830 0.0816 0.0785 0.1124 0.0850 0.0992 0.0730 0.0714 0.0732 0.0679 0.0645
0.1430 0.1781 0.1423 0.4049 1.0000 0.4016 0.1419 0.1761 0.1476 0.0989 0.0828 0.0787 0.0681 0.0648 0.0674 0.0745 0.0795 0.0993 0.0738 0.0658 0.0760 0.0724 0.0633 0.0638 0.0650 0.0631 0.0626 0.0626 0.0624 0.0624 0.0625 0.0626 0.0627 0.0626 0.0626 0.0627 0.0626 0.0627 0.0626 0.0631 0.0632 0.0628 0.0644 0.0787 0.0749 0.0696 0.0902 0.1269 0.0891 0.0871 0.1520 0.1412 0.0885 0.0997 0.1503 0.0922 0.0737 0.0705 0.0639 0.0675 0.0701 0.0638 0.0635 0.0627 0.0624 0.0626 0.0626 0.0625 0.0624 0.0627 0.0637 0.0641 0.0734 0.0644 0.0720 0.0632 0.0641 0.0625 0.0626 0.0627 0.0635 0.0643 0.0743 0.0657 0.0820 0.0675 0.0689 0.0669 0.0813 0.0701 0.0768 0.0642 0.0645 0.0658 0.0641 0.0632
0.1104 0.1564 0.1799 0.1405 0.4016 1.0000 0.4049 0.1400 0.1679 0.1420 0.0921 0.0819 0.0741 0.0686 0.0678 0.0743 0.0787 0.0867 0.0674 0.0644 0.0705 0.0658 0.0626 0.0633 0.0634 0.0625 0.0624 0.0624 0.0624 0.0624 0.0625 0.0626 0.0626 0.0626 0.0625 0.0625 0.0626 0.0626 0.0625 0.0627 0.0630 0.0625 0.0626 0.0701 0.0648 0.0622 0.0710 0.0887 0.0657 0.0644 0.0932 0.0831 0.0635 0.0678 0.0875 0.0659 0.0625 0.0627 0.0623 0.0628 0.0639 0.0627 0.0632 0.0627 0.0627 0.0626 0.0626 0.0627 0.0626 0.0627 0.0633 0.0626 0.0668 0.0623 0.0646 0.0623 0.0630 0.0627 0.0627 0.0627 0.0627 0.0626 0.0654 0.0628 0.0741 0.0671 0.0700 0.0705 0.0847 0.0728 0.0732 0.0636 0.0635 0.0641 0.0631 0.0628
0.0969 0.1051 0.1531 0.1797 0.1419 0.4049 1.0000 0.4074 0.1402 0.1625 0.1241 0.0944 0.0798 0.0789 0.0849 0.1006 0.1136 0.1297 0.0894 0.0799 0.0942 0.0811 0.0672 0.0677 0.0685 0.0642 0.0627 0.0628 0.0625 0.0625 0.0626 0.0627 0.0629 0.0626 0.0624 0.0628 0.0626 0.0627 0.0626 0.0632 0.0627 0.0625 0.0642 0.0746 0.0640 0.0636 0.0822 0.0882 0.0653 0.0708 0.1058 0.0773 0.0635 0.0740 0.0853 0.0637 0.0627 0.0630 0.0626 0.0633 0.0656 0.0635 0.0642 0.0634 0.0629 0.0629 0.0627 0.0627 0.0628 0.0637 0.0652 0.0666 0.0768 0.0654 0.0732 0.0637 0.0649 0.0631 0.0627 0.0631 0.0640 0.0652 0.0777 0.0711 0.0992 0.0824 0.0847 0.0840 0.1265 0.0975 0.1031 0.0736 0.0703 0.0708 0.0657 0.0636
0.0898 0.0926 0.1018 0.1569 0.1761 0.1400 0.4074 1.0000 0.4044 0.1383 0.1374 0.1214 0.0879 0.0857 0.0998 0.1200 0.1417 0.1871 0.1129 0.0924 0.1064 0.0935 0.0720 0.0692 0.0698 0.0650 0.0626 0.0627 0.0624 0.0624 0.0624 0.0626 0.0631 0.0626 0.0623 0.0639 0.0623 0.0629 0.0630 0.0690 0.0679 0.0658 0.0793 0.1085 0.0843 0.0817 0.1324 0.1494 0.0897 0.0980 0.1671 0.1037 0.0776 0.0925 0.1015 0.0701 0.0645 0.0640 0.0626 0.0639 0.0666 0.0634 0.0635 0.0627 0.0626 0.0626 0.0626 0.0625 0.0624 0.0628 0.0638 0.0655 0.0762 0.0660 0.0771 0.0640 0.0659 0.0626 0.0624 0.0631 0.0651 0.0681 0.0867 0.0731 0.0989 0.0746 0.0740 0.0714 0.0947 0.0834 0.1009 0.0719 0.0707 0.0727 0.0659 0.0636
0.0776 0.0897 0.0911 0.1002 0.1476 0.1679 0.1402 0.4044 1.0000 0.4011 0.1323 0.1343 0.1055 0.0901 0.0900 0.0965 0.1049 0.1050 0.0790 0.0712 0.0741 0.0677 0.0632 0.0631 0.0631 0.0627 0.0626 0.0625 0.0625 0.0625 0.0625 0.0626 0.0626 0.0625 0.0624 0.0626 0.0626 0.0626 0.0630 0.0696 0.0713 0.0645 0.0705 0.1032 0.0820 0.0692 0.0921 0.1235 0.0764 0.0719 0.1027 0.0871 0.0651 0.0676 0.0780 0.0644 0.0625 0.0624 0.0624 0.0626 0.0631 0.0627 0.0628 0.0626 0.0625 0.0626 0.0626 0.0627 0.0626 0.0626 0.0627 0.0626 0.0644 0.0623 0.0639 0.0624 0.0630 0.0626 0.0625 0.0627 0.0627 0.0627 0.0655 0.0629 0.0711 0.0645 0.0664 0.0659 0.0765 0.0713 0.0738 0.0635 0.0635 0.0641 0.0630 0.0628
0.0679 0.0758 0.0887 0.0895 0.0989 0.1420 0.1625 0.1383 0.4011 1.0000 0.4015 0.1400 0.1275 0.1131 0.1047 0.1081 0.1160 0.1023 0.0813 0.0760 0.0735 0.0666 0.0637 0.0635 0.0629 0.0626 0.0625 0.0625 0.0624 0.0625 0.0625 0.0626 0.0626 0.0624 0.0623 0.0625 0.0624 0.0626 0.0626 0.0671 0.0655 0.0624 0.0651 0.0838 0.0659 0.0627 0.0762 0.0836 0.0633 0.0632 0.0782 0.0658 0.0624 0.0627 0.0650 0.0623 0.0624 0.0624 0.0625 0.0625 0.0627 0.0626 0.0627 0.0626 0.0626 0.0627 0.0627 0.0627 0.0627 0.0627 0.0627 0.0626 0.0639 0.0624 0.0633 0.0626 0.0629 0.0627 0.0626 0.0627 0.0627 0.0627 0.0640 0.0630 0.0702 0.0666 0.0691 0.0703 0.0815 0.0793 0.0758 0.0648 0.0640 0.0643 0.0630 0.0628
0.0636 0.0649 0.0717 0.0808 0.0828 0.0921 0.1241 0.1374 0.1323 0.4015 1.0000 0.4002 0.1451 0.1443 0.1411 0.1450 0.1411 0.1181 0.1018 0.0934 0.0829 0.0736 0.0693 0.0664 0.0642 0.0634 0.0626 0.0627 0.0624 0.0625 0.0626 0.0627 0.0628 0.0626 0.0624 0.0631 0.0624 0.0630 0.0636 0.0732 0.0688 0.0639 0.0725 0.0952 0.0690 0.0657 0.0861 0.0838 0.0639 0.0655 0.0793 0.0645 0.0625 0.0632 0.0642 0.0624 0.0625 0.0626 0.0624 0.0626 0.0627 0.0627 0.0627 0.0626 0.0626 0.0627 0.0627 0.0627 0.0627 0.0630 0.0632 0.0635 0.0655 0.0630 0.0645 0.0628 0.0635 0.0628 0.0626 0.0628 0.0632 0.0633 0.0667 0.0646 0.0742 0.0685 0.0708 0.0703 0.0821 0.0811 0.0822 0.0677 0.0662 0.0664 0.0637 0.0632
0.0627 0.0632 0.0647 0.0706 0.0787 0.0819 0.0944 0.1214 0.1343 0.1400 0.4002 1.0000 0.4093 0.1407 0.1460 0.1245 0.1446 0.1086 0.0989 0.0934 0.0776 0.0703 0.0692 0.0652 0.0632 0.0631 0.0627 0.0626 0.0625 0.0626 0.0626 0.0627 0.0627 0.0626 0.0624 0.0641 0.0627 0.0645 0.0676 0.0887 0.0833 0.0698 0.0837 0.1225 0.0815 0.0713 0.0935 0.0948 0.0677 0.0671 0.0791 0.0666 0.0627 0.0631 0.0639 0.0624 0.0624 0.0625 0.0625 0.0626 0.0627 0.0626 0.0625 0.0626 0.0625 0.0627 0.0626 0.0627 0.0626 0.0628 0.0629 0.0628 0.0635 0.0625 0.0632 0.0626 0.0629 0.0627 0.0627 0.0628 0.0630 0.0630 0.0646 0.0632 0.0672 0.0645 0.0656 0.0652 0.0714 0.0711 0.0729 0.0642 0.0642 0.0646 0.0631 0.0629
0.0625 0.0625 0.0632 0.0640 0.0681 0.0741 0.0798 0.0879 0.1055 0.1275 0.1451 0.4093 1.0000 0.4259 0.1485 0.1107 0.1042 0.0851 0.0846 0.0811 0.0683 0.0646 0.0650 0.0632 0.0626 0.0625 0.0625 0.0625 0.0624 0.0626 0.0626 0.0627 0.0626 0.0625 0.0623 0.0631 0.0626 0.0637 0.0668 0.0874 0.0805 0.0661 0.0744 0.0990 0.0708 0.0642 0.0750 0.0755 0.0632 0.0626 0.0658 0.0628 0.0624 0.0623 0.0624 0.0623 0.0624 0.0624 0.0624 0.0626 0.0626 0.0626 0.0625 0.0626 0.0625 0.0626 0.0626 0.0627 0.0626 0.0627 0.0627 0.0627 0.0628 0.0625 0.0626 0.0625 0.0627 0.0627 0.0626 0.0626 0.0627 0.0626 0.0627 0.0626 0.0637 0.0635 0.0644 0.0650 0.0686 0.0691 0.0676 0.0632 0.0632 0.0635 0.0628 0.0628
0.0625 0.0626 0.0631 0.0639 0.0648 0.0686 0.0789 0.0857 0.0901 0.1131 0.1443 0.1407 0.4259 1.0000 0.4160 0.1370 0.1113 0.0955 0.1006 0.0930 0.0734 0.0684 0.0688 0.0641 0.0627 0.0627 0.0624 0.0625 0.0624 0.0626 0.0625 0.0627 0.0627 0.0626 0.0624 0.0635 0.0628 0.0650 0.0685 0.0940 0.0798 0.0668 0.0801 0.1028 0.0698 0.0654 0.0798 0.0740 0.0630 0.0634 0.0662 0.0626 0.0624 0.0624 0.0626 0.0624 0.0624 0.0625 0.0624 0.0625 0.0626 0.0626 0.0626 0.0626 0.0626 0.0627 0.0627 0.0627 0.0627 0.0627 0.0627 0.0627 0.0628 0.0626 0.0627 0.0626 0.0628 0.0627 0.0626 0.0627 0.0627 0.0627 0.0630 0.0630 0.0652 0.0642 0.0652 0.0662 0.0708 0.0737 0.0712 0.0644 0.0640 0.0644 0.0632 0.0630
0.0628 0.0627 0.0635 0.0677 0.0674 0.0678 0.0849 0.0998 0.0900 0.1047 0.1411 0.1460 0.1485 0.4160 1.0000 0.4046 0.1361 0.1253 0.1601 0.1365 0.0934 0.0884 0.0887 0.0727 0.0661 0.0657 0.0631 0.0630 0.0625 0.0626 0.0626 0.0627 0.0633 0.0627 0.0630 0.0693 0.0651 0.0736 0.0793 0.1279 0.0970 0.0821 0.1181 0.1605 0.0880 0.0826 0.1162 0.0948 0.0691 0.0718 0.0783 0.0646 0.0627 0.0633 0.0632 0.0624 0.0624 0.0625 0.0624 0.0625 0.0626 0.0626 0.0626 0.0627 0.0626 0.0628 0.0627 0.0627 0.0627 0.0630 0.0630 0.0633 0.0641 0.0628 0.0638 0.0626 0.0632 0.0626 0.0626 0.0630 0.0633 0.0636 0.0661 0.0644 0.0705 0.0658 0.0658 0.0670 0.0748 0.0794 0.0809 0.0670 0.0666 0.0681 0.0646 0.0635
0.0635 0.0637 0.0665 0.0754 0.0745 0.0743 0.1006 0.1200 0.0965 0.1081 0.1450 0.1245 0.1107 0.1370 0.4046 1.0000 0.4000 0.1759 0.1985 0.1517 0.1082 0.0970 0.0915 0.0768 0.0674 0.0650 0.0627 0.0628 0.0624 0.0625 0.0625 0.0626 0.0633 0.0627 0.0627 0.0692 0.0641 0.0703 0.0741 0.1142 0.0907 0.0794 0.1169 0.1671 0.0908 0.0880 0.1355 0.1064 0.0731 0.0802 0.0893 0.0667 0.0630 0.0646 0.0638 0.0624 0.0624 0.0624 0.0625 0.0626 0.0627 0.0627 0.0626 0.0626 0.0626 0.0627 0.0627 0.0627 0.0627 0.0628 0.0628 0.0635 0.0648 0.0630 0.0645 0.0627 0.0634 0.0626 0.0626 0.0630 0.0635 0.0648 0.0710 0.0682 0.0785 0.0691 0.0663 0.0679 0.0809 0.0868 0.0989 0.0733 0.0736 0.0756 0.0677 0.0654
0.0648 0.0646 0.0688 0.0820 0.0795 0.0787 0.1136 0.1417 0.1049 0.1160 0.1411 0.1446 0.1042 0.1113 0.1361 0.4000 1.0000 0.4072 0.1416 0.1709 0.1432 0.0998 0.0908 0.0861 0.0737 0.0658 0.0628 0.0627 0.0626 0.0626 0.0625 0.0626 0.0633 0.0626 0.0624 0.0657 0.0626 0.0637 0.0635 0.0806 0.0673 0.0645 0.0881 0.1031 0.0698 0.0745 0.1149 0.0865 0.0665 0.0781 0.0891 0.0658 0.0630 0.0662 0.0645 0.0625 0.0623 0.0624 0.0624 0.0626 0.0630 0.0628 0.0627 0.0628 0.0627 0.0629 0.0627 0.0628 0.0628 0.0634 0.0635 0.0647 0.0670 0.0642 0.0674 0.0632 0.0649 0.0628 0.0630 0.0640 0.0653 0.0693 0.0803 0.0786 0.0961 0.0832 0.0755 0.0791 0.1040 0.1195 0.1324 0.0895 0.0898 0.0921 0.0770 0.0701
0.0704 0.0689 0.0765 0.1093 0.0993 0.0867 0.1297 0.1871 0.1050 0.1023 0.1181 0.1086 0.0851 0.0955 0.1253 0.1759 0.4072 1.0000 0.4154 0.1447 0.1736 0.1460 0.1010 0.0906 0.0879 0.0756 0.0640 0.0636 0.0624 0.0625 0.0624 0.0632 0.0659 0.0629 0.0627 0.0723 0.0629 0.0660 0.0649 0.0828 0.0698 0.0724 0.1105 0.1212 0.0865 0.1081 0.2308 0.1306 0.0965 0.1309 0.1564 0.0906 0.0799 0.0921 0.0799 0.0643 0.0633 0.0630 0.0626 0.0634 0.0650 0.0635 0.0632 0.0634 0.0626 0.0628 0.0626 0.0627 0.0626 0.0633 0.0639 0.0687 0.0762 0.0712 0.0815 0.0664 0.0710 0.0631 0.0633 0.0667 0.0714 0.0843 0.1068 0.0952 0.1120 0.0809 0.0703 0.0701 0.0912 0.0940 0.1386 0.0890 0.0959 0.1029 0.0798 0.0697
0.0642 0.0633 0.0653 0.0813 0.0738 0.0674 0.0894 0.1129 0.0790 0.0813 0.1018 0.0989 0.0846 0.1006 0.1601 0.1985 0.1416 0.4154 1.0000 0.4059 0.1491 0.1788 0.1472 0.1018 0.0923 0.0899 0.0707 0.0674 0.0626 0.0630 0.0626 0.0645 0.0716 0.0658 0.0681 0.0962 0.0743 0.0901 0.0872 0.1325 0.0999 0.1050 0.2295 0.2054 0.1141 0.1425 0.2713 0.1229 0.0939 0.1180 0.1086 0.0738 0.0703 0.0763 0.0660 0.0627 0.0625 0.0626 0.0626 0.0627 0.0632 0.0628 0.0627 0.0628 0.0626 0.0627 0.0626 0.0627 0.0626 0.0628 0.0627 0.0637 0.0660 0.0645 0.0693 0.0633 0.0659 0.0626 0.0628 0.0643 0.0657 0.0723 0.0806 0.0727 0.0782 0.0654 0.0633 0.0634 0.0713 0.0726 0.0913 0.0698 0.0765 0.0821 0.0703 0.0657
0.0632 0.0627 0.0636 0.0715 0.0658 0.0644 0.0799 0.0924 0.0712 0.0760 0.0934 0.0934 0.0811 0.0930 0.1365 0.1517 0.1709 0.1447 0.4059 1.0000 0.4092 0.1438 0.1729 0.1475 0.1025 0.0905 0.0781 0.0737 0.0637 0.0638 0.0631 0.0652 0.0716 0.0656 0.0664 0.0881 0.0703 0.0802 0.0752 0.1061 0.0757 0.0771 0.1287 0.1096 0.0749 0.0899 0.1244 0.0796 0.0671 0.0835 0.0793 0.0628 0.0627 0.0645 0.0624 0.0624 0.0624 0.0624 0.0625 0.0626 0.0627 0.0627 0.0627 0.0626 0.0625 0.0626 0.0627 0.0626 0.0626 0.0627 0.0627 0.0631 0.0639 0.0639 0.0655 0.0630 0.0648 0.0626 0.0628 0.0643 0.0651 0.0712 0.0736 0.0714 0.0728 0.0659 0.0634 0.0638 0.0713 0.0760 0.0958 0.0764 0.0876 0.0924 0.0793 0.0721
0.0667 0.0653 0.0695 0.0889 0.0760 0.0705 0.0942 0.1064 0.0741 0.0735 0.0829 0.0776 0.0683 0.0734 0.0934 0.1082 0.1432 0.1736 0.1491 0.4092 1.0000 0.4067 0.1443 0.1750 0.1515 0.1026 0.0822 0.0816 0.0647 0.0641 0.0630 0.0664 0.0760 0.0660 0.0651 0.0826 0.0648 0.0684 0.0634 0.0743 0.0636 0.0673 0.1024 0.0858 0.0691 0.0946 0.1321 0.0811 0.0742 0.1038 0.0949 0.0676 0.0680 0.0760 0.0654 0.0626 0.0626 0.0626 0.0626 0.0629 0.0638 0.0631 0.0630 0.0632 0.0627 0.0630 0.0627 0.0628 0.0627 0.0632 0.0632 0.0665 0.0698 0.0718 0.0784 0.0683 0.0749 0.0642 0.0653 0.0736 0.0789 0.1003 0.1029 0.0985 0.0898 0.0737 0.0656 0.0658 0.0779 0.0843 0.1270 0.0963 0.1235 0.1319 0.1014 0.0819
0.0662 0.0642 0.0669 0.0846 0.0724 0.0658 0.0811 0.0935 0.0677 0.0666 0.0736 0.0703 0.0646 0.0684 0.0884 0.0970 0.0998 0.1460 0.1788 0.1438 0.4067 1.0000 0.4035 0.1398 0.1683 0.1496 0.0937 0.0897 0.0678 0.0676 0.0652 0.0751 0.0945 0.0783 0.0789 0.1170 0.0780 0.0853 0.0720 0.0864 0.0727 0.0913 0.1616 0.1094 0.0953 0.1698 0.2183 0.1046 0.1042 0.1654 0.1142 0.0800 0.0840 0.0917 0.0702 0.0635 0.0640 0.0632 0.0628 0.0636 0.0653 0.0633 0.0631 0.0630 0.0625 0.0626 0.0626 0.0626 0.0626 0.0627 0.0628 0.0653 0.0689 0.0706 0.0818 0.0699 0.0808 0.0655 0.0661 0.0754 0.0807 0.0962 0.0979 0.0821 0.0773 0.0648 0.0627 0.0626 0.0663 0.0677 0.0882 0.0724 0.0863 0.0947 0.0787 0.0703
0.0630 0.0626 0.0630 0.0670 0.0633 0.0626 0.0672 0.0720 0.0632 0.0637 0.0693 0.0692 0.0650 0.0688 0.0887 0.0915 0.0908 0.1010 0.1472 0.1729 0.1443 0.4035 1.0000 0.4071 0.1392 0.1655 0.1215 0.1009 0.0728 0.0702 0.0663 0.0759 0.0935 0.0830 0.0892 0.1429 0.0996 0.1128 0.0890 0.1090 0.0787 0.0951 0.1660 0.0986 0.0799 0.1128 0.1198 0.0749 0.0727 0.0923 0.0736 0.0627 0.0641 0.0660 0.0624 0.0624 0.0625 0.0624 0.0624 0.0626 0.0628 0.0627 0.0626 0.0627 0.0625 0.0626 0.0626 0.0626 0.0625 0.0627 0.0624 0.0627 0.0629 0.0637 0.0655 0.0635 0.0685 0.0631 0.0634 0.0677 0.0677 0.0741 0.0705 0.0669 0.0644 0.0625 0.0624 0.0625 0.0632 0.0634 0.0728 0.0654 0.0755 0.0809 0.0721 0.0688
0.0635 0.0630 0.0637 0.0676 0.0638 0.0633 0.0677 0.0692 0.0631 0.0635 0.0664 0.0652 0.0632 0.0641 0.0727 0.0768 0.0861 0.0906 0.1018 0.1475 0.1750 0.1398 0.4071 1.0000 0.4117 0.1374 0.1284 0.1195 0.0782 0.0732 0.0670 0.0764 0.0913 0.0771 0.0769 0.0985 0.0751 0.0781 0.0661 0.0724 0.0629 0.0671 0.0933 0.0693 0.0630 0.0798 0.0872 0.0636 0.0635 0.0764 0.0658 0.0624 0.0626 0.0634 0.0624 0.0624 0.0624 0.0624 0.0625 0.0626 0.0627 0.0626 0.0626 0.0627 0.0626 0.0628 0.0627 0.0627 0.0626 0.0627 0.0626 0.0631 0.0632 0.0655 0.0669 0.0655 0.0715 0.0646 0.0662 0.0742 0.0741 0.0843 0.0738 0.0718 0.0659 0.0635 0.0626 0.0626 0.0642 0.0658 0.0794 0.0743 0.0959 0.1032 0.0898 0.0820
0.0642 0.0634 0.0646 0.0714 0.0650 0.0634 0.0685 0.0698 0.0631 0.0629 0.0642 0.0632 0.0626 0.0627 0.0661 0.0674 0.0737 0.0879 0.0923 0.1025 0.1515 0.1683 0.1392 0.4117 1.0000 0.4050 0.1363 0.1521 0.0912 0.0846 0.0750 0.0899 0.1144 0.0904 0.0865 0.1059 0.0745 0.0738 0.0634 0.0654 0.0624 0.0674 0.0889 0.0677 0.0648 0.0912 0.0942 0.0663 0.0693 0.0931 0.0731 0.0633 0.0667 0.0701 0.0631 0.0624 0.0627 0.0627 0.0626 0.0628 0.0635 0.0628 0.0627 0.0628 0.0627 0.0627 0.0627 0.0626 0.0626 0.0627 0.0627 0.0648 0.0659 0.0725 0.0779 0.0772 0.0907 0.0723 0.0760 0.0955 0.0949 0.1124 0.0874 0.0789 0.0681 0.0637 0.0626 0.0626 0.0635 0.0648 0.0779 0.0736 0.0948 0.1037 0.0912 0.0809
0.0631 0.0626 0.0630 0.0657 0.0631 0.0625 0.0642 0.0650 0.0627 0.0626 0.0634 0.0631 0.0625 0.0627 0.0657 0.0650 0.0658 0.0756 0.0899 0.0905 0.1026 0.1496 0.1655 0.1374 0.4050 1.0000 0.4168 0.1474 0.1014 0.0928 0.0811 0.0995 0.1332 0.1169 0.1177 0.1635 0.1031 0.0967 0.0723 0.0734 0.0656 0.0829 0.1097 0.0747 0.0714 0.1062 0.0958 0.0681 0.0723 0.0912 0.0697 0.0632 0.0662 0.0677 0.0627 0.0623 0.0627 0.0625 0.0626 0.0627 0.0631 0.0627 0.0627 0.0626 0.0626 0.0627 0.0627 0.0627 0.0626 0.0627 0.0626 0.0631 0.0634 0.0658 0.0695 0.0706 0.0841 0.0706 0.0732 0.0833 0.0784 0.0806 0.0705 0.0662 0.0632 0.0625 0.0625 0.0624 0.0626 0.0625 0.0655 0.0640 0.0715 0.0773 0.0727 0.0693
0.0626 0.0626 0.0626 0.0630 0.0626 0.0624 0.0627 0.0626 0.0626 0.0625 0.0626 0.0627 0.0625 0.0624 0.0631 0.0627 0.0628 0.0640 0.0707 0.0781 0.0822 0.0937 0.1215 0.1284 0.1363 0.4168 1.0000 0.4062 0.1382 0.1078 0.0905 0.1020 0.1139 0.1076 0.1036 0.1101 0.0865 0.0787 0.0653 0.0653 0.0626 0.0672 0.0781 0.0633 0.0626 0.0729 0.0684 0.0623 0.0627 0.0672 0.0626 0.0624 0.0627 0.0626 0.0624 0.0624 0.0624 0.0624 0.0624 0.0625 0.0626 0.0626 0.0625 0.0627 0.0626 0.0627 0.0627 0.0626 0.0626 0.0626 0.0626 0.0627 0.0627 0.0634 0.0635 0.0648 0.0707 0.0665 0.0699 0.0758 0.0705 0.0706 0.0636 0.0633 0.0626 0.0626 0.0624 0.0624 0.0624 0.0624 0.0633 0.0631 0.0677 0.0711 0.0695 0.0686
0.0627 0.0625 0.0626 0.0631 0.0626 0.0624 0.0628 0.0627 0.0625 0.0625 0.0627 0.0626 0.0625 0.0625 0.0630 0.0628 0.0627 0.0636 0.0674 0.0737 0.0816 0.0897 0.1009 0.1195 0.1521 0.1474 0.4062 1.0000 0.3988 0.1345 0.1101 0.1279 0.1356 0.1152 0.0987 0.0969 0.0747 0.0696 0.0632 0.0634 0.0624 0.0642 0.0706 0.0629 0.0626 0.0697 0.0669 0.0624 0.0628 0.0669 0.0626 0.0624 0.0628 0.0627 0.0624 0.0624 0.0624 0.0625 0.0626 0.0626 0.0626 0.0627 0.0626 0.0626 0.0627 0.0627 0.0628 0.0627 0.0627 0.0627 0.0625 0.0631 0.0628 0.0646 0.0641 0.0661 0.0713 0.0668 0.0710 0.0780 0.0746 0.0746 0.0655 0.0646 0.0627 0.0626 0.0625 0.0624 0.0625 0.0626 0.0643 0.0645 0.0708 0.0743 0.0736 0.0724
0.0625 0.0624 0.0624 0.0625 0.0624 0.0624 0.0625 0.0624 0.0625 0.0624 0.0624 0.0625 0.0624 0.0624 0.0625 0.0624 0.0626 0.0624 0.0626 0.0637 0.0647 0.0678 0.0728 0.0782 0.0912 0.1014 0.1382 0.3988 1.0000 0.4098 0.1674 0.1450 0.1198 0.1102 0.0917 0.0800 0.0686 0.0644 0.0623 0.0624 0.0624 0.0626 0.0635 0.0624 0.0625 0.0640 0.0628 0.0624 0.0627 0.0636 0.0622 0.0624 0.0629 0.0625 0.0624 0.0625 0.0626 0.0626 0.0626 0.0626 0.0626 0.0626 0.0627 0.0627 0.0627 0.0627 0.0628 0.0627 0.0627 0.0626 0.0625 0.0627 0.0626 0.0632 0.0627 0.0634 0.0653 0.0642 0.0674 0.0696 0.0677 0.0661 0.0629 0.0629 0.0626 0.0624 0.0626 0.0624 0.0624 0.0625 0.0627 0.0630 0.0649 0.0662 0.0670 0.0668
0.0625 0.0624 0.0625 0.0625 0.0624 0.0624 0.0625 0.0624 0.0625 0.0625 0.0625 0.0626 0.0626 0.0626 0.0626 0.0625 0.0626 0.0625 0.0630 0.0638 0.0641 0.0676 0.0702 0.0732 0.0846 0.0928 0.1078 0.1345 0.4098 1.0000 0.4189 0.1411 0.1294 0.1183 0.0952 0.0802 0.0698 0.0650 0.0627 0.0626 0.0623 0.0630 0.0640 0.0624 0.0626 0.0649 0.0631 0.0625 0.0630 0.0642 0.0624 0.0624 0.0631 0.0626 0.0624 0.0626 0.0626 0.0625 0.0625 0.0626 0.0627 0.0627 0.0626 0.0627 0.0627 0.0628 0.0628 0.0627 0.0627 0.0627 0.0626 0.0630 0.0627 0.0633 0.0627 0.0634 0.0645 0.0637 0.0665 0.0681 0.0673 0.0655 0.0630 0.0629 0.0626 0.0626 0.0625 0.0624 0.0625 0.0625 0.0629 0.0633 0.0654 0.0670 0.0677 0.0668
0.0625 0.0624 0.0626 0.0624 0.0625 0.0625 0.0626 0.0624 0.0625 0.0625 0.0626 0.0626 0.0626 0.0625 0.0626 0.0625 0.0625 0.0624 0.0626 0.0631 0.0630 0.0652 0.0663 0.0670 0.0750 0.0811 0.0905 0.1101 0.1674 0.4189 1.0000 0.4098 0.1394 0.1235 0.0941 0.0764 0.0667 0.0635 0.0624 0.0625 0.0625 0.0626 0.0628 0.0624 0.0625 0.0642 0.0628 0.0624 0.0630 0.0645 0.0624 0.0625 0.0636 0.0628 0.0624 0.0626 0.0627 0.0625 0.0626 0.0627 0.0627 0.0627 0.0626 0.0627 0.0628 0.0629 0.0629 0.0627 0.0627 0.0627 0.0625 0.0630 0.0627 0.0635 0.0629 0.0639 0.0650 0.0639 0.0673 0.0690 0.0685 0.0660 0.0632 0.0630 0.0627 0.0625 0.0625 0.0624 0.0625 0.0626 0.0630 0.0636 0.0658 0.0674 0.0680 0.0670
0.0626 0.0625 0.0627 0.0627 0.0626 0.0626 0.0627 0.0626 0.0626 0.0626 0.0627 0.0627 0.0627 0.0627 0.0627 0.0626 0.0626 0.0632 0.0645 0.0652 0.0664 0.0751 0.0759 0.0764 0.0899 0.0995 0.1020 0.1279 0.1450 0.1411 0.4098 1.0000 0.4068 0.1371 0.1007 0.0872 0.0689 0.0646 0.0627 0.0627 0.0626 0.0635 0.0661 0.0626 0.0630 0.0703 0.0657 0.0627 0.0661 0.0718 0.0636 0.0632 0.0672 0.0652 0.0627 0.0632 0.0639 0.0627 0.0630 0.0637 0.0633 0.0634 0.0631 0.0632 0.0630 0.0633 0.0629 0.0629 0.0628 0.0630 0.0627 0.0643 0.0634 0.0668 0.0653 0.0678 0.0712 0.0662 0.0718 0.0782 0.0784 0.0747 0.0670 0.0651 0.0633 0.0626 0.0627 0.0625 0.0627 0.0629 0.0646 0.0659 0.0713 0.0745 0.0753 0.0707
0.0626 0.0626 0.0626 0.0629 0.0627 0.0626 0.0629 0.0631 0.0626 0.0626 0.0628 0.0627 0.0626 0.0627 0.0633 0.0633 0.0633 0.0659 0.0716 0.0716 0.0760 0.0945 0.0935 0.0913 0.1144 0.1332 0.1139 0.1356 0.1198 0.1294 0.1394 0.4068 1.0000 0.4146 0.1345 0.1183 0.0842 0.0718 0.0638 0.0639 0.0628 0.0681 0.0777 0.0648 0.0657 0.0856 0.0757 0.0650 0.0723 0.0838 0.0668 0.0642 0.0701 0.0672 0.0629 0.0630 0.0635 0.0626 0.0628 0.0634 0.0633 0.0632 0.0629 0.0632 0.0627 0.0631 0.0628 0.0627 0.0627 0.0630 0.0627 0.0643 0.0635 0.0670 0.0663 0.0675 0.0709 0.0652 0.0694 0.0767 0.0782 0.0773 0.0692 0.0665 0.0640 0.0628 0.0627 0.0624 0.0628 0.0630 0.0658 0.0665 0.0734 0.0771 0.0749 0.0702
0.0626 0.0624 0.0624 0.0626 0.0626 0.0626 0.0626 0.0626 0.0625 0.0624 0.0626 0.0626 0.0625 0.0626 0.0627 0.0627 0.0626 0.0629 0.0658 0.0656 0.0660 0.0783 0.0830 0.0771 0.0904 0.1169 0.1076 0.1152 0.1102 0.1183 0.1235 0.1371 0.4146 1.0000 0.4117 0.1364 0.1028 0.0803 0.0654 0.0636 0.0628 0.0710 0.0768 0.0634 0.0649 0.0826 0.0683 0.0632 0.0677 0.0721 0.0632 0.0630 0.0652 0.0634 0.0626 0.0627 0.0627 0.0624 0.0624 0.0626 0.0627 0.0627 0.0627 0.0626 0.0627 0.0627 0.0627 0.0627 0.0626 0.0627 0.0625 0.0631 0.0627 0.0636 0.0630 0.0634 0.0642 0.0631 0.0648 0.0672 0.0676 0.0670 0.0635 0.0632 0.0628 0.0626 0.0626 0.0625 0.0626 0.0627 0.0634 0.0641 0.0667 0.0680 0.0672 0.0657
0.0624 0.0624 0.0624 0.0625 0.0626 0.0625 0.0624 0.0623 0.0624 0.0623 0.0624 0.0624 0.0623 0.0624 0.0630 0.0627 0.0624 0.0627 0.0681 0.0664 0.0651 0.0789 0.0892 0.0769 0.0865 0.1177 0.1036 0.0987 0.0917 0.0952 0.0941 0.1007 0.1345 0.4117 1.0000 0.3935 0.1488 0.1025 0.0760 0.0680 0.0648 0.0848 0.0887 0.0654 0.0688 0.0923 0.0702 0.0632 0.0689 0.0702 0.0626 0.0626 0.0637 0.0626 0.0624 0.0624 0.0624 0.0624 0.0624 0.0624 0.0626 0.0626 0.0626 0.0626 0.0626 0.0626 0.0626 0.0626 0.0626 0.0626 0.0624 0.0626 0.0626 0.0626 0.0624 0.0627 0.0628 0.0626 0.0632 0.0639 0.0640 0.0639 0.0626 0.0628 0.0626 0.0626 0.0627 0.0624 0.0626 0.0626 0.0628 0.0631 0.0641 0.0646 0.0642 0.0637
0.0625 0.0624 0.0624 0.0627 0.0627 0.0625 0.0628 0.0639 0.0626 0.0625 0.0631 0.0641 0.0631 0.0635 0.0693 0.0692 0.0657 0.0723 0.0962 0.0881 0.0826 0.1170 0.1429 0.0985 0.1059 0.1635 0.1101 0.0969 0.0800 0.0802 0.0764 0.0872 0.1183 0.1364 0.3935 1.0000 0.3928 0.1585 0.1037 0.0935 0.0838 0.1311 0.1603 0.0913 0.0939 0.1478 0.1001 0.0756 0.0838 0.0873 0.0676 0.0640 0.0654 0.0635 0.0624 0.0624 0.0625 0.0625 0.0625 0.0626 0.0627 0.0626 0.0626 0.0626 0.0626 0.0626 0.0626 0.0627 0.0626 0.0627 0.0625 0.0628 0.0627 0.0628 0.0627 0.0627 0.0632 0.0626 0.0628 0.0636 0.0640 0.0648 0.0637 0.0632 0.0637 0.0626 0.0633 0.0626 0.0630 0.0627 0.0638 0.0632 0.0648 0.0655 0.0650 0.0636
0.0624 0.0624 0.0624 0.0624 0.0626 0.0626 0.0626 0.0623 0.0626 0.0624 0.0624 0.0627 0.0626 0.0628 0.0651 0.0641 0.0626 0.0629 0.0743 0.0703 0.0648 0.0780 0.0996 0.0751 0.0745 0.1031 0.0865 0.0747 0.0686 0.0698 0.0667 0.0689 0.0842 0.1028 0.1488 0.3928 1.0000 0.4250 0.1229 0.0919 0.0834 0.1274 0.1132 0.0736 0.0760 0.0940 0.0711 0.0630 0.0655 0.0651 0.0622 0.0623 0.0626 0.0623 0.0626 0.0624 0.0624 0.0624 0.0624 0.0626 0.0626 0.0626 0.0625 0.0625 0.0625 0.0626 0.0626 0.0627 0.0626 0.0625 0.0624 0.0626 0.0626 0.0626 0.0624 0.0625 0.0626 0.0627 0.0626 0.0627 0.0627 0.0627 0.0625 0.0627 0.0626 0.0625 0.0629 0.0626 0.0626 0.0626 0.0626 0.0626 0.0626 0.0628 0.0628 0.0628
0.0626 0.0624 0.0626 0.0626 0.0627 0.0626 0.0627 0.0629 0.0626 0.0626 0.0630 0.0645 0.0637 0.0650 0.0736 0.0703 0.0637 0.0660 0.0901 0.0802 0.0684 0.0853 0.1128 0.0781 0.0738 0.0967 0.0787 0.0696 0.0644 0.0650 0.0635 0.0646 0.0718 0.0803 0.1025 0.1585 0.4250 1.0000 0.4250 0.1265 0.1130 0.2009 0.1673 0.0970 0.0966 0.1115 0.0844 0.0692 0.0697 0.0677 0.0626 0.0625 0.0626 0.0625 0.0626 0.0625 0.0624 0.0626 0.0625 0.0626 0.0627 0.0626 0.0626 0.0626 0.0626 0.0626 0.0626 0.0626 0.0626 0.0626 0.0624 0.0626 0.0626 0.0626 0.0626 0.0626 0.0626 0.0626 0.0626 0.0626 0.0626 0.0627 0.0626 0.0627 0.0627 0.0626 0.0633 0.0627 0.0627 0.0627 0.0627 0.0627 0.0627 0.0626 0.0627 0.0626
0.0625 0.0624 0.0626 0.0625 0.0626 0.0625 0.0626 0.0630 0.0630 0.0626 0.0636 0.0676 0.0668 0.0685 0.0793 0.0741 0.0635 0.0649 0.0872 0.0752 0.0634 0.0720 0.0890 0.0661 0.0634 0.0723 0.0653 0.0632 0.0623 0.0627 0.0624 0.0627 0.0638 0.0654 0.0760 0.1037 0.1229 0.4250 1.0000 0.4053 0.2043 0.2336 0.1461 0.1120 0.1073 0.0962 0.0793 0.0699 0.0662 0.0630 0.0624 0.0626 0.0625 0.0624 0.0626 0.0625 0.0625 0.0625 0.0626 0.0626 0.0626 0.0626 0.0626 0.0627 0.0626 0.0626 0.0626 0.0626 0.0625 0.0625 0.0625 0.0625 0.0626 0.0626 0.0626 0.0626 0.0626 0.0626 0.0626 0.0625 0.0626 0.0626 0.0625 0.0626 0.0625 0.0624 0.0631 0.0626 0.0626 0.0626 0.0626 0.0626 0.0626 0.0626 0.0626 0.0626
0.0625 0.0623 0.0626 0.0626 0.0631 0.0627 0.0632 0.0690 0.0696 0.0671 0.0732 0.0887 0.0874 0.0940 0.1279 0.1142 0.0806 0.0828 0.1325 0.1061 0.0743 0.0864 0.1090 0.0724 0.0654 0.0734 0.0653 0.0634 0.0624 0.0626 0.0625 0.0627 0.0639 0.0636 0.0680 0.0935 0.0919 0.1265 0.4053 1.0000 0.4031 0.1401 0.1840 0.1627 0.1040 0.0931 0.0950 0.0792 0.0664 0.0641 0.0626 0.0626 0.0624 0.0626 0.0626 0.0625 0.0626 0.0627 0.0626 0.0626 0.0627 0.0627 0.0626 0.0626 0.0626 0.0627 0.0627 0.0627 0.0626 0.0626 0.0625 0.0626 0.0626 0.0626 0.0625 0.0626 0.0626 0.0626 0.0626 0.0627 0.0626 0.0626 0.0624 0.0626 0.0629 0.0626 0.0634 0.0627 0.0631 0.0627 0.0630 0.0627 0.0628 0.0627 0.0627 0.0626
0.0624 0.0623 0.0626 0.0623 0.0632 0.0630 0.0627 0.0679 0.0713 0.0655 0.0688 0.0833 0.0805 0.0798 0.0970 0.0907 0.0673 0.0698 0.0999 0.0757 0.0636 0.0727 0.0787 0.0629 0.0624 0.0656 0.0626 0.0624 0.0624 0.0623 0.0625 0.0626 0.0628 0.0628 0.0648 0.0838 0.0834 0.1130 0.2043 0.4031 1.0000 0.4073 0.1400 0.1782 0.1580 0.1028 0.0926 0.0926 0.0781 0.0659 0.0633 0.0626 0.0626 0.0624 0.0625 0.0626 0.0625 0.0626 0.0625 0.0625 0.0627 0.0626 0.0626 0.0626 0.0626 0.0627 0.0627 0.0627 0.0626 0.0626 0.0625 0.0626 0.0626 0.0627 0.0626 0.0626 0.0626 0.0626 0.0626 0.0626 0.0627 0.0626 0.0624 0.0626 0.0626 0.0624 0.0631 0.0626 0.0627 0.0626 0.0626 0.0625 0.0626 0.0626 0.0626 0.0626
0.0624 0.0624 0.0626 0.0626 0.0628 0.0625 0.0625 0.0658 0.0645 0.0624 0.0639 0.0698 0.0661 0.0668 0.0821 0.0794 0.0645 0.0724 0.1050 0.0771 0.0673 0.0913 0.0951 0.0671 0.0674 0.0829 0.0672 0.0642 0.0626 0.0630 0.0626 0.0635 0.0681 0.0710 0.0848 0.1311 0.1274 0.2009 0.2336 0.1401 0.4073 1.0000 0.4040 0.1394 0.1819 0.1606 0.1040 0.0924 0.0930 0.0780 0.0659 0.0636 0.0624 0.0624 0.0626 0.0625 0.0625 0.0626 0.0625 0.0626 0.0626 0.0626 0.0626 0.0626 0.0626 0.0626 0.0627 0.0627 0.0626 0.0626 0.0626 0.0625 0.0627 0.0627 0.0626 0.0626 0.0626 0.0626 0.0626 0.0626 0.0626 0.0626 0.0626 0.0626 0.0630 0.0626 0.0638 0.0628 0.0628 0.0626 0.0626 0.0626 0.0626 0.0626 0.0626 0.0625
0.0623 0.0624 0.0624 0.0631 0.0644 0.0626 0.0642 0.0793 0.0705 0.0651 0.0725 0.0837 0.0744 0.0801 0.1181 0.1169 0.0881 0.1105 0.2295 0.1287 0.1024 0.1616 0.1660 0.0933 0.0889 0.1097 0.0781 0.0706 0.0635 0.0640 0.0628 0.0661 0.0777 0.0768 0.0887 0.1603 0.1132 0.1673 0.1461 0.1840 0.1400 0.4040 1.0000 0.4067 0.1409 0.1793 0.1611 0.1031 0.0917 0.0934 0.0791 0.0661 0.0634 0.0624 0.0626 0.0624 0.0625 0.0625 0.0626 0.0626 0.0626 0.0627 0.0626 0.0627 0.0627 0.0627 0.0626 0.0626 0.0626 0.0626 0.0626 0.0627 0.0630 0.0626 0.0628 0.0626 0.0627 0.0626 0.0625 0.0627 0.0627 0.0628 0.0649 0.0629 0.0673 0.0633 0.0652 0.0631 0.0648 0.0632 0.0653 0.0632 0.0635 0.0637 0.0634 0.0627
0.0631 0.0632 0.0627 0.0677 0.0787 0.0701 0.0746 0.1085 0.1032 0.0838 0.0952 0.1225 0.0990 0.1028 0.1605 0.1671 0.1031 0.1212 0.2054 0.1096 0.0858 0.1094 0.0986 0.0693 0.0677 0.0747 0.0633 0.0629 0.0624 0.0624 0.0624 0.0626 0.0648 0.0634 0.0654 0.0913 0.0736 0.0970 0.1120 0.1627 0.1782 0.1394 0.4067 1.0000 0.4060 0.1421 0.1820 0.1612 0.1035 0.0930 0.0944 0.0788 0.0660 0.0637 0.0626 0.0624 0.0624 0.0626 0.0626 0.0625 0.0626 0.0626 0.0627 0.0627 0.0627 0.0627 0.0626 0.0626 0.0626 0.0626 0.0627 0.0627 0.0634 0.0626 0.0630 0.0625 0.0626 0.0626 0.0626 0.0626 0.0626 0.0627 0.0645 0.0628 0.0674 0.0631 0.0645 0.0631 0.0661 0.0640 0.0662 0.0633 0.0635 0.0638 0.0632 0.0627
0.0632 0.0631 0.0623 0.0641 0.0749 0.0648 0.0640 0.0843 0.0820 0.0659 0.0690 0.0815 0.0708 0.0698 0.0880 0.0908 0.0698 0.0865 0.1141 0.0749 0.0691 0.0953 0.0799 0.0630 0.0648 0.0714 0.0626 0.0626 0.0625 0.0626 0.0625 0.0630 0.0657 0.0649 0.0688 0.0939 0.0760 0.0966 0.1073 0.1040 0.1580 0.1819 0.1409 0.4060 1.0000 0.4077 0.1421 0.1777 0.1600 0.1028 0.0918 0.0932 0.0779 0.0657 0.0635 0.0624 0.0624 0.0626 0.0625 0.0627 0.0626 0.0627 0.0626 0.0627 0.0627 0.0627 0.0627 0.0627 0.0626 0.0626 0.0627 0.0626 0.0628 0.0626 0.0626 0.0626 0.0626 0.0625 0.0627 0.0626 0.0627 0.0625 0.0635 0.0624 0.0635 0.0624 0.0631 0.0624 0.0629 0.0624 0.0630 0.0626 0.0628 0.0628 0.0627 0.0626
0.0628 0.0624 0.0625 0.0649 0.0696 0.0622 0.0636 0.0817 0.0692 0.0627 0.0657 0.0713 0.0642 0.0654 0.0826 0.0880 0.0745 0.1081 0.1425 0.0899 0.0946 0.1698 0.1128 0.0798 0.0912 0.1062 0.0729 0.0697 0.0640 0.0649 0.0642 0.0703 0.0856 0.0826 0.0923 0.1478 0.0940 0.1115 0.0962 0.0931 0.1028 0.1606 0.1793 0.1421 0.4077 1.0000 0.4123 0.1407 0.1798 0.1592 0.1031 0.0923 0.0931 0.0784 0.0662 0.0633 0.0624 0.0626 0.0625 0.0627 0.0628 0.0630 0.0627 0.0627 0.0627 0.0627 0.0626 0.0627 0.0626 0.0626 0.0627 0.0626 0.0636 0.0625 0.0642 0.0624 0.0645 0.0627 0.0630 0.0630 0.0659 0.0637 0.0715 0.0634 0.0693 0.0635 0.0647 0.0630 0.0645 0.0630 0.0661 0.0628 0.0633 0.0641 0.0633 0.0627
0.0669 0.0644 0.0645 0.0826 0.0902 0.0710 0.0822 0.1324 0.0921 0.0762 0.0861 0.0935 0.0750 0.0798 0.1162 0.1355 0.1149 0.2308 0.2713 0.1244 0.1321 0.2183 0.1198 0.0872 0.0942 0.0958 0.0684 0.0669 0.0628 0.0631 0.0628 0.0657 0.0757 0.0683 0.0702 0.1001 0.0711 0.0844 0.0793 0.0950 0.0926 0.1040 0.1611 0.1820 0.1421 0.4123 1.0000 0.4093 0.1456 0.1852 0.1626 0.1043 0.0933 0.0949 0.0798 0.0661 0.0633 0.0625 0.0626 0.0629 0.0637 0.0633 0.0628 0.0628 0.0626 0.0627 0.0626 0.0626 0.0624 0.0627 0.0628 0.0639 0.0692 0.0640 0.0727 0.0628 0.0658 0.0625 0.0627 0.0631 0.0675 0.0687 0.0899 0.0719 0.0874 0.0676 0.0663 0.0639 0.0727 0.0679 0.0819 0.0673 0.0689 0.0723 0.0670 0.0636
0.0778 0.0760 0.0709 0.0917 0.1269 0.0887 0.0882 0.1494 0.1235 0.0836 0.0838 0.0948 0.0755 0.0740 0.0948 0.1064 0.0865 0.1306 0.1229 0.0796 0.0811 0.1046 0.0749 0.0636 0.0663 0.0681 0.0623 0.0624 0.0624 0.0625 0.0624 0.0627 0.0650 0.0632 0.0632 0.0756 0.0630 0.0692 0.0699 0.0792 0.0926 0.0924 0.1031 0.1612 0.1777 0.1407 0.4093 1.0000 0.4064 0.1418 0.1794 0.1610 0.1037 0.0923 0.0941 0.0788 0.0658 0.0628 0.0624 0.0630 0.0634 0.0628 0.0627 0.0627 0.0626 0.0626 0.0627 0.0626 0.0625 0.0625 0.0627 0.0628 0.0664 0.0626 0.0686 0.0623 0.0640 0.0624 0.0626 0.0624 0.0642 0.0635 0.0771 0.0636 0.0718 0.0627 0.0631 0.0625 0.0653 0.0631 0.0689 0.0627 0.0639 0.0658 0.0636 0.0630
0.0696 0.0656 0.0627 0.0721 0.0891 0.0657 0.0653 0.0897 0.0764 0.0633 0.0639 0.0677 0.0632 0.0630 0.0691 0.0731 0.0665 0.0965 0.0939 0.0671 0.0742 0.1042 0.0727 0.0635 0.0693 0.0723 0.0627 0.0628 0.0627 0.0630 0.0630 0.0661 0.0723 0.0677 0.0689 0.0838 0.0655 0.0697 0.0662 0.0664 0.0781 0.0930 0.0917 0.1035 0.1600 0.1798 0.1456 0.4064 1.0000 0.4076 0.1407 0.1793 0.1600 0.1026 0.0918 0.0926 0.0778 0.0648 0.0627 0.0642 0.0644 0.0633 0.0627 0.0627 0.0627 0.0626 0.0627 0.0627 0.0626 0.0626 0.0626 0.0624 0.0644 0.0623 0.0691 0.0623 0.0679 0.0632 0.0637 0.0632 0.0689 0.0639 0.0762 0.0627 0.0665 0.0626 0.0627 0.0624 0.0631 0.0624 0.0648 0.0624 0.0631 0.0643 0.0632 0.0628
0.0707 0.0639 0.0633 0.0818 0.0871 0.0644 0.0708 0.0980 0.0719 0.0632 0.0655 0.0671 0.0626 0.0634 0.0718 0.0802 0.0781 0.1309 0.1180 0.0835 0.1038 0.1654 0.0923 0.0764 0.0931 0.0912 0.0672 0.0669 0.0636 0.0642 0.0645 0.0718 0.0838 0.0721 0.0702 0.0873 0.0651 0.0677 0.0630 0.0641 0.0659 0.0780 0.0934 0.0930 0.1028 0.1592 0.1852 0.1418 0.4076 1.0000 0.4061 0.1404 0.1788 0.1592 0.1028 0.0905 0.0893 0.0722 0.0655 0.0738 0.0741 0.0678 0.0642 0.0635 0.0626 0.0627 0.0627 0.0627 0.0626 0.0626 0.0628 0.0643 0.0749 0.0680 0.0952 0.0708 0.0887 0.0683 0.0681 0.0707 0.0892 0.0821 0.1161 0.0767 0.0851 0.0658 0.0640 0.0631 0.0686 0.0652 0.0802 0.0660 0.0697 0.0759 0.0689 0.0646
0.0989 0.0865 0.0847 0.1372 0.1520 0.0932 0.1058 0.1671 0.1027 0.0782 0.0793 0.0791 0.0658 0.0662 0.0783 0.0893 0.0891 0.1564 0.1086 0.0793 0.0949 0.1142 0.0736 0.0658 0.0731 0.0697 0.0626 0.0626 0.0622 0.0624 0.0624 0.0636 0.0668 0.0632 0.0626 0.0676 0.0622 0.0626 0.0624 0.0626 0.0633 0.0659 0.0791 0.0944 0.0918 0.1031 0.1626 0.1794 0.1407 0.4061 1.0000 0.4043 0.1393 0.1770 0.1604 0.1024 0.0898 0.0777 0.0665 0.0756 0.0789 0.0684 0.0644 0.0634 0.0624 0.0627 0.0626 0.0625 0.0624 0.0626 0.0635 0.0672 0.0867 0.0746 0.1095 0.0723 0.0853 0.0652 0.0636 0.0654 0.0786 0.0796 0.1235 0.0800 0.0931 0.0668 0.0637 0.0631 0.0706 0.0668 0.0868 0.0682 0.0739 0.0826 0.0729 0.0654
0.1050 0.0905 0.0755 0.0995 0.1412 0.0831 0.0773 0.1037 0.0871 0.0658 0.0645 0.0666 0.0628 0.0626 0.0646 0.0667 0.0658 0.0906 0.0738 0.0628 0.0676 0.0800 0.0627 0.0624 0.0633 0.0632 0.0624 0.0624 0.0624 0.0624 0.0625 0.0632 0.0642 0.0630 0.0626 0.0640 0.0623 0.0625 0.0626 0.0626 0.0626 0.0636 0.0661 0.0788 0.0932 0.0923 0.1043 0.1610 0.1793 0.1404 0.4043 1.0000 0.4064 0.1386 0.1736 0.1612 0.1048 0.0814 0.0669 0.0732 0.0705 0.0640 0.0626 0.0625 0.0626 0.0626 0.0626 0.0627 0.0626 0.0625 0.0624 0.0623 0.0680 0.0630 0.0839 0.0639 0.0769 0.0655 0.0639 0.0631 0.0700 0.0645 0.0830 0.0631 0.0671 0.0622 0.0625 0.0624 0.0632 0.0624 0.0659 0.0624 0.0633 0.0659 0.0640 0.0631
0.0809 0.0673 0.0632 0.0789 0.0885 0.0635 0.0635 0.0776 0.0651 0.0624 0.0625 0.0627 0.0624 0.0624 0.0627 0.0630 0.0630 0.0799 0.0703 0.0627 0.0680 0.0840 0.0641 0.0626 0.0667 0.0662 0.0627 0.0628 0.0629 0.0631 0.0636 0.0672 0.0701 0.0652 0.0637 0.0654 0.0626 0.0626 0.0625 0.0624 0.0626 0.0624 0.0634 0.0660 0.0779 0.0931 0.0933 0.1037 0.1600 0.1788 0.1393 0.4064 1.0000 0.4046 0.1389 0.1702 0.1621 0.1002 0.0828 0.0958 0.0831 0.0696 0.0635 0.0627 0.0626 0.0626 0.0626 0.0626 0.0626 0.0626 0.0625 0.0624 0.0696 0.0661 0.0990 0.0763 0.1091 0.0849 0.0768 0.0742 0.0936 0.0762 0.0953 0.0660 0.0674 0.0624 0.0625 0.0624 0.0630 0.0624 0.0659 0.0624 0.0642 0.0685 0.0654 0.0639
0.0928 0.0724 0.0697 0.1044 0.0997 0.0678 0.0740 0.0925 0.0676 0.0627 0.0632 0.0631 0.0623 0.0624 0.0633 0.0646 0.0662 0.0921 0.0763 0.0645 0.0760 0.0917 0.0660 0.0634 0.0701 0.0677 0.0626 0.0627 0.0625 0.0626 0.0628 0.0652 0.0672 0.0634 0.0626 0.0635 0.0623 0.0625 0.0624 0.0626 0.0624 0.0624 0.0624 0.0637 0.0657 0.0784 0.0949 0.0923 0.1026 0.1592 0.1770 0.1386 0.4046 1.0000 0.4068 0.1355 0.1608 0.1258 0.1020 0.1270 0.1217 0.0882 0.0710 0.0653 0.0626 0.0625 0.0626 0.0624 0.0624 0.0624 0.0635 0.0686 0.0970 0.0918 0.1819 0.1087 0.1520 0.0963 0.0817 0.0882 0.1163 0.1054 0.1600 0.0877 0.0889 0.0652 0.0627 0.0625 0.0669 0.0650 0.0827 0.0679 0.0760 0.0882 0.0784 0.0691
0.1458 0.1053 0.0920 0.1450 0.1503 0.0875 0.0853 0.1015 0.0780 0.0650 0.0642 0.0639 0.0624 0.0626 0.0632 0.0638 0.0645 0.0799 0.0660 0.0624 0.0654 0.0702 0.0624 0.0624 0.0631 0.0627 0.0624 0.0624 0.0624 0.0624 0.0624 0.0627 0.0629 0.0626 0.0624 0.0624 0.0626 0.0626 0.0626 0.0626 0.0625 0.0626 0.0626 0.0626 0.0635 0.0662 0.0798 0.0941 0.0918 0.1028 0.1604 0.1736 0.1389 0.4068 1.0000 0.4082 0.1353 0.1214 0.0880 0.0956 0.0929 0.0727 0.0653 0.0633 0.0626 0.0625 0.0625 0.0625 0.0625 0.0626 0.0632 0.0653 0.0837 0.0748 0.1177 0.0800 0.0962 0.0760 0.0659 0.0665 0.0769 0.0729 0.0974 0.0683 0.0738 0.0631 0.0627 0.0624 0.0641 0.0631 0.0704 0.0633 0.0674 0.0734 0.0703 0.0654
0.1049 0.0792 0.0678 0.0850 0.0922 0.0659 0.0637 0.0701 0.0644 0.0623 0.0624 0.0624 0.0623 0.0624 0.0624 0.0624 0.0625 0.0643 0.0627 0.0624 0.0626 0.0635 0.0624 0.0624 0.0624 0.0623 0.0624 0.0624 0.0625 0.0626 0.0626 0.0632 0.0630 0.0627 0.0624 0.0624 0.0624 0.0625 0.0625 0.0625 0.0626 0.0625 0.0624 0.0624 0.0624 0.0633 0.0661 0.0788 0.0926 0.0905 0.1024 0.1612 0.1702 0.1355 0.4082 1.0000 0.4131 0.1309 0.0948 0.0962 0.0785 0.0660 0.0627 0.0626 0.0624 0.0625 0.0626 0.0626 0.0625 0.0625 0.0622 0.0622 0.0654 0.0631 0.0890 0.0721 0.0934 0.0870 0.0705 0.0669 0.0749 0.0659 0.0756 0.0623 0.0633 0.0623 0.0626 0.0624 0.0626 0.0624 0.0632 0.0623 0.0628 0.0644 0.0638 0.0634
0.0818 0.0659 0.0631 0.0745 0.0737 0.0625 0.0627 0.0645 0.0625 0.0624 0.0625 0.0624 0.0624 0.0624 0.0624 0.0624 0.0623 0.0633 0.0625 0.0624 0.0626 0.0640 0.0625 0.0624 0.0627 0.0627 0.0624 0.0624 0.0626 0.0626 0.0627 0.0639 0.0635 0.0627 0.0624 0.0625 0.0624 0.0624 0.0625 0.0626 0.0625 0.0625 0.0625 0.0624 0.0624 0.0624 0.0633 0.0658 0.0778 0.0893 0.0898 0.1048 0.1621 0.1608 0.1353 0.4131 1.0000 0.3997 0.1613 0.1700 0.1086 0.0825 0.0659 0.0630 0.0623 0.0624 0.0625 0.0624 0.0623 0.0624 0.0623 0.0625 0.0715 0.0729 0.1216 0.1076 0.1625 0.1490 0.0993 0.0930 0.1039 0.0853 0.0922 0.0663 0.0654 0.0624 0.0624 0.0623 0.0626 0.0625 0.0641 0.0626 0.0641 0.0668 0.0661 0.0646
0.0828 0.0672 0.0649 0.0748 0.0705 0.0627 0.0630 0.0640 0.0624 0.0624 0.0626 0.0625 0.0624 0.0625 0.0625 0.0624 0.0624 0.0630 0.0626 0.0624 0.0626 0.0632 0.0624 0.0624 0.0627 0.0625 0.0624 0.0625 0.0626 0.0625 0.0625 0.0627 0.0626 0.0624 0.0624 0.0625 0.0624 0.0626 0.0625 0.0627 0.0626 0.0626 0.0625 0.0626 0.0626 0.0626 0.0625 0.0628 0.0648 0.0722 0.0777 0.0814 0.1002 0.1258 0.1214 0.1309 0.3997 1.0000 0.4144 0.1328 0.1117 0.0802 0.0666 0.0631 0.0626 0.0626 0.0626 0.0626 0.0625 0.0626 0.0626 0.0634 0.0750 0.0766 0.1210 0.1095 0.1213 0.1174 0.0819 0.0811 0.0828 0.0786 0.0828 0.0663 0.0669 0.0625 0.0629 0.0625 0.0630 0.0626 0.0641 0.0629 0.0642 0.0661 0.0667 0.0652
0.0711 0.0635 0.0627 0.0659 0.0639 0.0623 0.0626 0.0626 0.0624 0.0625 0.0624 0.0625 0.0624 0.0624 0.0624 0.0625 0.0624 0.0626 0.0626 0.0625 0.0626 0.0628 0.0624 0.0625 0.0626 0.0626 0.0624 0.0626 0.0626 0.0625 0.0626 0.0630 0.0628 0.0624 0.0624 0.0625 0.0624 0.0625 0.0626 0.0626 0.0625 0.0625 0.0626 0.0626 0.0625 0.0625 0.0626 0.0624 0.0627 0.0655 0.0665 0.0669 0.0828 0.1020 0.0880 0.0948 0.1613 0.4144 1.0000 0.4069 0.1361 0.0943 0.0706 0.0631 0.0624 0.0623 0.0626 0.0626 0.0625 0.0625 0.0623 0.0627 0.0778 0.0861 0.1324 0.1586 0.1517 0.1481 0.0971 0.0995 0.0931 0.0897 0.0844 0.0673 0.0662 0.0623 0.0625 0.0624 0.0628 0.0625 0.0639 0.0630 0.0645 0.0649 0.0662 0.0649
