1.0000 0.4057 0.1385 0.1019 0.0856 0.0952 0.0883 0.0857 0.0840 0.0847 0.0814 0.0780 0.0755 0.0800 0.0711 0.0740 0.0843 0.0755 0.0710 0.0804 0.0822 0.0733 0.0743 0.0721 0.0692 0.0675 0.0660 0.0654 0.0651 0.0646 0.0650 0.0645 0.0642 0.0642 0.0645 0.0647 0.0645 0.0642 0.0643 0.0642 0.0641 0.0641 0.0643 0.0645 0.0651 0.0664 0.0663 0.0668 0.0646 0.0653 0.0644 0.0651 0.0651 0.0653 0.0661 0.0656 0.0652 0.0646 0.0644 0.0644 0.0645 0.0645 0.0646 0.0645 0.0641 0.0637 0.0638 0.0639 0.0638 0.0639 0.0640 0.0642 0.0644 0.0644 0.0648 0.0641 0.0642 0.0642 0.0640 0.0639 0.0639 0.0639 0.0640 0.0641 0.0641 0.0639 0.0639 0.0638 0.0636 0.0636 0.0636 0.0635 0.0635 0.0636 0.0636 0.0636 0.0638 0.0638 0.0639 0.0637 0.0638 0.0636 0.0636 0.0636 0.0635 0.0635 0.0633 0.0633 0.0632 0.0633 0.0632 0.0632 0.0633 0.0633 0.0634 0.0634 0.0636 0.0636 0.0636 0.0636 0.0635 0.0636 0.0633 0.0634 0.0634 0.0635 0.0635 0.0634 0.0635 0.0635 0.0634 0.0635 0.0635 0.0635 0.0637 0.0633 0.0633 0.0632 0.0632 0.0632 0.0633 0.0634 0.0633 0.0634 0.0635 0.0635 0.0636 0.0634 0.0635 0.0635 0.0635 0.0636 0.0637 0.0639 0.0637 0.0639 0.0639 0.0636 0.0637 0.0638 0.0634 0.0635 0.0636 0.0635 0.0635 0.0634 0.0635 0.0634 0.0634 0.0633 0.0633 0.0633 0.0633 0.0634 0.0634 0.0635 0.0635 0.0634 0.0635 0.0634 0.0634 0.0634 0.0635 0.0634 0.0635 0.0636 0.0637 0.0636 0.0636 0.0636 0.0636 0.0637 0.0636 0.0636 0.0637 0.0636 0.0635 0.0635 0.0635 0.0634 0.0633 0.0633 0.0633 0.0634 0.0635 0.0635 0.0635 0.0635 0.0635 0.0635 0.0635 0.0634 0.0633 0.0633 0.0632 0.0632 0.0632 0.0632 0.0632 0.0632 0.0632 0.0632 0.0633 0.0633 0.0634 0.0635 0.0635 0.0636 0.0639 0.0639 0.0639 0.0637 0.0640 0.0640 0.0640 0.0642 0.0642 0.0642 0.0644 0.0645 0.0647 0.0648 0.0650 0.0646 0.0645 0.0649
0.4057 1.0000 0.4162 0.1469 0.1127 0.1387 0.1207 0.1123 0.1005 0.1004 0.0988 0.0859 0.0812 0.0886 0.0754 0.0848 0.1088 0.0873 0.0797 0.1006 0.1022 0.0816 0.0848 0.0802 0.0737 0.0707 0.0679 0.0669 0.0662 0.0653 0.0664 0.0652 0.0647 0.0648 0.0655 0.0662 0.0655 0.0651 0.0658 0.0650 0.0646 0.0646 0.0649 0.0651 0.0660 0.0689 0.0693 0.0713 0.0670 0.0689 0.0662 0.0664 0.0659 0.0662 0.0678 0.0668 0.0664 0.0652 0.0650 0.0649 0.0650 0.0652 0.0656 0.0654 0.0649 0.0644 0.0643 0.0646 0.0646 0.0650 0.0652 0.0656 0.0663 0.0658 0.0661 0.0652 0.0648 0.0645 0.0640 0.0640 0.0641 0.0641 0.0647 0.0652 0.0648 0.0650 0.0646 0.0648 0.0643 0.0641 0.0643 0.0638 0.0639 0.0639 0.0638 0.0640 0.0643 0.0641 0.0643 0.0641 0.0641 0.0640 0.0638 0.0637 0.0638 0.0639 0.0637 0.0636 0.0635 0.0636 0.0635 0.0633 0.0636 0.0636 0.0640 0.0640 0.0642 0.0641 0.0642 0.0642 0.0640 0.0640 0.0636 0.0636 0.0637 0.0639 0.0640 0.0637 0.0637 0.0638 0.0637 0.0637 0.0640 0.0637 0.0637 0.0634 0.0633 0.0633 0.0634 0.0634 0.0636 0.0636 0.0636 0.0636 0.0637 0.0638 0.0638 0.0636 0.0636 0.0638 0.0638 0.0640 0.0640 0.0642 0.0641 0.0643 0.0643 0.0640 0.0641 0.0641 0.0637 0.0638 0.0639 0.0637 0.0636 0.0636 0.0639 0.0637 0.0636 0.0637 0.0636 0.0636 0.0634 0.0635 0.0635 0.0635 0.0636 0.0635 0.0637 0.0637 0.0637 0.0636 0.0637 0.0636 0.0637 0.0639 0.0640 0.0639 0.0638 0.0637 0.0638 0.0640 0.0639 0.0640 0.0644 0.0640 0.0641 0.0639 0.0640 0.0636 0.0635 0.0635 0.0636 0.0637 0.0636 0.0636 0.0636 0.0636 0.0637 0.0636 0.0636 0.0638 0.0636 0.0636 0.0635 0.0634 0.0633 0.0633 0.0633 0.0632 0.0633 0.0633 0.0635 0.0634 0.0635 0.0639 0.0639 0.0640 0.0645 0.0645 0.0645 0.0642 0.0644 0.0646 0.0645 0.0649 0.0647 0.0647 0.0651 0.0650 0.0654 0.0654 0.0658 0.0649 0.0646 0.0646
0.1385 0.4162 1.0000 0.4022 0.1754 0.1777 0.1306 0.1171 0.1001 0.1000 0.0978 0.0871 0.0807 0.0860 0.0722 0.0807 0.0991 0.0777 0.0721 0.0905 0.0875 0.0718 0.0741 0.0714 0.0683 0.0669 0.0658 0.0652 0.0649 0.0642 0.0648 0.0642 0.0640 0.0641 0.0642 0.0645 0.0643 0.0641 0.0644 0.0642 0.0640 0.0640 0.0643 0.0643 0.0649 0.0668 0.0668 0.0679 0.0651 0.0667 0.0645 0.0653 0.0647 0.0650 0.0660 0.0653 0.0650 0.0645 0.0645 0.0645 0.0646 0.0646 0.0648 0.0645 0.0642 0.0639 0.0639 0.0639 0.0639 0.0642 0.0641 0.0645 0.0645 0.0649 0.0652 0.0649 0.0648 0.0645 0.0640 0.0638 0.0639 0.0639 0.0641 0.0643 0.0642 0.0640 0.0641 0.0640 0.0639 0.0637 0.0637 0.0636 0.0636 0.0637 0.0636 0.0637 0.0639 0.0639 0.0640 0.0640 0.0640 0.0639 0.0637 0.0637 0.0637 0.0636 0.0635 0.0634 0.0633 0.0635 0.0633 0.0633 0.0633 0.0633 0.0634 0.0633 0.0636 0.0634 0.0636 0.0636 0.0636 0.0637 0.0635 0.0635 0.0634 0.0635 0.0635 0.0634 0.0635 0.0635 0.0634 0.0635 0.0636 0.0635 0.0635 0.0633 0.0633 0.0633 0.0633 0.0633 0.0636 0.0636 0.0635 0.0636 0.0636 0.0637 0.0637 0.0636 0.0636 0.0636 0.0637 0.0637 0.0639 0.0639 0.0637 0.0640 0.0640 0.0637 0.0638 0.0638 0.0635 0.0637 0.0637 0.0636 0.0636 0.0636 0.0637 0.0636 0.0635 0.0635 0.0635 0.0635 0.0634 0.0635 0.0635 0.0635 0.0635 0.0635 0.0635 0.0635 0.0635 0.0635 0.0636 0.0636 0.0636 0.0638 0.0638 0.0638 0.0637 0.0636 0.0637 0.0636 0.0635 0.0636 0.0639 0.0636 0.0636 0.0636 0.0635 0.0635 0.0635 0.0635 0.0635 0.0636 0.0636 0.0636 0.0635 0.0636 0.0636 0.0636 0.0635 0.0635 0.0634 0.0634 0.0633 0.0633 0.0633 0.0633 0.0633 0.0633 0.0633 0.0633 0.0634 0.0633 0.0635 0.0636 0.0637 0.0637 0.0641 0.0642 0.0643 0.0642 0.0643 0.0645 0.0645 0.0647 0.0645 0.0646 0.0649 0.0649 0.0650 0.0649 0.0650 0.0645 0.0644 0.0643
0.1019 0.1469 0.4022 1.0000 0.4053 0.1405 0.1419 0.1367 0.1150 0.1148 0.1204 0.0998 0.0905 0.0999 0.0803 0.0975 0.1392 0.0960 0.0876 0.1225 0.1189 0.0855 0.0876 0.0808 0.0736 0.0705 0.0681 0.0669 0.0662 0.0652 0.0661 0.0650 0.0645 0.0645 0.0650 0.0659 0.0653 0.0648 0.0655 0.0649 0.0645 0.0644 0.0648 0.0649 0.0662 0.0694 0.0704 0.0730 0.0687 0.0712 0.0671 0.0671 0.0659 0.0661 0.0675 0.0667 0.0666 0.0653 0.0652 0.0650 0.0652 0.0654 0.0659 0.0657 0.0650 0.0644 0.0644 0.0648 0.0650 0.0660 0.0657 0.0665 0.0670 0.0666 0.0671 0.0659 0.0652 0.0648 0.0641 0.0640 0.0641 0.0644 0.0650 0.0657 0.0654 0.0656 0.0654 0.0653 0.0649 0.0644 0.0645 0.0640 0.0640 0.0640 0.0640 0.0640 0.0645 0.0642 0.0644 0.0644 0.0644 0.0641 0.0640 0.0639 0.0639 0.0639 0.0637 0.0637 0.0636 0.0637 0.0635 0.0634 0.0636 0.0636 0.0640 0.0639 0.0643 0.0641 0.0644 0.0642 0.0640 0.0640 0.0636 0.0638 0.0636 0.0637 0.0641 0.0638 0.0637 0.0639 0.0638 0.0638 0.0640 0.0637 0.0636 0.0635 0.0633 0.0633 0.0635 0.0635 0.0639 0.0638 0.0637 0.0638 0.0637 0.0640 0.0639 0.0637 0.0637 0.0639 0.0639 0.0641 0.0641 0.0643 0.0641 0.0644 0.0644 0.0640 0.0641 0.0641 0.0637 0.0638 0.0639 0.0638 0.0638 0.0638 0.0641 0.0641 0.0639 0.0638 0.0636 0.0637 0.0635 0.0636 0.0636 0.0636 0.0638 0.0637 0.0639 0.0639 0.0639 0.0638 0.0640 0.0639 0.0640 0.0641 0.0641 0.0640 0.0637 0.0637 0.0637 0.0640 0.0637 0.0639 0.0645 0.0640 0.0642 0.0640 0.0641 0.0639 0.0637 0.0636 0.0636 0.0638 0.0637 0.0637 0.0636 0.0636 0.0638 0.0636 0.0637 0.0638 0.0636 0.0637 0.0637 0.0635 0.0635 0.0635 0.0634 0.0633 0.0634 0.0634 0.0636 0.0636 0.0637 0.0640 0.0642 0.0642 0.0649 0.0650 0.0651 0.0647 0.0650 0.0654 0.0654 0.0659 0.0654 0.0652 0.0655 0.0655 0.0659 0.0658 0.0661 0.0649 0.0647 0.0645
0.0856 0.1127 0.1754 0.4053 1.0000 0.4116 0.1484 0.1299 0.1020 0.1022 0.1005 0.0899 0.0808 0.0835 0.0708 0.0805 0.1012 0.0762 0.0724 0.0936 0.0886 0.0716 0.0729 0.0715 0.0684 0.0669 0.0661 0.0655 0.0651 0.0644 0.0649 0.0644 0.0641 0.0641 0.0644 0.0647 0.0645 0.0642 0.0645 0.0642 0.0640 0.0641 0.0644 0.0645 0.0653 0.0674 0.0677 0.0691 0.0662 0.0685 0.0653 0.0662 0.0649 0.0650 0.0656 0.0654 0.0650 0.0648 0.0648 0.0648 0.0650 0.0650 0.0649 0.0648 0.0644 0.0641 0.0642 0.0642 0.0642 0.0649 0.0643 0.0651 0.0651 0.0655 0.0656 0.0651 0.0648 0.0645 0.0640 0.0639 0.0639 0.0640 0.0643 0.0645 0.0648 0.0645 0.0645 0.0644 0.0642 0.0640 0.0640 0.0637 0.0637 0.0638 0.0638 0.0639 0.0641 0.0641 0.0641 0.0641 0.0641 0.0640 0.0640 0.0639 0.0637 0.0637 0.0635 0.0635 0.0635 0.0635 0.0634 0.0633 0.0634 0.0633 0.0635 0.0634 0.0636 0.0635 0.0637 0.0637 0.0639 0.0639 0.0637 0.0637 0.0635 0.0636 0.0637 0.0636 0.0636 0.0636 0.0636 0.0636 0.0636 0.0637 0.0635 0.0634 0.0633 0.0633 0.0633 0.0634 0.0636 0.0636 0.0636 0.0636 0.0637 0.0638 0.0637 0.0636 0.0636 0.0637 0.0637 0.0638 0.0638 0.0639 0.0637 0.0640 0.0640 0.0637 0.0638 0.0638 0.0636 0.0637 0.0637 0.0636 0.0637 0.0637 0.0639 0.0639 0.0637 0.0636 0.0635 0.0635 0.0635 0.0635 0.0636 0.0635 0.0636 0.0635 0.0636 0.0636 0.0636 0.0636 0.0636 0.0636 0.0638 0.0639 0.0639 0.0637 0.0636 0.0636 0.0635 0.0637 0.0635 0.0636 0.0638 0.0636 0.0636 0.0636 0.0637 0.0636 0.0635 0.0635 0.0635 0.0636 0.0636 0.0636 0.0636 0.0636 0.0636 0.0636 0.0636 0.0635 0.0635 0.0635 0.0635 0.0634 0.0634 0.0633 0.0633 0.0633 0.0634 0.0634 0.0636 0.0635 0.0636 0.0637 0.0638 0.0639 0.0642 0.0645 0.0647 0.0646 0.0649 0.0651 0.0652 0.0653 0.0650 0.0649 0.0652 0.0652 0.0653 0.0652 0.0653 0.0646 0.0643 0.0642
0.0952 0.1387 0.1777 0.1405 0.4116 1.0000 0.4485 0.1528 0.1094 0.1049 0.0994 0.0861 0.0782 0.0778 0.0689 0.0791 0.0936 0.0719 0.0708 0.0891 0.0834 0.0694 0.0707 0.0697 0.0671 0.0665 0.0659 0.0653 0.0648 0.0644 0.0648 0.0643 0.0641 0.0640 0.0644 0.0646 0.0645 0.0642 0.0643 0.0642 0.0640 0.0640 0.0642 0.0644 0.0649 0.0663 0.0664 0.0677 0.0657 0.0680 0.0652 0.0663 0.0650 0.0650 0.0655 0.0653 0.0650 0.0647 0.0647 0.0648 0.0652 0.0652 0.0651 0.0648 0.0644 0.0642 0.0642 0.0642 0.0642 0.0643 0.0641 0.0645 0.0646 0.0650 0.0653 0.0652 0.0651 0.0649 0.0642 0.0641 0.0641 0.0640 0.0642 0.0644 0.0646 0.0644 0.0644 0.0642 0.0641 0.0639 0.0639 0.0637 0.0637 0.0638 0.0639 0.0640 0.0642 0.0641 0.0642 0.0641 0.0641 0.0641 0.0640 0.0639 0.0637 0.0637 0.0636 0.0635 0.0635 0.0635 0.0633 0.0633 0.0634 0.0634 0.0634 0.0634 0.0635 0.0635 0.0638 0.0637 0.0639 0.0640 0.0638 0.0638 0.0636 0.0637 0.0638 0.0637 0.0636 0.0636 0.0636 0.0635 0.0636 0.0636 0.0635 0.0634 0.0633 0.0633 0.0635 0.0635 0.0637 0.0637 0.0636 0.0637 0.0637 0.0637 0.0637 0.0635 0.0636 0.0637 0.0637 0.0639 0.0639 0.0639 0.0638 0.0640 0.0640 0.0638 0.0639 0.0639 0.0636 0.0637 0.0637 0.0637 0.0636 0.0637 0.0639 0.0639 0.0638 0.0637 0.0636 0.0635 0.0635 0.0635 0.0635 0.0636 0.0637 0.0636 0.0636 0.0636 0.0636 0.0636 0.0637 0.0636 0.0637 0.0638 0.0638 0.0637 0.0635 0.0635 0.0636 0.0636 0.0635 0.0636 0.0637 0.0635 0.0635 0.0635 0.0635 0.0635 0.0635 0.0634 0.0635 0.0635 0.0635 0.0636 0.0636 0.0636 0.0636 0.0636 0.0636 0.0636 0.0635 0.0634 0.0635 0.0634 0.0634 0.0634 0.0634 0.0633 0.0634 0.0634 0.0635 0.0636 0.0637 0.0637 0.0639 0.0639 0.0642 0.0645 0.0648 0.0647 0.0650 0.0653 0.0654 0.0654 0.0650 0.0650 0.0653 0.0653 0.0654 0.0652 0.0652 0.0646 0.0644 0.0641
0.0883 0.1207 0.1306 0.1419 0.1484 0.4485 1.0000 0.4820 0.1543 0.1291 0.1177 0.0931 0.0826 0.0793 0.0714 0.0891 0.1103 0.0777 0.0766 0.1044 0.0924 0.0736 0.0742 0.0711 0.0677 0.0665 0.0657 0.0652 0.0647 0.0642 0.0646 0.0642 0.0640 0.0640 0.0642 0.0645 0.0645 0.0642 0.0644 0.0641 0.0640 0.0640 0.0644 0.0644 0.0652 0.0668 0.0673 0.0693 0.0669 0.0703 0.0662 0.0677 0.0655 0.0651 0.0657 0.0654 0.0652 0.0649 0.0649 0.0650 0.0653 0.0655 0.0654 0.0651 0.0644 0.0641 0.0642 0.0644 0.0644 0.0650 0.0642 0.0652 0.0646 0.0652 0.0653 0.0653 0.0651 0.0650 0.0643 0.0641 0.0642 0.0641 0.0642 0.0643 0.0644 0.0642 0.0642 0.0642 0.0640 0.0639 0.0640 0.0637 0.0636 0.0637 0.0638 0.0639 0.0641 0.0640 0.0642 0.0641 0.0640 0.0640 0.0638 0.0637 0.0636 0.0636 0.0636 0.0635 0.0634 0.0635 0.0633 0.0633 0.0634 0.0634 0.0635 0.0634 0.0636 0.0635 0.0637 0.0638 0.0640 0.0641 0.0639 0.0639 0.0638 0.0639 0.0639 0.0637 0.0636 0.0636 0.0635 0.0635 0.0635 0.0635 0.0635 0.0634 0.0633 0.0633 0.0634 0.0635 0.0636 0.0636 0.0636 0.0636 0.0636 0.0637 0.0637 0.0635 0.0636 0.0637 0.0637 0.0638 0.0639 0.0639 0.0638 0.0640 0.0639 0.0637 0.0639 0.0639 0.0636 0.0637 0.0637 0.0637 0.0637 0.0637 0.0639 0.0639 0.0639 0.0637 0.0636 0.0636 0.0635 0.0635 0.0636 0.0636 0.0637 0.0636 0.0636 0.0636 0.0636 0.0636 0.0637 0.0636 0.0636 0.0637 0.0637 0.0637 0.0636 0.0636 0.0636 0.0636 0.0635 0.0635 0.0636 0.0635 0.0635 0.0635 0.0635 0.0635 0.0635 0.0634 0.0634 0.0635 0.0635 0.0636 0.0636 0.0636 0.0636 0.0635 0.0636 0.0636 0.0635 0.0634 0.0634 0.0634 0.0634 0.0634 0.0634 0.0634 0.0634 0.0634 0.0635 0.0635 0.0636 0.0637 0.0637 0.0637 0.0641 0.0644 0.0647 0.0646 0.0649 0.0653 0.0654 0.0656 0.0653 0.0652 0.0654 0.0654 0.0655 0.0652 0.0652 0.0647 0.0644 0.0642
0.0857 0.1123 0.1171 0.1367 0.1299 0.1528 0.4820 1.0000 0.4417 0.1572 0.1436 0.1037 0.0885 0.0855 0.0753 0.1002 0.1350 0.0870 0.0857 0.1234 0.1057 0.0783 0.0789 0.0738 0.0688 0.0672 0.0661 0.0655 0.0648 0.0644 0.0649 0.0643 0.0640 0.0640 0.0644 0.0649 0.0648 0.0644 0.0646 0.0644 0.0642 0.0641 0.0647 0.0648 0.0657 0.0684 0.0690 0.0717 0.0685 0.0720 0.0673 0.0683 0.0659 0.0654 0.0658 0.0655 0.0657 0.0651 0.0650 0.0650 0.0654 0.0660 0.0658 0.0658 0.0646 0.0643 0.0644 0.0646 0.0646 0.0653 0.0645 0.0654 0.0652 0.0657 0.0658 0.0657 0.0653 0.0651 0.0644 0.0642 0.0642 0.0642 0.0644 0.0646 0.0648 0.0645 0.0645 0.0645 0.0642 0.0642 0.0642 0.0639 0.0639 0.0639 0.0639 0.0639 0.0642 0.0641 0.0643 0.0641 0.0642 0.0641 0.0639 0.0638 0.0639 0.0638 0.0638 0.0636 0.0635 0.0635 0.0634 0.0634 0.0635 0.0634 0.0636 0.0635 0.0637 0.0636 0.0639 0.0639 0.0641 0.0641 0.0639 0.0640 0.0639 0.0640 0.0641 0.0639 0.0637 0.0638 0.0636 0.0635 0.0635 0.0635 0.0635 0.0635 0.0633 0.0634 0.0635 0.0635 0.0637 0.0637 0.0637 0.0637 0.0637 0.0639 0.0639 0.0636 0.0637 0.0639 0.0638 0.0639 0.0640 0.0640 0.0637 0.0640 0.0640 0.0637 0.0639 0.0640 0.0636 0.0638 0.0639 0.0637 0.0637 0.0638 0.0640 0.0640 0.0640 0.0639 0.0638 0.0637 0.0636 0.0637 0.0637 0.0637 0.0638 0.0637 0.0638 0.0639 0.0639 0.0639 0.0640 0.0638 0.0638 0.0639 0.0639 0.0638 0.0636 0.0636 0.0636 0.0636 0.0635 0.0635 0.0638 0.0636 0.0637 0.0637 0.0636 0.0636 0.0636 0.0635 0.0635 0.0636 0.0637 0.0637 0.0636 0.0636 0.0637 0.0636 0.0636 0.0636 0.0635 0.0635 0.0635 0.0634 0.0635 0.0635 0.0634 0.0634 0.0634 0.0634 0.0635 0.0635 0.0636 0.0638 0.0639 0.0639 0.0643 0.0645 0.0648 0.0646 0.0650 0.0653 0.0655 0.0658 0.0653 0.0653 0.0657 0.0656 0.0658 0.0655 0.0654 0.0649 0.0644 0.0642
0.0840 0.1005 0.1001 0.1150 0.1020 0.1094 0.1543 0.4417 1.0000 0.4414 0.1468 0.1092 0.0905 0.0819 0.0738 0.0991 0.1210 0.0806 0.0818 0.1137 0.0934 0.0740 0.0742 0.0698 0.0672 0.0659 0.0653 0.0650 0.0643 0.0640 0.0642 0.0639 0.0636 0.0636 0.0640 0.0643 0.0642 0.0641 0.0643 0.0641 0.0641 0.0640 0.0644 0.0644 0.0650 0.0670 0.0672 0.0691 0.0665 0.0694 0.0659 0.0670 0.0652 0.0650 0.0653 0.0651 0.0652 0.0649 0.0649 0.0649 0.0653 0.0657 0.0653 0.0655 0.0643 0.0641 0.0641 0.0641 0.0641 0.0644 0.0640 0.0645 0.0642 0.0646 0.0647 0.0648 0.0647 0.0646 0.0641 0.0640 0.0640 0.0639 0.0640 0.0640 0.0642 0.0641 0.0641 0.0641 0.0638 0.0640 0.0639 0.0637 0.0637 0.0637 0.0637 0.0637 0.0639 0.0639 0.0640 0.0640 0.0640 0.0639 0.0637 0.0636 0.0637 0.0637 0.0636 0.0634 0.0634 0.0634 0.0634 0.0633 0.0634 0.0633 0.0634 0.0634 0.0634 0.0635 0.0637 0.0638 0.0640 0.0640 0.0638 0.0639 0.0637 0.0639 0.0639 0.0639 0.0637 0.0636 0.0635 0.0634 0.0634 0.0634 0.0634 0.0633 0.0633 0.0633 0.0633 0.0633 0.0635 0.0635 0.0635 0.0635 0.0636 0.0637 0.0636 0.0635 0.0635 0.0637 0.0636 0.0636 0.0636 0.0636 0.0635 0.0637 0.0637 0.0636 0.0637 0.0637 0.0635 0.0637 0.0637 0.0637 0.0636 0.0636 0.0639 0.0638 0.0638 0.0637 0.0636 0.0636 0.0635 0.0635 0.0636 0.0636 0.0636 0.0636 0.0636 0.0637 0.0637 0.0637 0.0638 0.0637 0.0638 0.0637 0.0637 0.0637 0.0635 0.0636 0.0636 0.0635 0.0635 0.0635 0.0636 0.0635 0.0635 0.0635 0.0635 0.0635 0.0634 0.0634 0.0634 0.0635 0.0635 0.0635 0.0635 0.0635 0.0636 0.0634 0.0634 0.0635 0.0635 0.0633 0.0635 0.0634 0.0634 0.0634 0.0634 0.0633 0.0634 0.0633 0.0634 0.0633 0.0634 0.0636 0.0636 0.0637 0.0641 0.0643 0.0645 0.0644 0.0648 0.0650 0.0653 0.0656 0.0652 0.0652 0.0655 0.0655 0.0657 0.0653 0.0653 0.0648 0.0644 0.0641
0.0847 0.1004 0.1000 0.1148 0.1022 0.1049 0.1291 0.1572 0.4414 1.0000 0.4409 0.1436 0.1089 0.0910 0.0800 0.1171 0.1305 0.0818 0.0835 0.1099 0.0873 0.0705 0.0713 0.0680 0.0664 0.0653 0.0648 0.0646 0.0642 0.0640 0.0642 0.0638 0.0636 0.0636 0.0639 0.0641 0.0641 0.0639 0.0641 0.0640 0.0639 0.0639 0.0642 0.0644 0.0650 0.0670 0.0672 0.0690 0.0661 0.0685 0.0653 0.0660 0.0649 0.0646 0.0649 0.0648 0.0648 0.0646 0.0648 0.0647 0.0650 0.0652 0.0649 0.0652 0.0643 0.0641 0.0641 0.0640 0.0638 0.0640 0.0637 0.0641 0.0640 0.0644 0.0644 0.0644 0.0644 0.0644 0.0639 0.0639 0.0640 0.0639 0.0640 0.0641 0.0641 0.0640 0.0641 0.0641 0.0639 0.0639 0.0638 0.0637 0.0636 0.0637 0.0636 0.0636 0.0637 0.0637 0.0639 0.0639 0.0639 0.0637 0.0636 0.0635 0.0636 0.0636 0.0634 0.0633 0.0633 0.0634 0.0633 0.0632 0.0633 0.0632 0.0634 0.0633 0.0634 0.0634 0.0636 0.0637 0.0637 0.0637 0.0636 0.0635 0.0635 0.0636 0.0635 0.0636 0.0635 0.0635 0.0633 0.0633 0.0633 0.0633 0.0633 0.0633 0.0632 0.0632 0.0633 0.0633 0.0635 0.0636 0.0635 0.0635 0.0636 0.0636 0.0636 0.0635 0.0635 0.0635 0.0635 0.0635 0.0636 0.0636 0.0635 0.0636 0.0636 0.0635 0.0636 0.0636 0.0634 0.0635 0.0636 0.0636 0.0636 0.0637 0.0637 0.0637 0.0636 0.0636 0.0635 0.0635 0.0635 0.0635 0.0635 0.0635 0.0636 0.0635 0.0636 0.0636 0.0636 0.0636 0.0637 0.0636 0.0637 0.0638 0.0636 0.0636 0.0635 0.0634 0.0635 0.0635 0.0634 0.0634 0.0635 0.0634 0.0634 0.0634 0.0634 0.0634 0.0634 0.0633 0.0633 0.0634 0.0635 0.0635 0.0635 0.0635 0.0635 0.0635 0.0634 0.0634 0.0634 0.0633 0.0634 0.0633 0.0633 0.0633 0.0633 0.0633 0.0633 0.0633 0.0633 0.0632 0.0633 0.0634 0.0635 0.0636 0.0640 0.0642 0.0643 0.0641 0.0646 0.0648 0.0650 0.0652 0.0651 0.0650 0.0653 0.0654 0.0657 0.0653 0.0652 0.0648 0.0644 0.0642
0.0814 0.0988 0.0978 0.1204 0.1005 0.0994 0.1177 0.1436 0.1468 0.4409 1.0000 0.4179 0.1511 0.1219 0.1085 0.1902 0.2065 0.1055 0.1058 0.1358 0.1021 0.0774 0.0776 0.0708 0.0682 0.0662 0.0655 0.0652 0.0643 0.0637 0.0641 0.0637 0.0635 0.0635 0.0637 0.0637 0.0636 0.0635 0.0637 0.0637 0.0636 0.0638 0.0642 0.0644 0.0652 0.0677 0.0677 0.0694 0.0659 0.0677 0.0648 0.0652 0.0643 0.0643 0.0645 0.0645 0.0645 0.0643 0.0645 0.0645 0.0648 0.0649 0.0645 0.0646 0.0640 0.0639 0.0639 0.0637 0.0636 0.0637 0.0635 0.0642 0.0640 0.0643 0.0644 0.0644 0.0643 0.0643 0.0639 0.0637 0.0639 0.0639 0.0640 0.0640 0.0640 0.0638 0.0640 0.0639 0.0637 0.0638 0.0636 0.0636 0.0635 0.0635 0.0635 0.0635 0.0636 0.0635 0.0635 0.0635 0.0636 0.0635 0.0634 0.0634 0.0634 0.0635 0.0634 0.0633 0.0633 0.0633 0.0632 0.0631 0.0632 0.0631 0.0633 0.0632 0.0633 0.0633 0.0634 0.0635 0.0636 0.0636 0.0634 0.0633 0.0633 0.0634 0.0634 0.0634 0.0633 0.0633 0.0633 0.0633 0.0633 0.0633 0.0633 0.0632 0.0632 0.0632 0.0632 0.0632 0.0635 0.0635 0.0635 0.0634 0.0634 0.0635 0.0635 0.0633 0.0633 0.0634 0.0634 0.0635 0.0634 0.0635 0.0634 0.0634 0.0635 0.0634 0.0635 0.0635 0.0634 0.0634 0.0635 0.0634 0.0634 0.0635 0.0635 0.0636 0.0635 0.0634 0.0634 0.0633 0.0633 0.0633 0.0635 0.0634 0.0634 0.0634 0.0635 0.0635 0.0634 0.0634 0.0634 0.0634 0.0635 0.0635 0.0635 0.0634 0.0634 0.0633 0.0633 0.0633 0.0633 0.0633 0.0633 0.0632 0.0632 0.0632 0.0632 0.0632 0.0633 0.0632 0.0632 0.0633 0.0634 0.0635 0.0634 0.0634 0.0634 0.0633 0.0633 0.0632 0.0632 0.0632 0.0633 0.0631 0.0631 0.0632 0.0632 0.0631 0.0632 0.0632 0.0632 0.0631 0.0632 0.0633 0.0633 0.0633 0.0636 0.0637 0.0639 0.0638 0.0641 0.0644 0.0645 0.0647 0.0646 0.0645 0.0650 0.0650 0.0652 0.0649 0.0648 0.0644 0.0641 0.0640
0.0780 0.0859 0.0871 0.0998 0.0899 0.0861 0.0931 0.1037 0.1092 0.1436 0.4179 1.0000 0.4161 0.1268 0.1119 0.1683 0.1429 0.0922 0.0912 0.0971 0.0785 0.0676 0.0682 0.0657 0.0651 0.0643 0.0641 0.0640 0.0636 0.0635 0.0636 0.0635 0.0633 0.0633 0.0634 0.0633 0.0634 0.0633 0.0634 0.0635 0.0635 0.0636 0.0640 0.0641 0.0644 0.0659 0.0654 0.0662 0.0644 0.0655 0.0640 0.0643 0.0639 0.0638 0.0639 0.0640 0.0639 0.0639 0.0640 0.0640 0.0642 0.0641 0.0640 0.0639 0.0636 0.0636 0.0636 0.0635 0.0633 0.0635 0.0633 0.0636 0.0635 0.0639 0.0639 0.0640 0.0639 0.0640 0.0637 0.0636 0.0636 0.0635 0.0634 0.0634 0.0636 0.0634 0.0637 0.0635 0.0635 0.0635 0.0634 0.0634 0.0634 0.0634 0.0634 0.0634 0.0635 0.0634 0.0634 0.0634 0.0634 0.0634 0.0634 0.0633 0.0633 0.0633 0.0632 0.0632 0.0632 0.0632 0.0631 0.0631 0.0631 0.0630 0.0631 0.0631 0.0632 0.0632 0.0633 0.0635 0.0636 0.0635 0.0633 0.0633 0.0632 0.0632 0.0633 0.0633 0.0633 0.0632 0.0632 0.0632 0.0633 0.0633 0.0633 0.0633 0.0632 0.0632 0.0632 0.0632 0.0634 0.0633 0.0633 0.0633 0.0633 0.0634 0.0633 0.0632 0.0633 0.0634 0.0633 0.0634 0.0634 0.0634 0.0633 0.0634 0.0634 0.0633 0.0634 0.0634 0.0633 0.0634 0.0634 0.0634 0.0633 0.0634 0.0634 0.0634 0.0634 0.0633 0.0633 0.0633 0.0632 0.0633 0.0633 0.0634 0.0634 0.0633 0.0633 0.0633 0.0632 0.0632 0.0633 0.0633 0.0633 0.0634 0.0634 0.0634 0.0633 0.0633 0.0632 0.0632 0.0631 0.0632 0.0632 0.0631 0.0631 0.0631 0.0631 0.0632 0.0631 0.0631 0.0631 0.0632 0.0633 0.0633 0.0633 0.0633 0.0634 0.0633 0.0631 0.0631 0.0631 0.0631 0.0631 0.0631 0.0631 0.0631 0.0631 0.0630 0.0630 0.0630 0.0630 0.0630 0.0631 0.0632 0.0632 0.0633 0.0633 0.0636 0.0636 0.0636 0.0639 0.0641 0.0641 0.0643 0.0642 0.0642 0.0644 0.0645 0.0646 0.0645 0.0643 0.0641 0.0639 0.0638
0.0755 0.0812 0.0807 0.0905 0.0808 0.0782 0.0826 0.0885 0.0905 0.1089 0.1511 0.4161 1.0000 0.4151 0.1948 0.2206 0.1543 0.1111 0.1063 0.0970 0.0798 0.0688 0.0695 0.0658 0.0667 0.0649 0.0644 0.0642 0.0635 0.0633 0.0633 0.0633 0.0632 0.0633 0.0633 0.0633 0.0632 0.0632 0.0634 0.0634 0.0634 0.0635 0.0637 0.0640 0.0642 0.0657 0.0648 0.0654 0.0639 0.0648 0.0637 0.0640 0.0636 0.0636 0.0639 0.0637 0.0635 0.0635 0.0635 0.0636 0.0639 0.0637 0.0637 0.0636 0.0634 0.0633 0.0633 0.0633 0.0632 0.0633 0.0631 0.0634 0.0633 0.0637 0.0636 0.0639 0.0638 0.0639 0.0636 0.0635 0.0633 0.0634 0.0631 0.0632 0.0632 0.0631 0.0634 0.0632 0.0632 0.0632 0.0632 0.0632 0.0633 0.0633 0.0632 0.0633 0.0632 0.0633 0.0633 0.0633 0.0633 0.0633 0.0633 0.0632 0.0632 0.0631 0.0631 0.0631 0.0631 0.0631 0.0630 0.0630 0.0631 0.0630 0.0630 0.0631 0.0631 0.0630 0.0632 0.0632 0.0633 0.0633 0.0632 0.0632 0.0631 0.0632 0.0632 0.0631 0.0631 0.0631 0.0631 0.0631 0.0631 0.0632 0.0632 0.0632 0.0632 0.0631 0.0632 0.0632 0.0633 0.0633 0.0633 0.0632 0.0632 0.0632 0.0632 0.0632 0.0632 0.0632 0.0632 0.0632 0.0632 0.0632 0.0632 0.0632 0.0633 0.0632 0.0632 0.0633 0.0632 0.0633 0.0633 0.0632 0.0632 0.0632 0.0633 0.0633 0.0633 0.0632 0.0632 0.0631 0.0631 0.0631 0.0632 0.0632 0.0633 0.0632 0.0632 0.0632 0.0631 0.0632 0.0632 0.0632 0.0632 0.0633 0.0633 0.0633 0.0632 0.0631 0.0630 0.0630 0.0630 0.0631 0.0631 0.0630 0.0630 0.0630 0.0630 0.0630 0.0630 0.0630 0.0631 0.0631 0.0632 0.0632 0.0633 0.0632 0.0632 0.0632 0.0630 0.0630 0.0629 0.0630 0.0631 0.0631 0.0630 0.0630 0.0630 0.0630 0.0630 0.0630 0.0630 0.0630 0.0631 0.0631 0.0632 0.0632 0.0632 0.0633 0.0633 0.0633 0.0634 0.0635 0.0636 0.0636 0.0636 0.0636 0.0639 0.0639 0.0640 0.0641 0.0640 0.0637 0.0637 0.0636
0.0800 0.0886 0.0860 0.0999 0.0835 0.0778 0.0793 0.0855 0.0819 0.0910 0.1219 0.1268 0.4151 1.0000 0.4154 0.1444 0.1865 0.1560 0.1045 0.0928 0.0912 0.0765 0.0784 0.0730 0.0747 0.0703 0.0689 0.0680 0.0655 0.0645 0.0645 0.0641 0.0637 0.0637 0.0636 0.0636 0.0635 0.0635 0.0637 0.0639 0.0639 0.0642 0.0647 0.0652 0.0666 0.0703 0.0692 0.0704 0.0662 0.0676 0.0646 0.0650 0.0641 0.0641 0.0645 0.0642 0.0640 0.0637 0.0639 0.0640 0.0642 0.0643 0.0644 0.0642 0.0640 0.0637 0.0638 0.0637 0.0635 0.0639 0.0634 0.0642 0.0640 0.0651 0.0648 0.0650 0.0648 0.0645 0.0642 0.0640 0.0641 0.0642 0.0639 0.0640 0.0640 0.0637 0.0639 0.0635 0.0635 0.0636 0.0634 0.0633 0.0634 0.0634 0.0633 0.0633 0.0634 0.0633 0.0634 0.0634 0.0634 0.0634 0.0634 0.0633 0.0633 0.0633 0.0633 0.0632 0.0632 0.0633 0.0632 0.0632 0.0632 0.0631 0.0632 0.0632 0.0631 0.0631 0.0633 0.0633 0.0635 0.0635 0.0633 0.0633 0.0632 0.0635 0.0635 0.0634 0.0633 0.0632 0.0632 0.0633 0.0633 0.0634 0.0635 0.0635 0.0634 0.0635 0.0635 0.0635 0.0636 0.0636 0.0636 0.0635 0.0635 0.0635 0.0635 0.0633 0.0633 0.0633 0.0633 0.0634 0.0634 0.0634 0.0633 0.0634 0.0634 0.0633 0.0633 0.0634 0.0633 0.0634 0.0634 0.0633 0.0633 0.0633 0.0634 0.0634 0.0633 0.0633 0.0632 0.0632 0.0632 0.0633 0.0633 0.0633 0.0633 0.0633 0.0633 0.0633 0.0633 0.0633 0.0633 0.0633 0.0634 0.0634 0.0635 0.0635 0.0633 0.0633 0.0632 0.0632 0.0632 0.0632 0.0634 0.0632 0.0632 0.0631 0.0631 0.0631 0.0631 0.0632 0.0632 0.0632 0.0633 0.0633 0.0634 0.0634 0.0633 0.0633 0.0632 0.0631 0.0631 0.0631 0.0631 0.0631 0.0630 0.0631 0.0631 0.0630 0.0631 0.0630 0.0631 0.0630 0.0631 0.0632 0.0632 0.0633 0.0633 0.0635 0.0634 0.0635 0.0636 0.0636 0.0637 0.0639 0.0639 0.0640 0.0641 0.0642 0.0643 0.0644 0.0644 0.0641 0.0641 0.0639
0.0711 0.0754 0.0722 0.0803 0.0708 0.0689 0.0714 0.0753 0.0738 0.0800 0.1085 0.1119 0.1948 0.4154 1.0000 0.4157 0.1429 0.1717 0.1540 0.1020 0.0896 0.0830 0.0802 0.0730 0.0741 0.0685 0.0671 0.0662 0.0644 0.0637 0.0636 0.0635 0.0634 0.0633 0.0632 0.0632 0.0633 0.0632 0.0634 0.0636 0.0636 0.0640 0.0645 0.0649 0.0655 0.0680 0.0666 0.0668 0.0641 0.0648 0.0636 0.0639 0.0635 0.0635 0.0636 0.0634 0.0633 0.0632 0.0634 0.0634 0.0636 0.0636 0.0636 0.0636 0.0635 0.0633 0.0633 0.0633 0.0632 0.0632 0.0631 0.0633 0.0632 0.0639 0.0637 0.0642 0.0640 0.0639 0.0636 0.0635 0.0635 0.0635 0.0633 0.0634 0.0634 0.0633 0.0634 0.0632 0.0631 0.0631 0.0631 0.0631 0.0632 0.0632 0.0631 0.0631 0.0632 0.0632 0.0633 0.0633 0.0633 0.0633 0.0633 0.0632 0.0632 0.0632 0.0631 0.0632 0.0631 0.0631 0.0631 0.0631 0.0631 0.0631 0.0630 0.0632 0.0631 0.0631 0.0632 0.0631 0.0632 0.0632 0.0631 0.0631 0.0631 0.0632 0.0632 0.0632 0.0632 0.0632 0.0632 0.0632 0.0632 0.0633 0.0633 0.0633 0.0632 0.0633 0.0633 0.0633 0.0633 0.0634 0.0634 0.0634 0.0633 0.0633 0.0632 0.0632 0.0632 0.0633 0.0633 0.0633 0.0633 0.0633 0.0632 0.0633 0.0633 0.0632 0.0632 0.0632 0.0632 0.0632 0.0633 0.0632 0.0632 0.0632 0.0632 0.0632 0.0632 0.0631 0.0631 0.0631 0.0631 0.0631 0.0632 0.0631 0.0632 0.0632 0.0631 0.0631 0.0632 0.0632 0.0631 0.0631 0.0632 0.0632 0.0632 0.0632 0.0632 0.0631 0.0631 0.0631 0.0630 0.0631 0.0632 0.0631 0.0631 0.0631 0.0630 0.0630 0.0631 0.0630 0.0630 0.0630 0.0631 0.0632 0.0632 0.0632 0.0632 0.0632 0.0630 0.0630 0.0630 0.0630 0.0630 0.0631 0.0630 0.0630 0.0630 0.0629 0.0630 0.0629 0.0630 0.0630 0.0631 0.0631 0.0631 0.0631 0.0632 0.0633 0.0633 0.0633 0.0633 0.0633 0.0634 0.0635 0.0635 0.0635 0.0636 0.0636 0.0638 0.0639 0.0637 0.0635 0.0636 0.0635
0.0740 0.0848 0.0807 0.0975 0.0805 0.0791 0.0891 0.1002 0.0991 0.1171 0.1902 0.1683 0.2206 0.1444 0.4157 1.0000 0.4136 0.1420 0.1789 0.1542 0.1038 0.0874 0.0867 0.0746 0.0698 0.0666 0.0652 0.0646 0.0639 0.0636 0.0639 0.0635 0.0633 0.0635 0.0634 0.0634 0.0633 0.0633 0.0635 0.0635 0.0636 0.0638 0.0641 0.0645 0.0652 0.0676 0.0668 0.0669 0.0646 0.0652 0.0640 0.0639 0.0637 0.0637 0.0639 0.0636 0.0635 0.0635 0.0636 0.0636 0.0637 0.0637 0.0638 0.0639 0.0636 0.0635 0.0635 0.0634 0.0633 0.0634 0.0632 0.0636 0.0634 0.0644 0.0642 0.0649 0.0644 0.0642 0.0636 0.0635 0.0636 0.0636 0.0635 0.0636 0.0638 0.0635 0.0640 0.0635 0.0636 0.0634 0.0633 0.0633 0.0633 0.0633 0.0633 0.0633 0.0633 0.0633 0.0634 0.0634 0.0634 0.0634 0.0633 0.0633 0.0632 0.0632 0.0632 0.0632 0.0632 0.0631 0.0631 0.0631 0.0632 0.0631 0.0631 0.0632 0.0632 0.0631 0.0633 0.0632 0.0632 0.0633 0.0632 0.0632 0.0631 0.0632 0.0633 0.0632 0.0633 0.0633 0.0632 0.0633 0.0633 0.0633 0.0633 0.0633 0.0633 0.0633 0.0635 0.0634 0.0635 0.0635 0.0635 0.0636 0.0635 0.0635 0.0635 0.0633 0.0633 0.0633 0.0633 0.0633 0.0634 0.0633 0.0633 0.0635 0.0635 0.0633 0.0635 0.0633 0.0633 0.0633 0.0634 0.0634 0.0633 0.0633 0.0633 0.0633 0.0633 0.0632 0.0632 0.0632 0.0632 0.0632 0.0633 0.0633 0.0632 0.0632 0.0632 0.0632 0.0632 0.0632 0.0633 0.0632 0.0632 0.0632 0.0632 0.0633 0.0632 0.0632 0.0632 0.0631 0.0631 0.0631 0.0633 0.0631 0.0631 0.0631 0.0630 0.0630 0.0630 0.0631 0.0631 0.0631 0.0632 0.0632 0.0633 0.0632 0.0633 0.0632 0.0631 0.0631 0.0631 0.0631 0.0631 0.0631 0.0631 0.0630 0.0630 0.0630 0.0630 0.0631 0.0631 0.0630 0.0631 0.0632 0.0633 0.0633 0.0634 0.0637 0.0637 0.0637 0.0637 0.0639 0.0640 0.0641 0.0641 0.0641 0.0643 0.0644 0.0647 0.0646 0.0644 0.0640 0.0638 0.0638
0.0843 0.1088 0.0991 0.1392 0.1012 0.0936 0.1103 0.1350 0.1210 0.1305 0.2065 0.1429 0.1543 0.1865 0.1429 0.4136 1.0000 0.4123 0.1441 0.1729 0.1590 0.1033 0.1069 0.0896 0.0791 0.0738 0.0707 0.0686 0.0660 0.0649 0.0657 0.0645 0.0639 0.0641 0.0640 0.0646 0.0640 0.0640 0.0650 0.0644 0.0642 0.0645 0.0652 0.0662 0.0685 0.0748 0.0751 0.0755 0.0699 0.0709 0.0663 0.0659 0.0649 0.0647 0.0652 0.0644 0.0646 0.0642 0.0644 0.0642 0.0643 0.0644 0.0652 0.0653 0.0648 0.0644 0.0646 0.0644 0.0642 0.0647 0.0642 0.0655 0.0651 0.0679 0.0666 0.0672 0.0658 0.0651 0.0641 0.0640 0.0645 0.0652 0.0650 0.0654 0.0653 0.0646 0.0653 0.0646 0.0645 0.0648 0.0644 0.0640 0.0640 0.0638 0.0636 0.0635 0.0638 0.0635 0.0637 0.0636 0.0637 0.0636 0.0635 0.0634 0.0634 0.0635 0.0635 0.0635 0.0633 0.0633 0.0633 0.0633 0.0634 0.0634 0.0635 0.0636 0.0637 0.0636 0.0642 0.0639 0.0638 0.0638 0.0633 0.0635 0.0633 0.0635 0.0639 0.0636 0.0635 0.0637 0.0637 0.0637 0.0639 0.0637 0.0638 0.0637 0.0637 0.0639 0.0641 0.0640 0.0642 0.0642 0.0640 0.0641 0.0640 0.0639 0.0638 0.0636 0.0635 0.0636 0.0636 0.0638 0.0639 0.0639 0.0637 0.0639 0.0640 0.0636 0.0637 0.0637 0.0634 0.0636 0.0637 0.0636 0.0635 0.0635 0.0636 0.0636 0.0635 0.0635 0.0634 0.0634 0.0634 0.0634 0.0635 0.0635 0.0635 0.0635 0.0636 0.0637 0.0637 0.0636 0.0639 0.0637 0.0637 0.0636 0.0635 0.0634 0.0634 0.0633 0.0634 0.0634 0.0633 0.0635 0.0638 0.0635 0.0634 0.0635 0.0635 0.0635 0.0634 0.0634 0.0633 0.0634 0.0634 0.0634 0.0634 0.0635 0.0636 0.0635 0.0633 0.0635 0.0633 0.0633 0.0633 0.0632 0.0632 0.0632 0.0632 0.0631 0.0632 0.0632 0.0633 0.0632 0.0633 0.0634 0.0635 0.0635 0.0639 0.0642 0.0641 0.0640 0.0641 0.0644 0.0645 0.0649 0.0649 0.0647 0.0651 0.0652 0.0655 0.0657 0.0654 0.0645 0.0643 0.0643
0.0755 0.0873 0.0777 0.0960 0.0762 0.0719 0.0777 0.0870 0.0806 0.0818 0.1055 0.0922 0.1111 0.1560 0.1717 0.1420 0.4123 1.0000 0.4114 0.1393 0.1622 0.1391 0.1406 0.1127 0.1014 0.0875 0.0808 0.0755 0.0697 0.0668 0.0664 0.0650 0.0642 0.0641 0.0640 0.0646 0.0641 0.0643 0.0654 0.0649 0.0652 0.0662 0.0677 0.0693 0.0720 0.0797 0.0784 0.0800 0.0699 0.0716 0.0660 0.0660 0.0646 0.0641 0.0644 0.0639 0.0640 0.0639 0.0640 0.0640 0.0641 0.0641 0.0645 0.0646 0.0642 0.0641 0.0643 0.0642 0.0642 0.0646 0.0641 0.0662 0.0655 0.0700 0.0689 0.0695 0.0675 0.0664 0.0649 0.0646 0.0649 0.0657 0.0653 0.0656 0.0650 0.0643 0.0648 0.0641 0.0641 0.0644 0.0641 0.0637 0.0636 0.0635 0.0634 0.0634 0.0637 0.0635 0.0635 0.0635 0.0636 0.0635 0.0635 0.0635 0.0634 0.0634 0.0635 0.0634 0.0633 0.0634 0.0634 0.0634 0.0635 0.0634 0.0634 0.0636 0.0637 0.0637 0.0641 0.0639 0.0639 0.0637 0.0633 0.0634 0.0633 0.0635 0.0637 0.0636 0.0636 0.0637 0.0637 0.0639 0.0642 0.0641 0.0642 0.0640 0.0640 0.0642 0.0645 0.0644 0.0649 0.0649 0.0644 0.0644 0.0641 0.0641 0.0640 0.0636 0.0637 0.0637 0.0637 0.0639 0.0640 0.0639 0.0639 0.0641 0.0640 0.0638 0.0637 0.0637 0.0634 0.0636 0.0636 0.0635 0.0635 0.0635 0.0636 0.0636 0.0635 0.0634 0.0633 0.0633 0.0633 0.0634 0.0634 0.0634 0.0635 0.0635 0.0635 0.0636 0.0636 0.0636 0.0636 0.0637 0.0637 0.0636 0.0635 0.0633 0.0633 0.0633 0.0633 0.0633 0.0633 0.0634 0.0636 0.0634 0.0634 0.0633 0.0633 0.0634 0.0634 0.0634 0.0633 0.0634 0.0634 0.0635 0.0635 0.0635 0.0636 0.0634 0.0633 0.0634 0.0633 0.0633 0.0632 0.0631 0.0631 0.0632 0.0632 0.0631 0.0632 0.0632 0.0632 0.0632 0.0633 0.0633 0.0635 0.0634 0.0635 0.0637 0.0637 0.0636 0.0637 0.0638 0.0639 0.0641 0.0641 0.0641 0.0644 0.0644 0.0645 0.0647 0.0645 0.0642 0.0640 0.0640
0.0710 0.0797 0.0721 0.0876 0.0724 0.0708 0.0766 0.0857 0.0818 0.0835 0.1058 0.0912 0.1063 0.1045 0.1540 0.1789 0.1441 0.4114 1.0000 0.4182 0.1384 0.1450 0.1225 0.0979 0.0854 0.0764 0.0716 0.0686 0.0657 0.0644 0.0645 0.0639 0.0635 0.0636 0.0635 0.0639 0.0635 0.0636 0.0644 0.0643 0.0645 0.0650 0.0660 0.0670 0.0678 0.0719 0.0702 0.0704 0.0651 0.0662 0.0642 0.0643 0.0639 0.0636 0.0638 0.0635 0.0636 0.0635 0.0636 0.0636 0.0637 0.0637 0.0640 0.0640 0.0637 0.0637 0.0639 0.0638 0.0638 0.0640 0.0637 0.0645 0.0641 0.0668 0.0659 0.0664 0.0657 0.0654 0.0646 0.0644 0.0643 0.0643 0.0641 0.0641 0.0643 0.0636 0.0646 0.0637 0.0637 0.0638 0.0636 0.0634 0.0634 0.0633 0.0633 0.0633 0.0635 0.0634 0.0634 0.0634 0.0635 0.0635 0.0634 0.0634 0.0633 0.0632 0.0633 0.0632 0.0632 0.0633 0.0632 0.0632 0.0633 0.0633 0.0634 0.0634 0.0637 0.0636 0.0641 0.0636 0.0637 0.0636 0.0632 0.0632 0.0632 0.0634 0.0636 0.0634 0.0635 0.0635 0.0635 0.0635 0.0637 0.0637 0.0638 0.0637 0.0636 0.0639 0.0641 0.0642 0.0645 0.0644 0.0642 0.0641 0.0639 0.0639 0.0638 0.0636 0.0635 0.0636 0.0637 0.0639 0.0640 0.0641 0.0640 0.0642 0.0641 0.0638 0.0637 0.0636 0.0635 0.0637 0.0636 0.0635 0.0634 0.0634 0.0635 0.0635 0.0634 0.0633 0.0633 0.0633 0.0633 0.0633 0.0633 0.0633 0.0633 0.0634 0.0635 0.0635 0.0634 0.0634 0.0633 0.0634 0.0635 0.0636 0.0634 0.0633 0.0633 0.0632 0.0632 0.0633 0.0632 0.0633 0.0634 0.0632 0.0632 0.0632 0.0632 0.0632 0.0632 0.0631 0.0632 0.0633 0.0633 0.0633 0.0633 0.0633 0.0634 0.0633 0.0633 0.0633 0.0631 0.0632 0.0632 0.0630 0.0630 0.0630 0.0631 0.0631 0.0631 0.0630 0.0631 0.0631 0.0632 0.0634 0.0634 0.0634 0.0635 0.0636 0.0636 0.0636 0.0639 0.0640 0.0641 0.0642 0.0641 0.0641 0.0644 0.0645 0.0646 0.0646 0.0645 0.0640 0.0639 0.0640
0.0804 0.1006 0.0905 0.1225 0.0936 0.0891 0.1044 0.1234 0.1137 0.1099 0.1358 0.0971 0.0970 0.0928 0.1020 0.1542 0.1729 0.1393 0.4182 1.0000 0.4128 0.1450 0.1384 0.1084 0.0844 0.0767 0.0706 0.0681 0.0663 0.0649 0.0658 0.0645 0.0639 0.0640 0.0641 0.0649 0.0640 0.0643 0.0657 0.0649 0.0650 0.0652 0.0661 0.0669 0.0688 0.0740 0.0739 0.0747 0.0680 0.0690 0.0654 0.0650 0.0644 0.0642 0.0644 0.0640 0.0641 0.0639 0.0640 0.0640 0.0641 0.0642 0.0648 0.0649 0.0644 0.0642 0.0648 0.0650 0.0649 0.0653 0.0650 0.0666 0.0658 0.0693 0.0670 0.0676 0.0663 0.0658 0.0648 0.0646 0.0648 0.0649 0.0650 0.0659 0.0662 0.0653 0.0672 0.0660 0.0651 0.0650 0.0645 0.0638 0.0637 0.0637 0.0636 0.0637 0.0640 0.0636 0.0637 0.0636 0.0637 0.0636 0.0636 0.0635 0.0635 0.0634 0.0635 0.0634 0.0633 0.0635 0.0633 0.0633 0.0635 0.0636 0.0640 0.0639 0.0646 0.0645 0.0653 0.0645 0.0643 0.0640 0.0634 0.0635 0.0633 0.0636 0.0641 0.0637 0.0637 0.0641 0.0639 0.0639 0.0642 0.0641 0.0641 0.0640 0.0639 0.0640 0.0644 0.0645 0.0650 0.0650 0.0645 0.0646 0.0642 0.0643 0.0641 0.0637 0.0638 0.0640 0.0641 0.0644 0.0645 0.0645 0.0645 0.0649 0.0646 0.0641 0.0642 0.0641 0.0637 0.0639 0.0637 0.0636 0.0635 0.0636 0.0639 0.0640 0.0638 0.0636 0.0635 0.0635 0.0634 0.0634 0.0635 0.0636 0.0637 0.0637 0.0640 0.0641 0.0640 0.0637 0.0637 0.0636 0.0637 0.0639 0.0637 0.0636 0.0635 0.0635 0.0635 0.0635 0.0635 0.0635 0.0638 0.0636 0.0635 0.0635 0.0634 0.0634 0.0634 0.0633 0.0633 0.0635 0.0636 0.0636 0.0635 0.0635 0.0637 0.0635 0.0634 0.0636 0.0633 0.0634 0.0633 0.0633 0.0633 0.0633 0.0633 0.0632 0.0632 0.0632 0.0633 0.0633 0.0635 0.0636 0.0637 0.0636 0.0641 0.0643 0.0642 0.0641 0.0644 0.0649 0.0649 0.0653 0.0650 0.0650 0.0654 0.0655 0.0659 0.0661 0.0659 0.0650 0.0647 0.0647
0.0822 0.1022 0.0875 0.1189 0.0886 0.0834 0.0924 0.1057 0.0934 0.0873 0.1021 0.0785 0.0798 0.0912 0.0896 0.1038 0.1590 0.1622 0.1384 0.4128 1.0000 0.4170 0.1710 0.1357 0.1010 0.0916 0.0814 0.0767 0.0730 0.0688 0.0699 0.0663 0.0652 0.0654 0.0654 0.0669 0.0650 0.0658 0.0686 0.0667 0.0664 0.0671 0.0691 0.0708 0.0756 0.0857 0.0888 0.0938 0.0779 0.0772 0.0676 0.0663 0.0651 0.0646 0.0651 0.0643 0.0648 0.0643 0.0644 0.0644 0.0646 0.0650 0.0658 0.0660 0.0652 0.0649 0.0657 0.0661 0.0662 0.0672 0.0674 0.0721 0.0708 0.0782 0.0730 0.0723 0.0687 0.0669 0.0653 0.0653 0.0658 0.0668 0.0673 0.0697 0.0681 0.0674 0.0677 0.0671 0.0655 0.0656 0.0651 0.0641 0.0640 0.0639 0.0638 0.0637 0.0642 0.0636 0.0639 0.0637 0.0639 0.0636 0.0636 0.0635 0.0635 0.0636 0.0636 0.0636 0.0635 0.0636 0.0635 0.0635 0.0637 0.0639 0.0642 0.0644 0.0649 0.0649 0.0655 0.0648 0.0644 0.0640 0.0635 0.0635 0.0634 0.0636 0.0644 0.0639 0.0640 0.0645 0.0642 0.0643 0.0650 0.0646 0.0645 0.0644 0.0643 0.0645 0.0650 0.0651 0.0658 0.0655 0.0651 0.0651 0.0645 0.0645 0.0644 0.0640 0.0639 0.0641 0.0641 0.0646 0.0648 0.0648 0.0645 0.0650 0.0648 0.0643 0.0644 0.0643 0.0638 0.0639 0.0639 0.0637 0.0636 0.0637 0.0641 0.0641 0.0640 0.0639 0.0636 0.0636 0.0634 0.0635 0.0636 0.0636 0.0638 0.0638 0.0641 0.0643 0.0642 0.0641 0.0642 0.0641 0.0641 0.0641 0.0640 0.0639 0.0636 0.0636 0.0635 0.0637 0.0637 0.0638 0.0641 0.0639 0.0638 0.0637 0.0636 0.0636 0.0635 0.0635 0.0635 0.0637 0.0637 0.0637 0.0636 0.0636 0.0639 0.0636 0.0635 0.0637 0.0635 0.0635 0.0635 0.0633 0.0633 0.0633 0.0633 0.0632 0.0633 0.0632 0.0634 0.0633 0.0635 0.0637 0.0637 0.0636 0.0640 0.0642 0.0642 0.0640 0.0642 0.0645 0.0645 0.0648 0.0648 0.0646 0.0652 0.0653 0.0658 0.0662 0.0664 0.0653 0.0650 0.0649
0.0733 0.0816 0.0718 0.0855 0.0716 0.0694 0.0736 0.0783 0.0740 0.0705 0.0774 0.0676 0.0688 0.0765 0.0830 0.0874 0.1033 0.1391 0.1450 0.1450 0.4170 1.0000 0.4180 0.1477 0.1179 0.0993 0.0859 0.0784 0.0724 0.0678 0.0672 0.0649 0.0649 0.0648 0.0646 0.0650 0.0642 0.0647 0.0662 0.0659 0.0664 0.0677 0.0703 0.0728 0.0768 0.0871 0.0872 0.0897 0.0725 0.0730 0.0653 0.0650 0.0642 0.0640 0.0642 0.0636 0.0638 0.0635 0.0636 0.0637 0.0640 0.0640 0.0645 0.0645 0.0642 0.0641 0.0647 0.0648 0.0650 0.0660 0.0659 0.0707 0.0686 0.0767 0.0725 0.0711 0.0683 0.0667 0.0652 0.0653 0.0657 0.0662 0.0667 0.0685 0.0671 0.0661 0.0666 0.0653 0.0643 0.0642 0.0640 0.0635 0.0635 0.0635 0.0634 0.0635 0.0636 0.0634 0.0636 0.0635 0.0636 0.0635 0.0635 0.0634 0.0634 0.0635 0.0633 0.0634 0.0633 0.0634 0.0633 0.0634 0.0635 0.0636 0.0639 0.0638 0.0644 0.0642 0.0649 0.0641 0.0640 0.0637 0.0633 0.0634 0.0633 0.0635 0.0638 0.0635 0.0637 0.0640 0.0639 0.0640 0.0647 0.0644 0.0645 0.0644 0.0642 0.0644 0.0649 0.0651 0.0658 0.0654 0.0650 0.0650 0.0644 0.0645 0.0644 0.0640 0.0640 0.0640 0.0641 0.0644 0.0646 0.0646 0.0644 0.0648 0.0645 0.0642 0.0642 0.0641 0.0637 0.0637 0.0637 0.0636 0.0635 0.0635 0.0636 0.0636 0.0635 0.0636 0.0634 0.0635 0.0633 0.0634 0.0634 0.0635 0.0635 0.0635 0.0636 0.0637 0.0638 0.0639 0.0640 0.0639 0.0638 0.0637 0.0636 0.0635 0.0635 0.0636 0.0635 0.0636 0.0635 0.0636 0.0638 0.0636 0.0636 0.0634 0.0633 0.0633 0.0633 0.0633 0.0632 0.0633 0.0635 0.0635 0.0635 0.0635 0.0635 0.0635 0.0633 0.0635 0.0633 0.0633 0.0632 0.0632 0.0632 0.0632 0.0632 0.0631 0.0631 0.0632 0.0633 0.0632 0.0633 0.0634 0.0635 0.0634 0.0637 0.0640 0.0638 0.0636 0.0637 0.0638 0.0639 0.0640 0.0641 0.0641 0.0644 0.0645 0.0647 0.0650 0.0651 0.0645 0.0645 0.0644
0.0743 0.0848 0.0741 0.0876 0.0729 0.0707 0.0742 0.0789 0.0742 0.0713 0.0776 0.0682 0.0695 0.0784 0.0802 0.0867 0.1069 0.1406 0.1225 0.1384 0.1710 0.4180 1.0000 0.4231 0.1343 0.1142 0.0979 0.0861 0.0786 0.0708 0.0703 0.0659 0.0650 0.0653 0.0654 0.0664 0.0649 0.0657 0.0687 0.0672 0.0681 0.0692 0.0723 0.0754 0.0828 0.0977 0.1066 0.1117 0.0848 0.0827 0.0688 0.0670 0.0652 0.0648 0.0652 0.0644 0.0649 0.0642 0.0641 0.0641 0.0644 0.0645 0.0654 0.0653 0.0650 0.0648 0.0657 0.0666 0.0675 0.0704 0.0730 0.0824 0.0780 0.0867 0.0761 0.0731 0.0688 0.0668 0.0653 0.0655 0.0664 0.0681 0.0699 0.0757 0.0734 0.0738 0.0720 0.0706 0.0672 0.0660 0.0654 0.0641 0.0639 0.0637 0.0636 0.0636 0.0641 0.0638 0.0640 0.0638 0.0639 0.0637 0.0637 0.0636 0.0636 0.0637 0.0636 0.0636 0.0635 0.0636 0.0635 0.0636 0.0641 0.0644 0.0652 0.0654 0.0665 0.0661 0.0666 0.0652 0.0645 0.0642 0.0636 0.0637 0.0635 0.0637 0.0646 0.0642 0.0643 0.0651 0.0649 0.0649 0.0660 0.0653 0.0652 0.0648 0.0645 0.0645 0.0651 0.0652 0.0664 0.0660 0.0655 0.0658 0.0650 0.0652 0.0651 0.0643 0.0644 0.0645 0.0646 0.0653 0.0655 0.0655 0.0652 0.0657 0.0653 0.0646 0.0648 0.0645 0.0641 0.0641 0.0641 0.0640 0.0638 0.0637 0.0641 0.0640 0.0639 0.0641 0.0637 0.0639 0.0636 0.0636 0.0637 0.0638 0.0641 0.0640 0.0642 0.0644 0.0645 0.0648 0.0651 0.0648 0.0647 0.0645 0.0642 0.0640 0.0637 0.0638 0.0638 0.0638 0.0637 0.0639 0.0644 0.0642 0.0642 0.0640 0.0639 0.0636 0.0635 0.0634 0.0635 0.0637 0.0637 0.0637 0.0636 0.0636 0.0639 0.0636 0.0636 0.0639 0.0636 0.0638 0.0636 0.0635 0.0634 0.0634 0.0633 0.0632 0.0633 0.0633 0.0636 0.0634 0.0636 0.0639 0.0639 0.0637 0.0644 0.0646 0.0644 0.0640 0.0642 0.0644 0.0644 0.0646 0.0648 0.0647 0.0652 0.0651 0.0656 0.0660 0.0662 0.0652 0.0650 0.0649
