1.0000 0.4284 0.1450 0.1125 0.0939 0.0835 0.0805 0.0769 0.0727 0.0706 0.0685 0.0669 0.0659 0.0653 0.0651 0.0648 0.0651 0.0649 0.0651 0.0655 0.0657 0.0664 0.0679 0.0702 0.0719 0.0723 0.0713 0.0700 0.0701 0.0688 0.0671 0.0659 0.0651 0.0648 0.0649 0.0644 0.0645 0.0645 0.0645 0.0647 0.0648 0.0653 0.0657 0.0654 0.0655 0.0650 0.0646 0.0642 0.0641 0.0639 0.0636 0.0635 0.0636 0.0636 0.0635 0.0635 0.0636 0.0639 0.0638 0.0642 0.0648 0.0650 0.0649 0.0666 0.0656 0.0659 0.0652 0.0659 0.0653 0.0642 0.0641 0.0641 0.0636 0.0635 0.0639 0.0637 0.0634 0.0637 0.0641 0.0638 0.0638 0.0640 0.0641 0.0640 0.0640 0.0640 0.0637 0.0635 0.0633 0.0631 0.0630 0.0630 0.0629 0.0630 0.0631 0.0632 0.0631 0.0632 0.0634 0.0633 0.0632 0.0632 0.0632 0.0630 0.0630 0.0631 0.0630 0.0632 0.0631 0.0633 0.0632 0.0632 0.0633 0.0632 0.0633 0.0633 0.0632 0.0632 0.0630 0.0630 0.0630 0.0630 0.0631 0.0632 0.0632 0.0633 0.0633 0.0633 0.0633 0.0633 0.0635 0.0635 0.0635 0.0632 0.0632 0.0632 0.0633 0.0633 0.0634 0.0636 0.0639 0.0637 0.0638 0.0635 0.0634 0.0633 0.0632 0.0632 0.0630 0.0630 0.0631 0.0631 0.0632 0.0632 0.0632 0.0633 0.0635 0.0636 0.0639 0.0639 0.0637 0.0635 0.0633 0.0632 0.0633 0.0632 0.0635 0.0636 0.0636 0.0637 0.0640 0.0639 0.0635 0.0636 0.0635 0.0634 0.0635 0.0634 0.0634 0.0634 0.0632 0.0631 0.0630 0.0632 0.0633 0.0633 0.0634 0.0636 0.0634 0.0635 0.0636 0.0636 0.0636 0.0635 0.0636 0.0636 0.0635 0.0633 0.0633 0.0635 0.0634 0.0632 0.0630 0.0632 0.0631 0.0636 0.0636 0.0638 0.0636 0.0633 0.0635 0.0636 0.0632 0.0633 0.0636 0.0636 0.0632 0.0633 0.0632 0.0632 0.0631 0.0630 0.0629 0.0630 0.0630 0.0631 0.0632 0.0634
0.4284 1.0000 0.4479 0.1542 0.1180 0.0996 0.0910 0.0842 0.0777 0.0738 0.0703 0.0678 0.0664 0.0658 0.0655 0.0652 0.0657 0.0654 0.0656 0.0664 0.0671 0.0691 0.0719 0.0748 0.0759 0.0751 0.0724 0.0703 0.0711 0.0702 0.0686 0.0667 0.0657 0.0653 0.0657 0.0651 0.0651 0.0648 0.0649 0.0653 0.0652 0.0658 0.0663 0.0662 0.0664 0.0659 0.0653 0.0649 0.0646 0.0644 0.0640 0.0639 0.0638 0.0638 0.0638 0.0636 0.0637 0.0641 0.0641 0.0645 0.0652 0.0652 0.0651 0.0668 0.0661 0.0663 0.0656 0.0661 0.0658 0.0646 0.0645 0.0647 0.0637 0.0638 0.0644 0.0642 0.0637 0.0641 0.0646 0.0642 0.0641 0.0642 0.0642 0.0642 0.0642 0.0642 0.0639 0.0637 0.0636 0.0632 0.0632 0.0630 0.0631 0.0631 0.0632 0.0634 0.0633 0.0633 0.0635 0.0635 0.0633 0.0633 0.0632 0.0631 0.0631 0.0631 0.0631 0.0633 0.0632 0.0635 0.0633 0.0633 0.0635 0.0633 0.0634 0.0635 0.0633 0.0633 0.0631 0.0632 0.0632 0.0632 0.0632 0.0633 0.0635 0.0635 0.0635 0.0635 0.0636 0.0636 0.0637 0.0638 0.0636 0.0635 0.0635 0.0635 0.0636 0.0636 0.0636 0.0639 0.0642 0.0640 0.0642 0.0638 0.0637 0.0635 0.0633 0.0633 0.0632 0.0631 0.0632 0.0633 0.0633 0.0633 0.0633 0.0634 0.0636 0.0639 0.0641 0.0641 0.0639 0.0636 0.0635 0.0633 0.0635 0.0633 0.0636 0.0637 0.0639 0.0641 0.0643 0.0642 0.0639 0.0639 0.0637 0.0636 0.0637 0.0636 0.0636 0.0635 0.0633 0.0633 0.0632 0.0633 0.0635 0.0635 0.0636 0.0637 0.0636 0.0637 0.0639 0.0639 0.0640 0.0638 0.0639 0.0639 0.0638 0.0636 0.0635 0.0636 0.0636 0.0633 0.0631 0.0633 0.0633 0.0639 0.0638 0.0641 0.0639 0.0636 0.0637 0.0639 0.0635 0.0635 0.0639 0.0637 0.0633 0.0635 0.0634 0.0634 0.0632 0.0631 0.0631 0.0631 0.0631 0.0632 0.0633 0.0633
0.1450 0.4479 1.0000 0.4320 0.1478 0.1172 0.1037 0.0894 0.0807 0.0759 0.0715 0.0683 0.0665 0.0659 0.0655 0.0653 0.0658 0.0654 0.0655 0.0661 0.0664 0.0678 0.0703 0.0725 0.0738 0.0727 0.0707 0.0687 0.0694 0.0684 0.0672 0.0660 0.0652 0.0650 0.0654 0.0652 0.0652 0.0649 0.0649 0.0652 0.0652 0.0658 0.0661 0.0663 0.0670 0.0668 0.0661 0.0654 0.0650 0.0645 0.0640 0.0639 0.0639 0.0639 0.0637 0.0636 0.0636 0.0641 0.0640 0.0644 0.0652 0.0651 0.0647 0.0657 0.0649 0.0654 0.0649 0.0655 0.0651 0.0641 0.0643 0.0647 0.0637 0.0636 0.0645 0.0642 0.0637 0.0642 0.0649 0.0643 0.0642 0.0644 0.0645 0.0643 0.0644 0.0641 0.0639 0.0636 0.0635 0.0632 0.0632 0.0630 0.0630 0.0632 0.0632 0.0635 0.0633 0.0634 0.0635 0.0635 0.0633 0.0633 0.0632 0.0631 0.0631 0.0632 0.0631 0.0633 0.0632 0.0635 0.0635 0.0632 0.0634 0.0632 0.0633 0.0635 0.0633 0.0633 0.0631 0.0631 0.0631 0.0632 0.0632 0.0633 0.0635 0.0635 0.0636 0.0636 0.0636 0.0636 0.0637 0.0637 0.0636 0.0635 0.0635 0.0635 0.0636 0.0636 0.0636 0.0639 0.0641 0.0640 0.0642 0.0638 0.0636 0.0634 0.0633 0.0633 0.0631 0.0631 0.0632 0.0632 0.0633 0.0633 0.0633 0.0633 0.0636 0.0638 0.0640 0.0640 0.0638 0.0635 0.0635 0.0633 0.0635 0.0633 0.0636 0.0638 0.0640 0.0641 0.0645 0.0643 0.0640 0.0639 0.0638 0.0635 0.0636 0.0636 0.0636 0.0635 0.0632 0.0632 0.0630 0.0633 0.0634 0.0633 0.0636 0.0636 0.0635 0.0637 0.0638 0.0639 0.0639 0.0637 0.0639 0.0639 0.0637 0.0636 0.0635 0.0636 0.0636 0.0633 0.0631 0.0632 0.0632 0.0638 0.0638 0.0641 0.0637 0.0635 0.0637 0.0640 0.0634 0.0635 0.0639 0.0637 0.0633 0.0635 0.0634 0.0633 0.0631 0.0631 0.0630 0.0631 0.0630 0.0631 0.0632 0.0633
0.1125 0.1542 0.4320 1.0000 0.4359 0.1558 0.1294 0.1061 0.0882 0.0807 0.0746 0.0697 0.0670 0.0662 0.0657 0.0654 0.0661 0.0656 0.0658 0.0666 0.0670 0.0680 0.0702 0.0712 0.0716 0.0707 0.0685 0.0669 0.0679 0.0670 0.0665 0.0658 0.0652 0.0651 0.0655 0.0654 0.0654 0.0652 0.0652 0.0654 0.0653 0.0658 0.0663 0.0668 0.0679 0.0679 0.0668 0.0661 0.0659 0.0653 0.0645 0.0642 0.0643 0.0641 0.0640 0.0636 0.0637 0.0642 0.0641 0.0646 0.0654 0.0651 0.0645 0.0652 0.0642 0.0651 0.0646 0.0654 0.0649 0.0638 0.0644 0.0650 0.0637 0.0639 0.0649 0.0645 0.0638 0.0644 0.0652 0.0644 0.0644 0.0645 0.0646 0.0644 0.0643 0.0641 0.0639 0.0636 0.0635 0.0632 0.0632 0.0630 0.0631 0.0631 0.0632 0.0634 0.0633 0.0634 0.0635 0.0635 0.0633 0.0632 0.0632 0.0631 0.0631 0.0631 0.0631 0.0633 0.0632 0.0634 0.0633 0.0632 0.0633 0.0632 0.0632 0.0634 0.0632 0.0632 0.0631 0.0631 0.0631 0.0631 0.0632 0.0633 0.0633 0.0634 0.0635 0.0635 0.0636 0.0635 0.0636 0.0637 0.0636 0.0634 0.0635 0.0635 0.0636 0.0636 0.0636 0.0638 0.0640 0.0641 0.0642 0.0639 0.0637 0.0635 0.0633 0.0633 0.0631 0.0631 0.0631 0.0631 0.0633 0.0632 0.0632 0.0633 0.0635 0.0637 0.0640 0.0640 0.0637 0.0636 0.0635 0.0633 0.0635 0.0633 0.0636 0.0639 0.0641 0.0643 0.0645 0.0645 0.0641 0.0641 0.0638 0.0636 0.0636 0.0635 0.0635 0.0634 0.0632 0.0633 0.0631 0.0633 0.0633 0.0633 0.0636 0.0637 0.0636 0.0638 0.0638 0.0639 0.0640 0.0638 0.0640 0.0640 0.0637 0.0636 0.0636 0.0637 0.0636 0.0634 0.0631 0.0633 0.0632 0.0639 0.0639 0.0642 0.0638 0.0636 0.0638 0.0640 0.0634 0.0634 0.0640 0.0639 0.0633 0.0635 0.0634 0.0633 0.0632 0.0631 0.0630 0.0630 0.0630 0.0631 0.0632 0.0633
0.0939 0.1180 0.1478 0.4359 1.0000 0.4347 0.1484 0.1250 0.1020 0.0867 0.0785 0.0729 0.0687 0.0669 0.0662 0.0660 0.0669 0.0663 0.0666 0.0677 0.0685 0.0697 0.0718 0.0723 0.0723 0.0716 0.0688 0.0670 0.0681 0.0677 0.0676 0.0668 0.0661 0.0658 0.0667 0.0666 0.0667 0.0661 0.0661 0.0659 0.0654 0.0658 0.0666 0.0673 0.0686 0.0690 0.0676 0.0667 0.0666 0.0661 0.0651 0.0646 0.0648 0.0644 0.0642 0.0640 0.0640 0.0646 0.0645 0.0651 0.0662 0.0658 0.0652 0.0662 0.0650 0.0657 0.0649 0.0658 0.0655 0.0643 0.0652 0.0659 0.0643 0.0644 0.0658 0.0655 0.0644 0.0651 0.0661 0.0652 0.0649 0.0651 0.0653 0.0650 0.0648 0.0644 0.0641 0.0639 0.0638 0.0635 0.0633 0.0632 0.0632 0.0633 0.0633 0.0635 0.0635 0.0635 0.0637 0.0635 0.0634 0.0635 0.0633 0.0632 0.0632 0.0632 0.0632 0.0634 0.0634 0.0636 0.0635 0.0633 0.0635 0.0633 0.0635 0.0636 0.0634 0.0635 0.0633 0.0633 0.0632 0.0633 0.0634 0.0635 0.0636 0.0635 0.0636 0.0635 0.0637 0.0637 0.0639 0.0640 0.0639 0.0636 0.0636 0.0636 0.0639 0.0638 0.0637 0.0640 0.0642 0.0643 0.0646 0.0641 0.0640 0.0637 0.0636 0.0635 0.0632 0.0632 0.0632 0.0633 0.0635 0.0634 0.0635 0.0636 0.0637 0.0640 0.0641 0.0642 0.0640 0.0637 0.0638 0.0635 0.0637 0.0636 0.0639 0.0642 0.0645 0.0647 0.0650 0.0649 0.0644 0.0643 0.0641 0.0639 0.0639 0.0637 0.0636 0.0636 0.0633 0.0634 0.0632 0.0635 0.0636 0.0636 0.0638 0.0640 0.0640 0.0640 0.0640 0.0641 0.0644 0.0642 0.0643 0.0643 0.0641 0.0639 0.0639 0.0641 0.0641 0.0637 0.0633 0.0637 0.0636 0.0643 0.0641 0.0644 0.0642 0.0639 0.0640 0.0642 0.0637 0.0637 0.0641 0.0641 0.0635 0.0637 0.0635 0.0636 0.0633 0.0632 0.0631 0.0632 0.0632 0.0632 0.0633 0.0633
0.0835 0.0996 0.1172 0.1558 0.4347 1.0000 0.4275 0.1446 0.1197 0.0999 0.0825 0.0749 0.0706 0.0681 0.0668 0.0662 0.0675 0.0667 0.0669 0.0681 0.0687 0.0695 0.0715 0.0707 0.0701 0.0694 0.0672 0.0657 0.0665 0.0664 0.0663 0.0661 0.0657 0.0654 0.0663 0.0661 0.0661 0.0658 0.0657 0.0655 0.0652 0.0655 0.0663 0.0671 0.0686 0.0698 0.0681 0.0670 0.0674 0.0669 0.0654 0.0647 0.0650 0.0646 0.0643 0.0640 0.0641 0.0647 0.0644 0.0650 0.0660 0.0655 0.0650 0.0658 0.0650 0.0659 0.0652 0.0661 0.0655 0.0643 0.0652 0.0659 0.0643 0.0645 0.0661 0.0655 0.0642 0.0650 0.0661 0.0652 0.0648 0.0650 0.0653 0.0649 0.0648 0.0643 0.0641 0.0639 0.0637 0.0633 0.0633 0.0632 0.0631 0.0633 0.0634 0.0635 0.0633 0.0635 0.0636 0.0635 0.0633 0.0634 0.0632 0.0632 0.0631 0.0632 0.0632 0.0634 0.0633 0.0636 0.0635 0.0633 0.0634 0.0633 0.0634 0.0635 0.0634 0.0633 0.0632 0.0633 0.0633 0.0633 0.0634 0.0635 0.0635 0.0635 0.0635 0.0635 0.0636 0.0637 0.0639 0.0640 0.0639 0.0636 0.0636 0.0637 0.0637 0.0637 0.0637 0.0640 0.0642 0.0642 0.0646 0.0641 0.0640 0.0637 0.0636 0.0635 0.0633 0.0632 0.0632 0.0632 0.0633 0.0633 0.0634 0.0636 0.0636 0.0639 0.0640 0.0641 0.0640 0.0637 0.0637 0.0635 0.0637 0.0636 0.0640 0.0643 0.0646 0.0649 0.0650 0.0649 0.0644 0.0642 0.0640 0.0639 0.0638 0.0636 0.0636 0.0635 0.0633 0.0634 0.0632 0.0635 0.0636 0.0636 0.0639 0.0640 0.0639 0.0641 0.0640 0.0641 0.0644 0.0641 0.0643 0.0642 0.0641 0.0639 0.0639 0.0641 0.0641 0.0637 0.0633 0.0637 0.0636 0.0643 0.0642 0.0645 0.0642 0.0638 0.0641 0.0642 0.0636 0.0636 0.0640 0.0641 0.0635 0.0636 0.0635 0.0636 0.0633 0.0632 0.0631 0.0632 0.0631 0.0632 0.0633 0.0633
0.0805 0.0910 0.1037 0.1294 0.1484 0.4275 1.0000 0.4182 0.1426 0.1191 0.0967 0.0796 0.0733 0.0707 0.0686 0.0675 0.0691 0.0677 0.0679 0.0694 0.0708 0.0720 0.0740 0.0716 0.0698 0.0687 0.0664 0.0654 0.0659 0.0661 0.0661 0.0660 0.0657 0.0654 0.0662 0.0657 0.0658 0.0655 0.0654 0.0653 0.0649 0.0652 0.0660 0.0668 0.0683 0.0703 0.0684 0.0672 0.0680 0.0674 0.0657 0.0650 0.0657 0.0652 0.0647 0.0642 0.0644 0.0654 0.0650 0.0655 0.0667 0.0658 0.0655 0.0659 0.0652 0.0658 0.0653 0.0662 0.0660 0.0647 0.0656 0.0664 0.0647 0.0648 0.0668 0.0663 0.0645 0.0653 0.0667 0.0656 0.0651 0.0653 0.0655 0.0652 0.0649 0.0643 0.0642 0.0639 0.0637 0.0635 0.0634 0.0632 0.0632 0.0633 0.0634 0.0636 0.0633 0.0635 0.0636 0.0635 0.0633 0.0635 0.0633 0.0632 0.0632 0.0632 0.0632 0.0635 0.0634 0.0636 0.0635 0.0633 0.0635 0.0633 0.0635 0.0636 0.0635 0.0635 0.0632 0.0633 0.0633 0.0633 0.0633 0.0635 0.0635 0.0635 0.0635 0.0635 0.0637 0.0637 0.0640 0.0640 0.0639 0.0636 0.0637 0.0637 0.0638 0.0638 0.0637 0.0640 0.0643 0.0644 0.0648 0.0644 0.0641 0.0638 0.0637 0.0636 0.0633 0.0632 0.0632 0.0633 0.0635 0.0633 0.0634 0.0636 0.0636 0.0639 0.0640 0.0642 0.0640 0.0637 0.0637 0.0636 0.0638 0.0637 0.0641 0.0646 0.0650 0.0650 0.0652 0.0650 0.0644 0.0642 0.0640 0.0640 0.0638 0.0636 0.0637 0.0636 0.0634 0.0634 0.0633 0.0635 0.0636 0.0636 0.0639 0.0641 0.0640 0.0641 0.0640 0.0642 0.0644 0.0642 0.0643 0.0644 0.0642 0.0641 0.0640 0.0642 0.0643 0.0639 0.0635 0.0639 0.0636 0.0645 0.0642 0.0646 0.0643 0.0639 0.0641 0.0645 0.0638 0.0636 0.0641 0.0641 0.0635 0.0637 0.0635 0.0636 0.0634 0.0633 0.0632 0.0632 0.0632 0.0633 0.0633 0.0633
0.0769 0.0842 0.0894 0.1061 0.1250 0.1446 0.4182 1.0000 0.4139 0.1463 0.1191 0.0945 0.0794 0.0747 0.0724 0.0704 0.0724 0.0702 0.0710 0.0737 0.0762 0.0765 0.0771 0.0721 0.0696 0.0681 0.0664 0.0657 0.0660 0.0662 0.0664 0.0667 0.0664 0.0662 0.0677 0.0663 0.0665 0.0661 0.0659 0.0658 0.0652 0.0653 0.0662 0.0668 0.0682 0.0707 0.0688 0.0677 0.0692 0.0688 0.0664 0.0664 0.0677 0.0670 0.0658 0.0654 0.0653 0.0668 0.0665 0.0668 0.0683 0.0669 0.0672 0.0675 0.0667 0.0667 0.0662 0.0669 0.0670 0.0659 0.0666 0.0680 0.0661 0.0661 0.0683 0.0679 0.0656 0.0662 0.0678 0.0667 0.0659 0.0658 0.0663 0.0660 0.0655 0.0648 0.0643 0.0642 0.0642 0.0638 0.0637 0.0636 0.0635 0.0635 0.0636 0.0637 0.0635 0.0636 0.0638 0.0637 0.0635 0.0636 0.0636 0.0635 0.0634 0.0636 0.0635 0.0637 0.0636 0.0636 0.0636 0.0635 0.0636 0.0636 0.0638 0.0640 0.0637 0.0636 0.0635 0.0635 0.0635 0.0635 0.0635 0.0636 0.0636 0.0636 0.0636 0.0636 0.0638 0.0637 0.0641 0.0643 0.0641 0.0637 0.0639 0.0641 0.0641 0.0641 0.0639 0.0641 0.0644 0.0648 0.0654 0.0648 0.0645 0.0642 0.0641 0.0639 0.0635 0.0634 0.0635 0.0636 0.0636 0.0636 0.0636 0.0638 0.0639 0.0641 0.0642 0.0643 0.0642 0.0640 0.0640 0.0639 0.0642 0.0642 0.0645 0.0652 0.0656 0.0655 0.0655 0.0653 0.0649 0.0645 0.0642 0.0642 0.0641 0.0638 0.0639 0.0639 0.0636 0.0637 0.0635 0.0638 0.0639 0.0640 0.0642 0.0644 0.0644 0.0643 0.0642 0.0644 0.0649 0.0648 0.0648 0.0649 0.0648 0.0645 0.0645 0.0648 0.0649 0.0645 0.0639 0.0645 0.0642 0.0652 0.0647 0.0652 0.0650 0.0643 0.0645 0.0650 0.0643 0.0641 0.0645 0.0646 0.0639 0.0640 0.0638 0.0639 0.0636 0.0635 0.0633 0.0634 0.0633 0.0635 0.0635 0.0634
0.0727 0.0777 0.0807 0.0882 0.1020 0.1197 0.1426 0.4139 1.0000 0.4142 0.1383 0.1112 0.0910 0.0797 0.0755 0.0730 0.0749 0.0724 0.0727 0.0755 0.0781 0.0764 0.0747 0.0700 0.0676 0.0664 0.0657 0.0653 0.0655 0.0653 0.0657 0.0660 0.0658 0.0657 0.0671 0.0661 0.0662 0.0659 0.0655 0.0654 0.0649 0.0650 0.0654 0.0660 0.0668 0.0694 0.0676 0.0667 0.0688 0.0689 0.0663 0.0667 0.0689 0.0678 0.0663 0.0663 0.0661 0.0682 0.0677 0.0680 0.0695 0.0676 0.0683 0.0678 0.0674 0.0668 0.0666 0.0671 0.0675 0.0668 0.0670 0.0683 0.0670 0.0669 0.0688 0.0679 0.0659 0.0664 0.0681 0.0666 0.0659 0.0660 0.0665 0.0661 0.0659 0.0649 0.0645 0.0641 0.0640 0.0636 0.0635 0.0633 0.0633 0.0633 0.0635 0.0636 0.0635 0.0635 0.0636 0.0636 0.0635 0.0636 0.0634 0.0633 0.0633 0.0635 0.0634 0.0637 0.0636 0.0636 0.0635 0.0634 0.0636 0.0635 0.0637 0.0639 0.0636 0.0636 0.0633 0.0633 0.0633 0.0633 0.0635 0.0636 0.0636 0.0635 0.0635 0.0635 0.0636 0.0636 0.0639 0.0642 0.0640 0.0636 0.0637 0.0639 0.0640 0.0639 0.0639 0.0640 0.0644 0.0645 0.0653 0.0645 0.0642 0.0639 0.0639 0.0636 0.0634 0.0633 0.0634 0.0634 0.0635 0.0635 0.0636 0.0636 0.0637 0.0639 0.0641 0.0642 0.0641 0.0639 0.0639 0.0637 0.0640 0.0640 0.0645 0.0649 0.0653 0.0654 0.0654 0.0652 0.0645 0.0644 0.0641 0.0640 0.0639 0.0637 0.0638 0.0637 0.0635 0.0635 0.0634 0.0636 0.0637 0.0640 0.0642 0.0643 0.0644 0.0644 0.0642 0.0644 0.0648 0.0647 0.0648 0.0650 0.0647 0.0644 0.0644 0.0646 0.0646 0.0642 0.0636 0.0642 0.0641 0.0652 0.0647 0.0652 0.0649 0.0642 0.0645 0.0650 0.0642 0.0639 0.0646 0.0647 0.0638 0.0640 0.0638 0.0637 0.0635 0.0633 0.0632 0.0632 0.0633 0.0634 0.0634 0.0633
0.0706 0.0738 0.0759 0.0807 0.0867 0.0999 0.1191 0.1463 0.4142 1.0000 0.4132 0.1418 0.1107 0.0934 0.0825 0.0777 0.0819 0.0784 0.0762 0.0787 0.0789 0.0737 0.0713 0.0680 0.0663 0.0659 0.0654 0.0650 0.0654 0.0653 0.0654 0.0657 0.0653 0.0652 0.0661 0.0652 0.0655 0.0653 0.0654 0.0655 0.0648 0.0649 0.0653 0.0655 0.0661 0.0687 0.0672 0.0668 0.0694 0.0703 0.0674 0.0685 0.0720 0.0690 0.0675 0.0684 0.0674 0.0706 0.0699 0.0694 0.0705 0.0677 0.0686 0.0678 0.0673 0.0663 0.0660 0.0669 0.0672 0.0674 0.0678 0.0693 0.0683 0.0692 0.0705 0.0692 0.0683 0.0680 0.0689 0.0675 0.0675 0.0664 0.0668 0.0670 0.0666 0.0651 0.0646 0.0642 0.0641 0.0639 0.0637 0.0635 0.0635 0.0635 0.0636 0.0636 0.0635 0.0636 0.0637 0.0636 0.0635 0.0636 0.0636 0.0635 0.0635 0.0637 0.0635 0.0640 0.0637 0.0637 0.0636 0.0635 0.0637 0.0637 0.0639 0.0641 0.0637 0.0637 0.0635 0.0635 0.0634 0.0635 0.0635 0.0636 0.0636 0.0636 0.0635 0.0635 0.0636 0.0636 0.0640 0.0643 0.0642 0.0636 0.0637 0.0641 0.0640 0.0640 0.0639 0.0640 0.0644 0.0647 0.0657 0.0648 0.0645 0.0642 0.0641 0.0639 0.0636 0.0634 0.0635 0.0635 0.0636 0.0635 0.0636 0.0637 0.0637 0.0640 0.0641 0.0643 0.0642 0.0640 0.0641 0.0639 0.0642 0.0642 0.0648 0.0654 0.0658 0.0658 0.0658 0.0654 0.0647 0.0644 0.0641 0.0642 0.0640 0.0639 0.0640 0.0639 0.0636 0.0637 0.0635 0.0638 0.0640 0.0641 0.0642 0.0645 0.0646 0.0645 0.0642 0.0644 0.0650 0.0649 0.0650 0.0652 0.0649 0.0645 0.0646 0.0648 0.0648 0.0644 0.0638 0.0644 0.0642 0.0654 0.0649 0.0653 0.0652 0.0644 0.0644 0.0651 0.0644 0.0641 0.0646 0.0650 0.0640 0.0641 0.0639 0.0639 0.0636 0.0635 0.0634 0.0634 0.0633 0.0635 0.0634 0.0635
0.0685 0.0703 0.0715 0.0746 0.0785 0.0825 0.0967 0.1191 0.1383 0.4132 1.0000 0.4108 0.1468 0.1189 0.1003 0.0889 0.1003 0.0970 0.0833 0.0859 0.0830 0.0748 0.0710 0.0679 0.0663 0.0662 0.0656 0.0650 0.0655 0.0652 0.0657 0.0660 0.0655 0.0652 0.0664 0.0653 0.0657 0.0654 0.0654 0.0656 0.0648 0.0647 0.0652 0.0653 0.0654 0.0672 0.0661 0.0659 0.0691 0.0701 0.0676 0.0710 0.0760 0.0709 0.0708 0.0743 0.0703 0.0749 0.0759 0.0730 0.0733 0.0694 0.0715 0.0706 0.0712 0.0681 0.0672 0.0676 0.0697 0.0721 0.0705 0.0724 0.0743 0.0763 0.0737 0.0732 0.0764 0.0740 0.0708 0.0704 0.0725 0.0683 0.0676 0.0694 0.0685 0.0661 0.0651 0.0644 0.0644 0.0641 0.0640 0.0637 0.0636 0.0635 0.0636 0.0637 0.0635 0.0636 0.0637 0.0636 0.0635 0.0636 0.0636 0.0636 0.0637 0.0640 0.0638 0.0642 0.0639 0.0640 0.0637 0.0637 0.0640 0.0641 0.0642 0.0644 0.0641 0.0640 0.0637 0.0637 0.0635 0.0635 0.0636 0.0636 0.0637 0.0636 0.0636 0.0635 0.0637 0.0637 0.0641 0.0645 0.0646 0.0639 0.0640 0.0642 0.0642 0.0641 0.0640 0.0641 0.0644 0.0649 0.0661 0.0651 0.0648 0.0644 0.0643 0.0641 0.0638 0.0636 0.0637 0.0636 0.0637 0.0635 0.0637 0.0639 0.0639 0.0641 0.0642 0.0644 0.0643 0.0642 0.0642 0.0641 0.0644 0.0645 0.0650 0.0658 0.0663 0.0663 0.0661 0.0658 0.0652 0.0647 0.0642 0.0644 0.0641 0.0639 0.0641 0.0641 0.0639 0.0640 0.0636 0.0641 0.0641 0.0643 0.0644 0.0649 0.0650 0.0647 0.0643 0.0644 0.0652 0.0651 0.0651 0.0653 0.0652 0.0648 0.0650 0.0651 0.0651 0.0647 0.0641 0.0648 0.0647 0.0658 0.0652 0.0654 0.0658 0.0646 0.0644 0.0653 0.0648 0.0642 0.0649 0.0653 0.0643 0.0642 0.0640 0.0640 0.0638 0.0637 0.0635 0.0636 0.0635 0.0635 0.0635 0.0634
0.0669 0.0678 0.0683 0.0697 0.0729 0.0749 0.0796 0.0945 0.1112 0.1418 0.4108 1.0000 0.4146 0.1472 0.1204 0.1010 0.1125 0.1029 0.0836 0.0818 0.0787 0.0716 0.0681 0.0664 0.0656 0.0657 0.0652 0.0649 0.0652 0.0650 0.0654 0.0657 0.0652 0.0650 0.0657 0.0649 0.0652 0.0649 0.0650 0.0651 0.0644 0.0644 0.0649 0.0647 0.0646 0.0656 0.0650 0.0647 0.0670 0.0676 0.0657 0.0673 0.0708 0.0679 0.0678 0.0697 0.0680 0.0721 0.0711 0.0700 0.0701 0.0677 0.0683 0.0673 0.0671 0.0663 0.0656 0.0668 0.0672 0.0676 0.0685 0.0699 0.0694 0.0718 0.0714 0.0701 0.0721 0.0732 0.0702 0.0695 0.0730 0.0692 0.0673 0.0689 0.0696 0.0666 0.0653 0.0643 0.0642 0.0637 0.0637 0.0635 0.0635 0.0633 0.0635 0.0636 0.0635 0.0636 0.0637 0.0636 0.0635 0.0636 0.0636 0.0635 0.0635 0.0637 0.0635 0.0641 0.0638 0.0640 0.0637 0.0637 0.0640 0.0640 0.0641 0.0642 0.0639 0.0640 0.0636 0.0636 0.0635 0.0635 0.0636 0.0636 0.0636 0.0635 0.0635 0.0635 0.0637 0.0637 0.0640 0.0644 0.0644 0.0637 0.0639 0.0641 0.0641 0.0640 0.0640 0.0641 0.0645 0.0648 0.0660 0.0650 0.0645 0.0641 0.0640 0.0638 0.0635 0.0634 0.0635 0.0635 0.0636 0.0635 0.0636 0.0637 0.0639 0.0641 0.0642 0.0644 0.0643 0.0641 0.0641 0.0639 0.0641 0.0641 0.0648 0.0654 0.0659 0.0661 0.0661 0.0657 0.0649 0.0645 0.0641 0.0641 0.0641 0.0639 0.0639 0.0639 0.0636 0.0637 0.0634 0.0638 0.0639 0.0642 0.0643 0.0647 0.0648 0.0646 0.0642 0.0644 0.0650 0.0648 0.0649 0.0651 0.0648 0.0645 0.0645 0.0648 0.0647 0.0642 0.0637 0.0643 0.0643 0.0654 0.0649 0.0653 0.0654 0.0643 0.0644 0.0653 0.0644 0.0639 0.0647 0.0650 0.0641 0.0641 0.0639 0.0639 0.0636 0.0635 0.0633 0.0633 0.0632 0.0633 0.0634 0.0633
0.0659 0.0664 0.0665 0.0670 0.0687 0.0706 0.0733 0.0794 0.0910 0.1107 0.1468 0.4146 1.0000 0.4168 0.1411 0.1170 0.1244 0.1115 0.0847 0.0811 0.0759 0.0688 0.0668 0.0657 0.0650 0.0649 0.0649 0.0646 0.0649 0.0647 0.0650 0.0651 0.0648 0.0646 0.0649 0.0645 0.0646 0.0645 0.0645 0.0645 0.0641 0.0642 0.0644 0.0643 0.0642 0.0649 0.0645 0.0645 0.0667 0.0664 0.0652 0.0674 0.0702 0.0674 0.0678 0.0692 0.0675 0.0711 0.0699 0.0688 0.0686 0.0670 0.0675 0.0666 0.0666 0.0663 0.0654 0.0665 0.0665 0.0672 0.0676 0.0689 0.0697 0.0740 0.0714 0.0702 0.0757 0.0784 0.0718 0.0722 0.0788 0.0730 0.0681 0.0705 0.0722 0.0677 0.0661 0.0641 0.0638 0.0635 0.0633 0.0632 0.0632 0.0632 0.0632 0.0634 0.0633 0.0633 0.0635 0.0633 0.0632 0.0634 0.0632 0.0632 0.0632 0.0633 0.0633 0.0638 0.0636 0.0639 0.0636 0.0635 0.0637 0.0636 0.0638 0.0640 0.0636 0.0636 0.0633 0.0633 0.0632 0.0632 0.0632 0.0633 0.0633 0.0633 0.0633 0.0633 0.0635 0.0635 0.0637 0.0639 0.0639 0.0635 0.0636 0.0636 0.0636 0.0636 0.0637 0.0640 0.0643 0.0643 0.0653 0.0643 0.0640 0.0637 0.0636 0.0635 0.0633 0.0632 0.0633 0.0633 0.0634 0.0633 0.0633 0.0635 0.0636 0.0637 0.0640 0.0641 0.0639 0.0637 0.0636 0.0635 0.0638 0.0636 0.0641 0.0646 0.0651 0.0655 0.0658 0.0652 0.0644 0.0642 0.0638 0.0636 0.0638 0.0636 0.0636 0.0634 0.0632 0.0633 0.0631 0.0633 0.0635 0.0637 0.0640 0.0642 0.0642 0.0643 0.0640 0.0641 0.0645 0.0642 0.0644 0.0643 0.0641 0.0639 0.0639 0.0640 0.0639 0.0635 0.0632 0.0636 0.0637 0.0647 0.0644 0.0649 0.0646 0.0639 0.0642 0.0650 0.0639 0.0636 0.0645 0.0647 0.0638 0.0639 0.0637 0.0636 0.0634 0.0632 0.0631 0.0631 0.0631 0.0631 0.0631 0.0632
0.0653 0.0658 0.0659 0.0662 0.0669 0.0681 0.0707 0.0747 0.0797 0.0934 0.1189 0.1472 0.4168 1.0000 0.4121 0.1701 0.1864 0.1323 0.0960 0.0887 0.0806 0.0717 0.0676 0.0659 0.0652 0.0651 0.0648 0.0646 0.0650 0.0648 0.0650 0.0652 0.0648 0.0648 0.0653 0.0649 0.0650 0.0646 0.0644 0.0644 0.0640 0.0641 0.0643 0.0641 0.0641 0.0642 0.0642 0.0641 0.0652 0.0647 0.0644 0.0663 0.0679 0.0660 0.0679 0.0686 0.0669 0.0710 0.0699 0.0687 0.0678 0.0667 0.0679 0.0679 0.0677 0.0679 0.0665 0.0673 0.0677 0.0680 0.0679 0.0686 0.0688 0.0743 0.0714 0.0698 0.0758 0.0793 0.0711 0.0712 0.0792 0.0729 0.0677 0.0693 0.0712 0.0666 0.0653 0.0640 0.0637 0.0634 0.0632 0.0631 0.0632 0.0631 0.0633 0.0634 0.0632 0.0633 0.0634 0.0633 0.0632 0.0633 0.0632 0.0632 0.0632 0.0634 0.0633 0.0637 0.0635 0.0638 0.0636 0.0635 0.0638 0.0637 0.0639 0.0641 0.0637 0.0637 0.0633 0.0633 0.0632 0.0632 0.0633 0.0633 0.0633 0.0633 0.0632 0.0633 0.0635 0.0635 0.0636 0.0639 0.0637 0.0635 0.0635 0.0636 0.0636 0.0636 0.0637 0.0639 0.0642 0.0643 0.0652 0.0643 0.0640 0.0637 0.0637 0.0635 0.0633 0.0632 0.0633 0.0633 0.0634 0.0633 0.0633 0.0634 0.0636 0.0637 0.0639 0.0641 0.0638 0.0637 0.0636 0.0635 0.0639 0.0636 0.0643 0.0647 0.0651 0.0655 0.0658 0.0652 0.0645 0.0642 0.0638 0.0637 0.0638 0.0636 0.0635 0.0634 0.0632 0.0633 0.0631 0.0633 0.0635 0.0636 0.0639 0.0641 0.0640 0.0641 0.0639 0.0641 0.0644 0.0641 0.0642 0.0641 0.0639 0.0637 0.0637 0.0639 0.0638 0.0635 0.0632 0.0636 0.0636 0.0646 0.0644 0.0648 0.0646 0.0639 0.0642 0.0650 0.0640 0.0636 0.0645 0.0648 0.0637 0.0640 0.0637 0.0636 0.0634 0.0632 0.0631 0.0631 0.0631 0.0631 0.0631 0.0632
0.0651 0.0655 0.0655 0.0657 0.0662 0.0668 0.0686 0.0724 0.0755 0.0825 0.1003 0.1204 0.1411 0.4121 1.0000 0.4169 0.1421 0.1425 0.1133 0.0912 0.0821 0.0763 0.0703 0.0667 0.0658 0.0655 0.0653 0.0650 0.0653 0.0652 0.0654 0.0655 0.0651 0.0650 0.0658 0.0653 0.0655 0.0650 0.0646 0.0646 0.0642 0.0641 0.0644 0.0642 0.0642 0.0644 0.0644 0.0643 0.0648 0.0643 0.0646 0.0660 0.0663 0.0649 0.0669 0.0669 0.0653 0.0672 0.0670 0.0657 0.0654 0.0651 0.0658 0.0659 0.0663 0.0669 0.0663 0.0669 0.0671 0.0673 0.0681 0.0688 0.0677 0.0747 0.0729 0.0706 0.0759 0.0827 0.0731 0.0732 0.0826 0.0777 0.0705 0.0719 0.0733 0.0676 0.0661 0.0642 0.0639 0.0636 0.0634 0.0633 0.0632 0.0632 0.0633 0.0635 0.0633 0.0634 0.0635 0.0634 0.0634 0.0635 0.0634 0.0633 0.0634 0.0636 0.0635 0.0639 0.0637 0.0639 0.0637 0.0637 0.0640 0.0641 0.0643 0.0645 0.0641 0.0640 0.0635 0.0635 0.0633 0.0633 0.0633 0.0634 0.0635 0.0633 0.0633 0.0633 0.0635 0.0635 0.0637 0.0640 0.0640 0.0635 0.0637 0.0637 0.0639 0.0638 0.0639 0.0640 0.0644 0.0645 0.0656 0.0646 0.0643 0.0639 0.0639 0.0636 0.0634 0.0633 0.0634 0.0633 0.0635 0.0633 0.0635 0.0636 0.0637 0.0639 0.0641 0.0643 0.0640 0.0638 0.0637 0.0636 0.0640 0.0639 0.0645 0.0650 0.0653 0.0658 0.0659 0.0654 0.0646 0.0644 0.0640 0.0640 0.0640 0.0636 0.0636 0.0635 0.0633 0.0634 0.0632 0.0635 0.0636 0.0637 0.0639 0.0643 0.0641 0.0641 0.0640 0.0642 0.0646 0.0644 0.0644 0.0643 0.0642 0.0640 0.0639 0.0641 0.0640 0.0637 0.0634 0.0639 0.0640 0.0652 0.0646 0.0651 0.0651 0.0641 0.0644 0.0653 0.0642 0.0639 0.0649 0.0652 0.0642 0.0642 0.0639 0.0637 0.0635 0.0633 0.0632 0.0632 0.0632 0.0632 0.0632 0.0632
0.0648 0.0652 0.0653 0.0654 0.0660 0.0662 0.0675 0.0704 0.0730 0.0777 0.0889 0.1010 0.1170 0.1701 0.4169 1.0000 0.4113 0.1413 0.1319 0.1116 0.0875 0.0788 0.0747 0.0690 0.0662 0.0659 0.0654 0.0650 0.0653 0.0652 0.0654 0.0654 0.0650 0.0653 0.0661 0.0659 0.0659 0.0654 0.0648 0.0645 0.0640 0.0639 0.0642 0.0641 0.0640 0.0642 0.0641 0.0640 0.0642 0.0641 0.0642 0.0647 0.0649 0.0642 0.0658 0.0654 0.0648 0.0662 0.0658 0.0653 0.0652 0.0649 0.0653 0.0653 0.0654 0.0664 0.0660 0.0670 0.0665 0.0660 0.0674 0.0684 0.0660 0.0710 0.0715 0.0688 0.0704 0.0759 0.0707 0.0685 0.0737 0.0716 0.0676 0.0670 0.0681 0.0653 0.0647 0.0641 0.0639 0.0635 0.0633 0.0632 0.0632 0.0632 0.0633 0.0634 0.0632 0.0633 0.0634 0.0633 0.0633 0.0635 0.0634 0.0633 0.0633 0.0636 0.0634 0.0639 0.0635 0.0638 0.0636 0.0635 0.0640 0.0639 0.0643 0.0645 0.0642 0.0641 0.0635 0.0635 0.0632 0.0632 0.0633 0.0633 0.0633 0.0633 0.0633 0.0633 0.0635 0.0633 0.0636 0.0637 0.0636 0.0635 0.0635 0.0636 0.0636 0.0637 0.0637 0.0639 0.0642 0.0644 0.0654 0.0645 0.0642 0.0638 0.0638 0.0636 0.0633 0.0632 0.0633 0.0633 0.0634 0.0633 0.0634 0.0635 0.0636 0.0638 0.0640 0.0641 0.0639 0.0636 0.0636 0.0635 0.0639 0.0637 0.0646 0.0650 0.0653 0.0658 0.0659 0.0653 0.0644 0.0642 0.0639 0.0638 0.0639 0.0636 0.0635 0.0634 0.0632 0.0633 0.0631 0.0633 0.0635 0.0635 0.0637 0.0641 0.0639 0.0640 0.0639 0.0640 0.0644 0.0641 0.0641 0.0641 0.0639 0.0637 0.0637 0.0639 0.0639 0.0635 0.0633 0.0637 0.0639 0.0650 0.0645 0.0652 0.0651 0.0639 0.0643 0.0653 0.0641 0.0638 0.0650 0.0654 0.0641 0.0642 0.0639 0.0637 0.0634 0.0632 0.0631 0.0631 0.0631 0.0632 0.0631 0.0632
0.0651 0.0657 0.0658 0.0661 0.0669 0.0675 0.0691 0.0724 0.0749 0.0819 0.1003 0.1125 0.1244 0.1864 0.1421 0.4113 1.0000 0.4089 0.1402 0.1351 0.1123 0.0864 0.0786 0.0739 0.0689 0.0676 0.0667 0.0657 0.0659 0.0657 0.0660 0.0663 0.0658 0.0664 0.0679 0.0672 0.0671 0.0662 0.0653 0.0651 0.0643 0.0641 0.0644 0.0642 0.0642 0.0644 0.0644 0.0642 0.0648 0.0642 0.0649 0.0669 0.0663 0.0651 0.0685 0.0693 0.0667 0.0693 0.0697 0.0675 0.0671 0.0663 0.0672 0.0674 0.0675 0.0675 0.0666 0.0682 0.0683 0.0684 0.0702 0.0717 0.0699 0.0780 0.0757 0.0720 0.0757 0.0799 0.0724 0.0703 0.0754 0.0708 0.0679 0.0676 0.0679 0.0652 0.0649 0.0644 0.0644 0.0640 0.0637 0.0635 0.0635 0.0635 0.0635 0.0636 0.0635 0.0634 0.0636 0.0635 0.0635 0.0637 0.0637 0.0637 0.0637 0.0642 0.0639 0.0644 0.0640 0.0640 0.0638 0.0637 0.0642 0.0645 0.0652 0.0655 0.0650 0.0648 0.0640 0.0639 0.0635 0.0634 0.0634 0.0634 0.0635 0.0634 0.0634 0.0633 0.0635 0.0635 0.0637 0.0640 0.0641 0.0635 0.0637 0.0640 0.0640 0.0640 0.0640 0.0642 0.0646 0.0650 0.0666 0.0652 0.0650 0.0643 0.0643 0.0640 0.0637 0.0635 0.0635 0.0635 0.0636 0.0634 0.0635 0.0636 0.0636 0.0640 0.0641 0.0642 0.0641 0.0640 0.0639 0.0638 0.0644 0.0643 0.0652 0.0659 0.0663 0.0666 0.0667 0.0660 0.0650 0.0646 0.0642 0.0642 0.0642 0.0637 0.0637 0.0636 0.0634 0.0635 0.0633 0.0636 0.0636 0.0637 0.0638 0.0642 0.0642 0.0641 0.0640 0.0641 0.0646 0.0644 0.0644 0.0643 0.0642 0.0640 0.0642 0.0644 0.0644 0.0640 0.0636 0.0644 0.0648 0.0659 0.0651 0.0657 0.0661 0.0644 0.0646 0.0659 0.0650 0.0643 0.0656 0.0666 0.0649 0.0646 0.0642 0.0641 0.0639 0.0636 0.0634 0.0634 0.0633 0.0633 0.0632 0.0632
0.0649 0.0654 0.0654 0.0656 0.0663 0.0667 0.0677 0.0702 0.0724 0.0784 0.0970 0.1029 0.1115 0.1323 0.1425 0.1413 0.4089 1.0000 0.4081 0.1419 0.1317 0.1064 0.0856 0.0773 0.0725 0.0701 0.0679 0.0663 0.0665 0.0661 0.0662 0.0668 0.0671 0.0677 0.0693 0.0679 0.0674 0.0660 0.0650 0.0649 0.0642 0.0639 0.0641 0.0640 0.0640 0.0641 0.0641 0.0648 0.0655 0.0646 0.0663 0.0713 0.0693 0.0668 0.0721 0.0737 0.0679 0.0707 0.0727 0.0678 0.0668 0.0655 0.0675 0.0668 0.0688 0.0672 0.0663 0.0677 0.0689 0.0729 0.0757 0.0746 0.0777 0.0908 0.0845 0.0792 0.0874 0.0934 0.0781 0.0778 0.0856 0.0768 0.0701 0.0711 0.0724 0.0671 0.0657 0.0642 0.0641 0.0637 0.0636 0.0634 0.0633 0.0633 0.0633 0.0635 0.0632 0.0633 0.0633 0.0634 0.0633 0.0636 0.0635 0.0635 0.0636 0.0640 0.0637 0.0642 0.0639 0.0639 0.0637 0.0637 0.0642 0.0645 0.0653 0.0657 0.0651 0.0648 0.0638 0.0637 0.0634 0.0632 0.0633 0.0633 0.0633 0.0633 0.0633 0.0633 0.0634 0.0633 0.0636 0.0637 0.0638 0.0635 0.0635 0.0636 0.0637 0.0637 0.0639 0.0641 0.0645 0.0648 0.0662 0.0649 0.0646 0.0640 0.0640 0.0637 0.0635 0.0633 0.0634 0.0634 0.0635 0.0634 0.0634 0.0635 0.0636 0.0637 0.0639 0.0641 0.0639 0.0637 0.0636 0.0636 0.0640 0.0639 0.0648 0.0652 0.0658 0.0662 0.0664 0.0657 0.0646 0.0645 0.0640 0.0639 0.0640 0.0636 0.0635 0.0635 0.0633 0.0633 0.0632 0.0634 0.0635 0.0636 0.0636 0.0639 0.0639 0.0639 0.0639 0.0640 0.0643 0.0642 0.0642 0.0642 0.0640 0.0637 0.0638 0.0641 0.0641 0.0637 0.0635 0.0641 0.0644 0.0658 0.0650 0.0658 0.0659 0.0642 0.0646 0.0661 0.0646 0.0642 0.0655 0.0663 0.0645 0.0645 0.0641 0.0639 0.0637 0.0634 0.0633 0.0632 0.0632 0.0632 0.0632 0.0632
0.0651 0.0656 0.0655 0.0658 0.0666 0.0669 0.0679 0.0710 0.0727 0.0762 0.0833 0.0836 0.0847 0.0960 0.1133 0.1319 0.1402 0.4081 1.0000 0.4083 0.1450 0.1291 0.1041 0.0835 0.0764 0.0737 0.0702 0.0672 0.0672 0.0666 0.0674 0.0692 0.0705 0.0706 0.0723 0.0692 0.0681 0.0663 0.0653 0.0652 0.0644 0.0641 0.0642 0.0641 0.0640 0.0641 0.0643 0.0657 0.0651 0.0644 0.0667 0.0696 0.0663 0.0652 0.0694 0.0686 0.0653 0.0669 0.0679 0.0653 0.0655 0.0653 0.0660 0.0661 0.0663 0.0663 0.0659 0.0679 0.0679 0.0692 0.0754 0.0755 0.0725 0.0817 0.0815 0.0743 0.0749 0.0794 0.0728 0.0696 0.0728 0.0705 0.0675 0.0680 0.0688 0.0661 0.0651 0.0642 0.0641 0.0638 0.0636 0.0634 0.0633 0.0633 0.0634 0.0635 0.0633 0.0633 0.0635 0.0634 0.0634 0.0636 0.0636 0.0636 0.0637 0.0641 0.0637 0.0642 0.0638 0.0640 0.0637 0.0636 0.0642 0.0646 0.0654 0.0658 0.0653 0.0649 0.0640 0.0639 0.0634 0.0633 0.0633 0.0633 0.0633 0.0633 0.0633 0.0632 0.0634 0.0633 0.0636 0.0637 0.0637 0.0634 0.0635 0.0636 0.0637 0.0638 0.0639 0.0641 0.0645 0.0648 0.0662 0.0649 0.0648 0.0641 0.0641 0.0638 0.0636 0.0634 0.0635 0.0634 0.0635 0.0634 0.0635 0.0635 0.0636 0.0639 0.0640 0.0641 0.0639 0.0637 0.0637 0.0636 0.0641 0.0639 0.0649 0.0654 0.0661 0.0664 0.0664 0.0657 0.0647 0.0644 0.0640 0.0640 0.0641 0.0637 0.0636 0.0636 0.0634 0.0634 0.0632 0.0634 0.0635 0.0635 0.0636 0.0639 0.0639 0.0638 0.0639 0.0639 0.0642 0.0642 0.0642 0.0641 0.0640 0.0637 0.0639 0.0642 0.0641 0.0637 0.0635 0.0641 0.0644 0.0657 0.0649 0.0657 0.0659 0.0642 0.0645 0.0662 0.0648 0.0641 0.0655 0.0664 0.0645 0.0645 0.0641 0.0640 0.0638 0.0635 0.0633 0.0632 0.0632 0.0632 0.0632 0.0632
0.0655 0.0664 0.0661 0.0666 0.0677 0.0681 0.0694 0.0737 0.0755 0.0787 0.0859 0.0818 0.0811 0.0887 0.0912 0.1116 0.1351 0.1419 0.4083 1.0000 0.4178 0.1389 0.1199 0.0978 0.0831 0.0785 0.0748 0.0701 0.0693 0.0684 0.0699 0.0730 0.0733 0.0728 0.0725 0.0689 0.0676 0.0659 0.0651 0.0652 0.0648 0.0642 0.0644 0.0644 0.0642 0.0645 0.0650 0.0671 0.0668 0.0660 0.0699 0.0759 0.0698 0.0684 0.0751 0.0735 0.0675 0.0696 0.0727 0.0674 0.0669 0.0662 0.0678 0.0680 0.0705 0.0688 0.0693 0.0731 0.0739 0.0771 0.0867 0.0862 0.0810 0.0928 0.0902 0.0814 0.0793 0.0794 0.0758 0.0732 0.0721 0.0696 0.0694 0.0693 0.0680 0.0660 0.0654 0.0646 0.0649 0.0647 0.0645 0.0641 0.0641 0.0639 0.0640 0.0638 0.0636 0.0636 0.0638 0.0636 0.0636 0.0642 0.0643 0.0644 0.0645 0.0650 0.0644 0.0646 0.0642 0.0641 0.0639 0.0639 0.0646 0.0654 0.0666 0.0671 0.0668 0.0663 0.0651 0.0649 0.0640 0.0637 0.0636 0.0635 0.0636 0.0635 0.0633 0.0633 0.0635 0.0635 0.0638 0.0641 0.0642 0.0636 0.0638 0.0642 0.0642 0.0642 0.0642 0.0644 0.0649 0.0655 0.0676 0.0661 0.0661 0.0652 0.0650 0.0645 0.0641 0.0638 0.0639 0.0639 0.0639 0.0637 0.0639 0.0639 0.0639 0.0641 0.0642 0.0644 0.0643 0.0642 0.0643 0.0642 0.0649 0.0648 0.0658 0.0667 0.0678 0.0676 0.0671 0.0663 0.0654 0.0650 0.0644 0.0646 0.0646 0.0640 0.0641 0.0641 0.0639 0.0640 0.0637 0.0641 0.0639 0.0640 0.0639 0.0644 0.0644 0.0640 0.0640 0.0640 0.0645 0.0647 0.0645 0.0646 0.0645 0.0643 0.0646 0.0648 0.0650 0.0647 0.0644 0.0653 0.0658 0.0667 0.0653 0.0661 0.0674 0.0650 0.0650 0.0673 0.0662 0.0649 0.0662 0.0677 0.0657 0.0651 0.0645 0.0645 0.0644 0.0641 0.0639 0.0638 0.0637 0.0635 0.0633 0.0633
0.0657 0.0671 0.0664 0.0670 0.0685 0.0687 0.0708 0.0762 0.0781 0.0789 0.0830 0.0787 0.0759 0.0806 0.0821 0.0875 0.1123 0.1317 0.1450 0.4178 1.0000 0.4178 0.1435 0.1159 0.0975 0.0866 0.0803 0.0742 0.0728 0.0723 0.0753 0.0790 0.0778 0.0740 0.0733 0.0686 0.0672 0.0655 0.0650 0.0652 0.0648 0.0644 0.0645 0.0647 0.0644 0.0646 0.0652 0.0672 0.0661 0.0654 0.0687 0.0713 0.0667 0.0661 0.0698 0.0689 0.0654 0.0668 0.0695 0.0663 0.0671 0.0661 0.0668 0.0672 0.0690 0.0681 0.0682 0.0723 0.0728 0.0746 0.0830 0.0829 0.0776 0.0866 0.0881 0.0806 0.0789 0.0795 0.0773 0.0752 0.0746 0.0720 0.0710 0.0718 0.0698 0.0673 0.0661 0.0647 0.0650 0.0649 0.0647 0.0643 0.0642 0.0640 0.0641 0.0639 0.0637 0.0636 0.0639 0.0636 0.0637 0.0643 0.0644 0.0646 0.0648 0.0653 0.0646 0.0648 0.0643 0.0641 0.0640 0.0640 0.0648 0.0659 0.0671 0.0680 0.0676 0.0669 0.0654 0.0651 0.0641 0.0637 0.0636 0.0635 0.0636 0.0635 0.0633 0.0632 0.0635 0.0634 0.0638 0.0641 0.0643 0.0636 0.0638 0.0644 0.0643 0.0643 0.0643 0.0644 0.0649 0.0659 0.0679 0.0663 0.0664 0.0654 0.0651 0.0648 0.0642 0.0639 0.0639 0.0639 0.0639 0.0637 0.0639 0.0640 0.0639 0.0641 0.0641 0.0643 0.0642 0.0641 0.0643 0.0642 0.0647 0.0648 0.0658 0.0666 0.0676 0.0671 0.0668 0.0662 0.0654 0.0650 0.0645 0.0648 0.0648 0.0641 0.0642 0.0643 0.0641 0.0642 0.0638 0.0640 0.0639 0.0640 0.0638 0.0643 0.0644 0.0639 0.0640 0.0639 0.0644 0.0648 0.0645 0.0645 0.0645 0.0642 0.0646 0.0648 0.0649 0.0646 0.0645 0.0655 0.0663 0.0671 0.0657 0.0664 0.0678 0.0653 0.0651 0.0676 0.0666 0.0651 0.0662 0.0680 0.0660 0.0653 0.0646 0.0646 0.0646 0.0642 0.0641 0.0639 0.0637 0.0635 0.0634 0.0633
0.0664 0.0691 0.0678 0.0680 0.0697 0.0695 0.0720 0.0765 0.0764 0.0737 0.0748 0.0716 0.0688 0.0717 0.0763 0.0788 0.0864 0.1064 0.1291 0.1389 0.4178 1.0000 0.4162 0.1440 0.1160 0.0996 0.0864 0.0785 0.0773 0.0782 0.0808 0.0820 0.0789 0.0741 0.0714 0.0675 0.0659 0.0649 0.0645 0.0645 0.0642 0.0641 0.0642 0.0644 0.0641 0.0644 0.0648 0.0661 0.0651 0.0648 0.0675 0.0672 0.0648 0.0652 0.0666 0.0652 0.0640 0.0648 0.0657 0.0655 0.0666 0.0663 0.0661 0.0661 0.0664 0.0669 0.0663 0.0695 0.0686 0.0680 0.0741 0.0755 0.0693 0.0737 0.0771 0.0734 0.0706 0.0733 0.0734 0.0715 0.0721 0.0714 0.0702 0.0699 0.0699 0.0676 0.0663 0.0643 0.0642 0.0641 0.0639 0.0636 0.0636 0.0636 0.0637 0.0637 0.0635 0.0635 0.0636 0.0636 0.0636 0.0640 0.0640 0.0640 0.0641 0.0644 0.0640 0.0643 0.0639 0.0640 0.0639 0.0639 0.0646 0.0650 0.0661 0.0668 0.0663 0.0658 0.0645 0.0642 0.0636 0.0634 0.0635 0.0634 0.0635 0.0634 0.0633 0.0633 0.0634 0.0634 0.0636 0.0639 0.0640 0.0635 0.0637 0.0641 0.0641 0.0642 0.0642 0.0644 0.0649 0.0655 0.0672 0.0657 0.0655 0.0646 0.0645 0.0641 0.0637 0.0635 0.0635 0.0635 0.0636 0.0635 0.0636 0.0637 0.0637 0.0639 0.0640 0.0642 0.0641 0.0639 0.0639 0.0638 0.0642 0.0641 0.0652 0.0657 0.0662 0.0661 0.0661 0.0655 0.0649 0.0647 0.0642 0.0642 0.0644 0.0641 0.0639 0.0639 0.0636 0.0636 0.0634 0.0636 0.0635 0.0636 0.0636 0.0640 0.0639 0.0637 0.0638 0.0638 0.0641 0.0642 0.0641 0.0641 0.0640 0.0638 0.0640 0.0642 0.0641 0.0639 0.0638 0.0644 0.0649 0.0661 0.0652 0.0661 0.0666 0.0645 0.0647 0.0666 0.0651 0.0643 0.0657 0.0668 0.0648 0.0648 0.0643 0.0643 0.0641 0.0637 0.0635 0.0635 0.0634 0.0633 0.0632 0.0632
0.0679 0.0719 0.0703 0.0702 0.0718 0.0715 0.0740 0.0771 0.0747 0.0713 0.0710 0.0681 0.0668 0.0676 0.0703 0.0747 0.0786 0.0856 0.1041 0.1199 0.1435 0.4162 1.0000 0.4151 0.1473 0.1221 0.1031 0.0887 0.0872 0.0866 0.0866 0.0855 0.0796 0.0743 0.0708 0.0674 0.0658 0.0647 0.0645 0.0644 0.0640 0.0640 0.0641 0.0642 0.0640 0.0640 0.0641 0.0648 0.0641 0.0641 0.0653 0.0650 0.0640 0.0642 0.0650 0.0642 0.0637 0.0642 0.0646 0.0648 0.0659 0.0658 0.0657 0.0656 0.0656 0.0666 0.0662 0.0688 0.0678 0.0663 0.0715 0.0729 0.0677 0.0699 0.0742 0.0713 0.0677 0.0698 0.0714 0.0693 0.0684 0.0688 0.0689 0.0679 0.0674 0.0664 0.0658 0.0642 0.0641 0.0639 0.0637 0.0635 0.0635 0.0635 0.0636 0.0636 0.0635 0.0635 0.0636 0.0636 0.0635 0.0639 0.0638 0.0638 0.0640 0.0642 0.0639 0.0642 0.0637 0.0639 0.0639 0.0638 0.0645 0.0648 0.0658 0.0663 0.0659 0.0654 0.0642 0.0640 0.0635 0.0634 0.0633 0.0634 0.0635 0.0633 0.0633 0.0633 0.0635 0.0634 0.0637 0.0639 0.0640 0.0635 0.0638 0.0641 0.0641 0.0641 0.0642 0.0644 0.0649 0.0653 0.0666 0.0652 0.0650 0.0643 0.0641 0.0639 0.0636 0.0634 0.0635 0.0634 0.0637 0.0635 0.0636 0.0637 0.0638 0.0640 0.0641 0.0642 0.0640 0.0638 0.0638 0.0636 0.0642 0.0640 0.0651 0.0654 0.0658 0.0655 0.0657 0.0653 0.0646 0.0645 0.0642 0.0641 0.0642 0.0640 0.0639 0.0638 0.0636 0.0636 0.0633 0.0635 0.0635 0.0635 0.0636 0.0639 0.0637 0.0636 0.0637 0.0637 0.0640 0.0641 0.0639 0.0640 0.0639 0.0637 0.0639 0.0640 0.0640 0.0637 0.0636 0.0642 0.0645 0.0657 0.0650 0.0658 0.0661 0.0644 0.0645 0.0662 0.0648 0.0641 0.0653 0.0662 0.0644 0.0645 0.0642 0.0641 0.0639 0.0636 0.0634 0.0633 0.0633 0.0632 0.0632 0.0632
0.0702 0.0748 0.0725 0.0712 0.0723 0.0707 0.0716 0.0721 0.0700 0.0680 0.0679 0.0664 0.0657 0.0659 0.0667 0.0690 0.0739 0.0773 0.0835 0.0978 0.1159 0.1440 0.4151 1.0000 0.4204 0.1495 0.1268 0.1058 0.0982 0.0931 0.0903 0.0877 0.0808 0.0749 0.0709 0.0677 0.0658 0.0648 0.0643 0.0643 0.0639 0.0638 0.0640 0.0639 0.0637 0.0638 0.0638 0.0642 0.0637 0.0637 0.0644 0.0641 0.0636 0.0638 0.0640 0.0635 0.0635 0.0639 0.0640 0.0643 0.0653 0.0652 0.0652 0.0653 0.0653 0.0664 0.0661 0.0683 0.0671 0.0658 0.0691 0.0708 0.0665 0.0673 0.0708 0.0692 0.0662 0.0683 0.0704 0.0686 0.0674 0.0680 0.0688 0.0678 0.0666 0.0661 0.0657 0.0641 0.0639 0.0636 0.0635 0.0634 0.0634 0.0635 0.0636 0.0637 0.0635 0.0635 0.0635 0.0635 0.0635 0.0637 0.0636 0.0635 0.0637 0.0640 0.0637 0.0641 0.0636 0.0638 0.0638 0.0637 0.0644 0.0645 0.0654 0.0657 0.0652 0.0649 0.0640 0.0639 0.0635 0.0633 0.0634 0.0634 0.0635 0.0634 0.0633 0.0633 0.0635 0.0634 0.0636 0.0639 0.0639 0.0636 0.0637 0.0640 0.0640 0.0640 0.0641 0.0644 0.0648 0.0651 0.0661 0.0648 0.0646 0.0641 0.0639 0.0637 0.0636 0.0633 0.0635 0.0634 0.0636 0.0635 0.0637 0.0636 0.0639 0.0640 0.0642 0.0642 0.0640 0.0638 0.0637 0.0636 0.0641 0.0639 0.0649 0.0651 0.0653 0.0651 0.0652 0.0648 0.0644 0.0644 0.0641 0.0639 0.0641 0.0638 0.0636 0.0637 0.0634 0.0635 0.0632 0.0634 0.0634 0.0635 0.0636 0.0637 0.0636 0.0636 0.0636 0.0636 0.0639 0.0639 0.0638 0.0638 0.0637 0.0636 0.0636 0.0639 0.0639 0.0636 0.0635 0.0640 0.0642 0.0653 0.0648 0.0655 0.0657 0.0642 0.0644 0.0658 0.0644 0.0640 0.0651 0.0659 0.0644 0.0645 0.0641 0.0641 0.0639 0.0635 0.0634 0.0633 0.0632 0.0632 0.0632 0.0632
0.0719 0.0759 0.0738 0.0716 0.0723 0.0701 0.0698 0.0696 0.0676 0.0663 0.0663 0.0656 0.0650 0.0652 0.0658 0.0662 0.0689 0.0725 0.0764 0.0831 0.0975 0.1160 0.1473 0.4204 1.0000 0.4181 0.1486 0.1276 0.1135 0.0980 0.0926 0.0906 0.0820 0.0754 0.0707 0.0675 0.0654 0.0646 0.0642 0.0640 0.0637 0.0636 0.0637 0.0636 0.0636 0.0636 0.0635 0.0636 0.0634 0.0635 0.0636 0.0635 0.0635 0.0635 0.0635 0.0634 0.0633 0.0636 0.0637 0.0639 0.0646 0.0648 0.0646 0.0649 0.0646 0.0657 0.0654 0.0672 0.0660 0.0648 0.0672 0.0683 0.0651 0.0655 0.0683 0.0672 0.0652 0.0668 0.0691 0.0674 0.0662 0.0671 0.0680 0.0669 0.0661 0.0659 0.0653 0.0640 0.0637 0.0634 0.0633 0.0632 0.0633 0.0633 0.0634 0.0635 0.0633 0.0633 0.0633 0.0633 0.0634 0.0635 0.0634 0.0633 0.0634 0.0636 0.0634 0.0638 0.0634 0.0636 0.0637 0.0636 0.0642 0.0642 0.0649 0.0651 0.0646 0.0644 0.0636 0.0635 0.0633 0.0632 0.0633 0.0633 0.0633 0.0633 0.0633 0.0633 0.0634 0.0633 0.0635 0.0636 0.0636 0.0635 0.0637 0.0638 0.0637 0.0639 0.0641 0.0643 0.0645 0.0648 0.0655 0.0644 0.0642 0.0637 0.0636 0.0635 0.0633 0.0632 0.0634 0.0633 0.0635 0.0635 0.0635 0.0635 0.0638 0.0639 0.0641 0.0642 0.0639 0.0636 0.0636 0.0635 0.0639 0.0636 0.0644 0.0645 0.0648 0.0646 0.0647 0.0644 0.0640 0.0641 0.0638 0.0636 0.0637 0.0636 0.0635 0.0635 0.0632 0.0632 0.0631 0.0632 0.0633 0.0633 0.0634 0.0636 0.0635 0.0635 0.0636 0.0636 0.0637 0.0637 0.0636 0.0636 0.0635 0.0634 0.0633 0.0636 0.0635 0.0632 0.0632 0.0635 0.0637 0.0648 0.0644 0.0652 0.0651 0.0639 0.0642 0.0654 0.0641 0.0637 0.0649 0.0654 0.0640 0.0643 0.0639 0.0638 0.0636 0.0633 0.0633 0.0632 0.0631 0.0631 0.0631 0.0632
