1.0000 0.4201 0.1348 0.1021 0.0833 0.0696 0.0651 0.0632 0.0630 0.0637 0.0644 0.0702 0.0777 0.0895 0.1040 0.0974 0.0924 0.0830 0.0771 0.0864 0.0710 0.0694 0.0648 0.0634 0.0628 0.0627 0.0626 0.0625 0.0626 0.0627 0.0626 0.0630 0.0631 0.0636 0.0637 0.0657 0.0658 0.0701 0.0675 0.0684 0.0648 0.0641 0.0642 0.0632 0.0631 0.0628 0.0628 0.0627 0.0628 0.0627 0.0628 0.0627 0.0627 0.0626 0.0626 0.0627 0.0627 0.0627 0.0627 0.0627 0.0626 0.0627 0.0626 0.0627 0.0627 0.0627 0.0627 0.0628 0.0628 0.0630 0.0632 0.0632 0.0629 0.0628 0.0627 0.0627 0.0626 0.0627 0.0626 0.0627 0.0627 0.0627 0.0628 0.0628 0.0629 0.0630 0.0628 0.0630 0.0630 0.0630 0.0632 0.0631 0.0637 0.0632 0.0632 0.0637 0.0639 0.0645 0.0663 0.0670 0.0688 0.0694 0.0684 0.0672 0.0652 0.0651 0.0643 0.0640 0.0641 0.0641 0.0640 0.0640 0.0640 0.0640 0.0639 0.0638 0.0640 0.0638 0.0636 0.0637 0.0636 0.0635 0.0634 0.0636 0.0636 0.0636
0.4201 1.0000 0.4226 0.1416 0.1049 0.0795 0.0693 0.0637 0.0632 0.0646 0.0669 0.0810 0.0955 0.1150 0.1314 0.1109 0.0988 0.0868 0.0826 0.1023 0.0784 0.0760 0.0675 0.0641 0.0628 0.0627 0.0626 0.0626 0.0626 0.0627 0.0626 0.0632 0.0635 0.0646 0.0649 0.0682 0.0670 0.0721 0.0683 0.0716 0.0657 0.0649 0.0653 0.0633 0.0634 0.0628 0.0628 0.0628 0.0628 0.0628 0.0629 0.0628 0.0628 0.0627 0.0628 0.0627 0.0627 0.0627 0.0627 0.0627 0.0626 0.0627 0.0626 0.0627 0.0628 0.0627 0.0627 0.0628 0.0628 0.0631 0.0635 0.0635 0.0631 0.0631 0.0629 0.0628 0.0627 0.0627 0.0627 0.0627 0.0627 0.0627 0.0628 0.0628 0.0630 0.0631 0.0630 0.0631 0.0632 0.0631 0.0636 0.0632 0.0639 0.0632 0.0630 0.0636 0.0636 0.0645 0.0667 0.0677 0.0714 0.0719 0.0724 0.0694 0.0669 0.0663 0.0654 0.0647 0.0648 0.0649 0.0645 0.0645 0.0647 0.0646 0.0645 0.0644 0.0647 0.0645 0.0641 0.0642 0.0642 0.0640 0.0637 0.0639 0.0637 0.0635
0.1348 0.4226 1.0000 0.4007 0.1407 0.0973 0.0791 0.0654 0.0640 0.0676 0.0712 0.0915 0.1116 0.1199 0.1368 0.0985 0.0889 0.0800 0.0803 0.1101 0.0819 0.0829 0.0697 0.0649 0.0630 0.0627 0.0627 0.0627 0.0626 0.0627 0.0627 0.0633 0.0636 0.0654 0.0652 0.0702 0.0671 0.0721 0.0685 0.0730 0.0658 0.0648 0.0653 0.0632 0.0633 0.0628 0.0627 0.0627 0.0628 0.0627 0.0627 0.0628 0.0627 0.0627 0.0627 0.0627 0.0627 0.0627 0.0627 0.0627 0.0626 0.0627 0.0626 0.0627 0.0627 0.0627 0.0627 0.0628 0.0628 0.0631 0.0635 0.0632 0.0629 0.0629 0.0628 0.0627 0.0627 0.0627 0.0627 0.0627 0.0627 0.0627 0.0628 0.0628 0.0629 0.0629 0.0631 0.0629 0.0632 0.0630 0.0633 0.0629 0.0635 0.0630 0.0628 0.0631 0.0630 0.0636 0.0651 0.0658 0.0700 0.0703 0.0727 0.0697 0.0679 0.0670 0.0661 0.0652 0.0654 0.0655 0.0650 0.0649 0.0651 0.0651 0.0649 0.0649 0.0649 0.0646 0.0642 0.0642 0.0642 0.0641 0.0639 0.0640 0.0638 0.0635
0.1021 0.1416 0.4007 1.0000 0.3977 0.1350 0.0998 0.0728 0.0687 0.0821 0.0889 0.1327 0.1418 0.1329 0.1181 0.0838 0.0743 0.0695 0.0729 0.1036 0.0854 0.0940 0.0785 0.0699 0.0644 0.0629 0.0627 0.0626 0.0626 0.0627 0.0628 0.0639 0.0644 0.0679 0.0662 0.0738 0.0679 0.0729 0.0700 0.0774 0.0670 0.0658 0.0667 0.0635 0.0636 0.0627 0.0627 0.0628 0.0627 0.0628 0.0627 0.0628 0.0628 0.0627 0.0627 0.0627 0.0626 0.0626 0.0626 0.0626 0.0626 0.0627 0.0626 0.0626 0.0627 0.0626 0.0626 0.0627 0.0627 0.0630 0.0637 0.0636 0.0632 0.0628 0.0628 0.0628 0.0627 0.0627 0.0627 0.0627 0.0627 0.0627 0.0627 0.0627 0.0628 0.0629 0.0632 0.0630 0.0636 0.0630 0.0632 0.0628 0.0631 0.0628 0.0627 0.0628 0.0627 0.0630 0.0639 0.0644 0.0685 0.0684 0.0734 0.0697 0.0692 0.0679 0.0668 0.0655 0.0657 0.0659 0.0652 0.0650 0.0654 0.0651 0.0648 0.0646 0.0647 0.0642 0.0639 0.0639 0.0639 0.0637 0.0636 0.0637 0.0635 0.0633
0.0833 0.1049 0.1407 0.3977 1.0000 0.3989 0.1436 0.0938 0.0834 0.0964 0.1022 0.1265 0.1772 0.1148 0.1191 0.0786 0.0709 0.0682 0.0736 0.1112 0.0886 0.1055 0.0799 0.0736 0.0646 0.0628 0.0626 0.0626 0.0625 0.0626 0.0628 0.0645 0.0655 0.0728 0.0675 0.0792 0.0685 0.0736 0.0708 0.0795 0.0675 0.0661 0.0668 0.0632 0.0633 0.0627 0.0626 0.0627 0.0626 0.0627 0.0627 0.0629 0.0628 0.0627 0.0629 0.0627 0.0627 0.0627 0.0626 0.0626 0.0626 0.0626 0.0626 0.0626 0.0627 0.0626 0.0626 0.0627 0.0627 0.0630 0.0635 0.0636 0.0632 0.0629 0.0628 0.0626 0.0627 0.0627 0.0627 0.0627 0.0627 0.0627 0.0627 0.0626 0.0628 0.0628 0.0633 0.0629 0.0635 0.0628 0.0631 0.0627 0.0628 0.0627 0.0626 0.0627 0.0627 0.0628 0.0632 0.0633 0.0662 0.0660 0.0720 0.0688 0.0708 0.0692 0.0683 0.0662 0.0662 0.0667 0.0654 0.0652 0.0657 0.0652 0.0648 0.0645 0.0644 0.0640 0.0636 0.0636 0.0636 0.0635 0.0633 0.0635 0.0634 0.0633
0.0696 0.0795 0.0973 0.1350 0.3989 1.0000 0.4184 0.1261 0.1094 0.1427 0.1329 0.1371 0.1370 0.0880 0.0809 0.0645 0.0632 0.0628 0.0638 0.0813 0.0750 0.1009 0.0805 0.0819 0.0692 0.0642 0.0630 0.0626 0.0625 0.0627 0.0628 0.0656 0.0649 0.0754 0.0665 0.0802 0.0676 0.0721 0.0699 0.0791 0.0673 0.0667 0.0677 0.0634 0.0634 0.0627 0.0626 0.0627 0.0627 0.0627 0.0627 0.0628 0.0627 0.0627 0.0628 0.0627 0.0626 0.0626 0.0626 0.0626 0.0626 0.0626 0.0627 0.0627 0.0627 0.0626 0.0626 0.0627 0.0627 0.0630 0.0634 0.0636 0.0631 0.0629 0.0628 0.0627 0.0628 0.0627 0.0628 0.0626 0.0629 0.0627 0.0628 0.0627 0.0630 0.0627 0.0632 0.0628 0.0631 0.0627 0.0628 0.0627 0.0627 0.0626 0.0626 0.0626 0.0625 0.0626 0.0627 0.0627 0.0639 0.0639 0.0681 0.0666 0.0703 0.0702 0.0697 0.0678 0.0677 0.0678 0.0662 0.0661 0.0667 0.0657 0.0650 0.0646 0.0645 0.0641 0.0637 0.0636 0.0636 0.0635 0.0633 0.0635 0.0635 0.0632
0.0651 0.0693 0.0791 0.0998 0.1436 0.4184 1.0000 0.4225 0.1736 0.1718 0.1874 0.1353 0.1684 0.0921 0.0818 0.0650 0.0633 0.0631 0.0664 0.0915 0.0881 0.1399 0.0981 0.1067 0.0791 0.0689 0.0646 0.0629 0.0627 0.0634 0.0661 0.0771 0.0756 0.1003 0.0769 0.0988 0.0733 0.0760 0.0728 0.0868 0.0710 0.0724 0.0758 0.0659 0.0657 0.0630 0.0627 0.0634 0.0628 0.0641 0.0630 0.0641 0.0629 0.0632 0.0630 0.0629 0.0627 0.0627 0.0626 0.0627 0.0627 0.0626 0.0630 0.0627 0.0632 0.0627 0.0628 0.0629 0.0629 0.0632 0.0645 0.0650 0.0647 0.0637 0.0640 0.0630 0.0634 0.0628 0.0632 0.0628 0.0636 0.0630 0.0633 0.0631 0.0636 0.0631 0.0652 0.0632 0.0648 0.0629 0.0632 0.0627 0.0627 0.0627 0.0626 0.0627 0.0626 0.0627 0.0628 0.0628 0.0651 0.0645 0.0726 0.0690 0.0773 0.0739 0.0737 0.0693 0.0687 0.0686 0.0663 0.0658 0.0664 0.0654 0.0647 0.0645 0.0644 0.0641 0.0637 0.0637 0.0635 0.0635 0.0633 0.0636 0.0635 0.0633
0.0632 0.0637 0.0654 0.0728 0.0938 0.1261 0.4225 1.0000 0.4150 0.1391 0.1294 0.0901 0.1000 0.0690 0.0659 0.0627 0.0626 0.0626 0.0632 0.0722 0.0711 0.1029 0.0816 0.0995 0.0783 0.0712 0.0666 0.0635 0.0633 0.0641 0.0668 0.0807 0.0760 0.1117 0.0824 0.1176 0.0813 0.0829 0.0786 0.0952 0.0777 0.0806 0.0827 0.0694 0.0688 0.0641 0.0634 0.0645 0.0633 0.0648 0.0633 0.0647 0.0633 0.0635 0.0634 0.0632 0.0628 0.0628 0.0627 0.0628 0.0627 0.0628 0.0633 0.0629 0.0640 0.0630 0.0634 0.0635 0.0632 0.0637 0.0656 0.0663 0.0659 0.0648 0.0652 0.0637 0.0644 0.0634 0.0641 0.0635 0.0650 0.0637 0.0642 0.0640 0.0646 0.0638 0.0660 0.0636 0.0647 0.0631 0.0631 0.0628 0.0628 0.0627 0.0627 0.0627 0.0627 0.0627 0.0628 0.0628 0.0635 0.0634 0.0670 0.0653 0.0706 0.0702 0.0701 0.0680 0.0681 0.0683 0.0664 0.0661 0.0668 0.0657 0.0650 0.0648 0.0649 0.0644 0.0641 0.0641 0.0639 0.0638 0.0636 0.0639 0.0637 0.0635
0.0630 0.0632 0.0640 0.0687 0.0834 0.1094 0.1736 0.4150 1.0000 0.4272 0.1751 0.0978 0.0974 0.0688 0.0642 0.0626 0.0626 0.0627 0.0632 0.0716 0.0738 0.1165 0.0969 0.1420 0.1015 0.0872 0.0755 0.0662 0.0667 0.0696 0.0779 0.1002 0.0863 0.1256 0.0789 0.0958 0.0695 0.0697 0.0675 0.0758 0.0676 0.0707 0.0730 0.0659 0.0661 0.0635 0.0632 0.0645 0.0637 0.0666 0.0639 0.0665 0.0636 0.0641 0.0635 0.0632 0.0628 0.0627 0.0627 0.0629 0.0628 0.0628 0.0636 0.0630 0.0645 0.0630 0.0634 0.0635 0.0632 0.0638 0.0661 0.0674 0.0674 0.0656 0.0663 0.0639 0.0649 0.0633 0.0641 0.0636 0.0662 0.0642 0.0646 0.0648 0.0664 0.0649 0.0692 0.0641 0.0658 0.0631 0.0630 0.0627 0.0627 0.0627 0.0626 0.0626 0.0627 0.0627 0.0630 0.0630 0.0638 0.0636 0.0688 0.0669 0.0748 0.0742 0.0741 0.0709 0.0703 0.0700 0.0672 0.0664 0.0672 0.0658 0.0651 0.0647 0.0646 0.0642 0.0638 0.0639 0.0639 0.0637 0.0634 0.0637 0.0635 0.0633
0.0637 0.0646 0.0676 0.0821 0.0964 0.1427 0.1718 0.1391 0.4272 1.0000 0.4520 0.1260 0.1015 0.0737 0.0642 0.0626 0.0625 0.0624 0.0627 0.0684 0.0730 0.1163 0.1081 0.1612 0.1187 0.0912 0.0773 0.0664 0.0676 0.0700 0.0815 0.0913 0.0794 0.0931 0.0666 0.0751 0.0632 0.0647 0.0636 0.0684 0.0640 0.0657 0.0677 0.0636 0.0641 0.0628 0.0627 0.0632 0.0630 0.0645 0.0632 0.0649 0.0632 0.0636 0.0631 0.0630 0.0627 0.0627 0.0626 0.0627 0.0627 0.0627 0.0631 0.0627 0.0635 0.0627 0.0629 0.0629 0.0627 0.0631 0.0644 0.0649 0.0649 0.0639 0.0646 0.0632 0.0639 0.0630 0.0636 0.0632 0.0653 0.0636 0.0642 0.0644 0.0657 0.0643 0.0680 0.0633 0.0646 0.0627 0.0626 0.0627 0.0626 0.0626 0.0626 0.0626 0.0625 0.0627 0.0626 0.0626 0.0638 0.0639 0.0737 0.0714 0.0840 0.0830 0.0807 0.0758 0.0736 0.0721 0.0681 0.0666 0.0670 0.0657 0.0649 0.0645 0.0644 0.0640 0.0637 0.0639 0.0637 0.0636 0.0635 0.0636 0.0635 0.0633
0.0644 0.0669 0.0712 0.0889 0.1022 0.1329 0.1874 0.1294 0.1751 0.4520 1.0000 0.4218 0.1459 0.0965 0.0745 0.0636 0.0626 0.0623 0.0640 0.0857 0.0973 0.1887 0.1644 0.1971 0.1198 0.0880 0.0719 0.0647 0.0677 0.0718 0.0930 0.1017 0.0983 0.1102 0.0759 0.0852 0.0645 0.0656 0.0641 0.0715 0.0645 0.0669 0.0720 0.0647 0.0661 0.0630 0.0629 0.0645 0.0635 0.0687 0.0640 0.0686 0.0636 0.0651 0.0634 0.0633 0.0627 0.0626 0.0627 0.0628 0.0628 0.0628 0.0642 0.0629 0.0653 0.0628 0.0633 0.0632 0.0628 0.0635 0.0670 0.0679 0.0701 0.0653 0.0671 0.0633 0.0641 0.0628 0.0636 0.0631 0.0662 0.0637 0.0644 0.0650 0.0681 0.0671 0.0776 0.0659 0.0718 0.0633 0.0635 0.0626 0.0626 0.0626 0.0625 0.0626 0.0626 0.0626 0.0626 0.0628 0.0687 0.0674 0.0898 0.0803 0.0972 0.0857 0.0815 0.0733 0.0714 0.0703 0.0664 0.0651 0.0657 0.0647 0.0642 0.0640 0.0640 0.0636 0.0635 0.0636 0.0636 0.0635 0.0633 0.0635 0.0635 0.0632
0.0702 0.0810 0.0915 0.1327 0.1265 0.1371 0.1353 0.0901 0.0978 0.1260 0.4218 1.0000 0.3935 0.1465 0.0923 0.0728 0.0635 0.0627 0.0679 0.0931 0.1110 0.1527 0.1841 0.1261 0.1006 0.0737 0.0653 0.0632 0.0653 0.0669 0.0883 0.0861 0.0968 0.0919 0.0743 0.0793 0.0635 0.0654 0.0631 0.0695 0.0636 0.0652 0.0702 0.0639 0.0654 0.0628 0.0627 0.0639 0.0628 0.0670 0.0631 0.0674 0.0634 0.0646 0.0636 0.0633 0.0628 0.0627 0.0626 0.0629 0.0628 0.0627 0.0635 0.0627 0.0647 0.0627 0.0632 0.0632 0.0630 0.0636 0.0688 0.0683 0.0703 0.0644 0.0654 0.0628 0.0632 0.0627 0.0633 0.0629 0.0650 0.0635 0.0640 0.0649 0.0684 0.0697 0.0844 0.0692 0.0812 0.0644 0.0653 0.0626 0.0626 0.0626 0.0626 0.0625 0.0624 0.0626 0.0636 0.0644 0.0838 0.0805 0.1247 0.1040 0.1123 0.0927 0.0802 0.0721 0.0697 0.0684 0.0653 0.0643 0.0648 0.0642 0.0639 0.0637 0.0640 0.0636 0.0635 0.0637 0.0637 0.0635 0.0633 0.0635 0.0635 0.0632
0.0777 0.0955 0.1116 0.1418 0.1772 0.1370 0.1684 0.1000 0.0974 0.1015 0.1459 0.3935 1.0000 0.3925 0.1417 0.0931 0.0776 0.0720 0.0903 0.1570 0.1488 0.1934 0.1314 0.0975 0.0734 0.0635 0.0626 0.0626 0.0624 0.0626 0.0720 0.0752 0.0936 0.1026 0.0922 0.1140 0.0793 0.0855 0.0737 0.0908 0.0698 0.0719 0.0826 0.0667 0.0690 0.0632 0.0629 0.0650 0.0630 0.0683 0.0630 0.0664 0.0630 0.0639 0.0630 0.0630 0.0626 0.0626 0.0626 0.0627 0.0627 0.0626 0.0633 0.0626 0.0644 0.0626 0.0631 0.0631 0.0627 0.0634 0.0681 0.0664 0.0689 0.0629 0.0639 0.0626 0.0627 0.0626 0.0627 0.0625 0.0628 0.0626 0.0627 0.0627 0.0637 0.0645 0.0745 0.0663 0.0824 0.0645 0.0695 0.0626 0.0631 0.0626 0.0625 0.0626 0.0626 0.0633 0.0677 0.0666 0.0944 0.0786 0.1094 0.0804 0.0838 0.0704 0.0675 0.0643 0.0640 0.0641 0.0633 0.0631 0.0634 0.0633 0.0632 0.0632 0.0634 0.0632 0.0631 0.0632 0.0632 0.0632 0.0631 0.0634 0.0634 0.0631
0.0895 0.1150 0.1199 0.1329 0.1148 0.0880 0.0921 0.0690 0.0688 0.0737 0.0965 0.1465 0.3925 1.0000 0.3970 0.1365 0.0979 0.0825 0.1057 0.1515 0.1989 0.1353 0.1233 0.0797 0.0674 0.0629 0.0626 0.0626 0.0626 0.0628 0.0725 0.0718 0.0994 0.0930 0.0985 0.0978 0.0755 0.0800 0.0663 0.0745 0.0635 0.0644 0.0725 0.0637 0.0677 0.0631 0.0629 0.0662 0.0633 0.0710 0.0635 0.0688 0.0635 0.0651 0.0638 0.0636 0.0628 0.0627 0.0627 0.0628 0.0628 0.0626 0.0642 0.0628 0.0670 0.0630 0.0645 0.0639 0.0633 0.0652 0.0752 0.0704 0.0734 0.0636 0.0642 0.0626 0.0627 0.0626 0.0627 0.0626 0.0629 0.0626 0.0627 0.0628 0.0642 0.0671 0.0800 0.0758 0.1085 0.0767 0.0890 0.0662 0.0672 0.0627 0.0627 0.0644 0.0650 0.0696 0.0887 0.0853 0.1506 0.1050 0.1339 0.0909 0.0827 0.0695 0.0653 0.0634 0.0633 0.0635 0.0632 0.0631 0.0633 0.0633 0.0634 0.0633 0.0634 0.0632 0.0631 0.0631 0.0631 0.0631 0.0630 0.0633 0.0633 0.0631
0.1040 0.1314 0.1368 0.1181 0.1191 0.0809 0.0818 0.0659 0.0642 0.0642 0.0745 0.0923 0.1417 0.3970 1.0000 0.3984 0.1542 0.1207 0.1378 0.1991 0.1353 0.0988 0.0797 0.0635 0.0622 0.0626 0.0626 0.0626 0.0624 0.0625 0.0626 0.0628 0.0733 0.0765 0.0897 0.1021 0.0901 0.1105 0.0803 0.0881 0.0683 0.0677 0.0758 0.0646 0.0668 0.0630 0.0627 0.0641 0.0626 0.0644 0.0624 0.0632 0.0626 0.0628 0.0627 0.0627 0.0625 0.0625 0.0626 0.0626 0.0625 0.0624 0.0627 0.0625 0.0633 0.0625 0.0630 0.0630 0.0627 0.0635 0.0680 0.0644 0.0649 0.0624 0.0626 0.0626 0.0626 0.0626 0.0626 0.0625 0.0625 0.0625 0.0626 0.0626 0.0626 0.0628 0.0650 0.0649 0.0797 0.0674 0.0826 0.0650 0.0696 0.0630 0.0632 0.0674 0.0688 0.0732 0.0958 0.0809 0.1189 0.0814 0.0880 0.0686 0.0659 0.0630 0.0627 0.0625 0.0626 0.0628 0.0626 0.0627 0.0628 0.0630 0.0631 0.0631 0.0632 0.0631 0.0630 0.0631 0.0632 0.0632 0.0631 0.0635 0.0636 0.0633
0.0974 0.1109 0.0985 0.0838 0.0786 0.0645 0.0650 0.0627 0.0626 0.0626 0.0636 0.0728 0.0931 0.1365 0.3984 1.0000 0.4385 0.1273 0.1499 0.1325 0.1276 0.0809 0.0715 0.0627 0.0624 0.0626 0.0626 0.0625 0.0627 0.0626 0.0626 0.0627 0.0721 0.0715 0.0921 0.0902 0.0879 0.0971 0.0714 0.0726 0.0640 0.0641 0.0702 0.0644 0.0677 0.0640 0.0636 0.0667 0.0633 0.0669 0.0631 0.0639 0.0629 0.0631 0.0630 0.0630 0.0627 0.0626 0.0626 0.0627 0.0627 0.0626 0.0630 0.0627 0.0645 0.0628 0.0643 0.0633 0.0632 0.0647 0.0709 0.0657 0.0659 0.0626 0.0627 0.0626 0.0627 0.0626 0.0627 0.0626 0.0627 0.0626 0.0626 0.0626 0.0626 0.0631 0.0653 0.0682 0.0856 0.0777 0.1049 0.0755 0.0856 0.0674 0.0679 0.0797 0.0881 0.1006 0.1588 0.1110 0.1536 0.0896 0.0852 0.0671 0.0641 0.0626 0.0627 0.0626 0.0626 0.0627 0.0627 0.0627 0.0629 0.0630 0.0630 0.0631 0.0631 0.0631 0.0630 0.0631 0.0632 0.0632 0.0631 0.0633 0.0635 0.0633
0.0924 0.0988 0.0889 0.0743 0.0709 0.0632 0.0633 0.0626 0.0626 0.0625 0.0626 0.0635 0.0776 0.0979 0.1542 0.4385 1.0000 0.4393 0.1724 0.1197 0.0952 0.0680 0.0635 0.0626 0.0624 0.0626 0.0626 0.0626 0.0626 0.0626 0.0626 0.0626 0.0639 0.0646 0.0802 0.0865 0.0977 0.1183 0.0828 0.0798 0.0680 0.0667 0.0737 0.0652 0.0668 0.0636 0.0630 0.0645 0.0626 0.0634 0.0626 0.0627 0.0626 0.0626 0.0627 0.0627 0.0625 0.0625 0.0626 0.0626 0.0626 0.0626 0.0626 0.0626 0.0630 0.0626 0.0631 0.0628 0.0628 0.0637 0.0672 0.0635 0.0632 0.0626 0.0626 0.0626 0.0627 0.0626 0.0626 0.0626 0.0626 0.0626 0.0626 0.0625 0.0625 0.0626 0.0627 0.0635 0.0705 0.0685 0.0910 0.0728 0.0890 0.0699 0.0727 0.0902 0.0990 0.1020 0.1359 0.0888 0.1001 0.0699 0.0676 0.0627 0.0626 0.0624 0.0626 0.0625 0.0626 0.0626 0.0627 0.0627 0.0627 0.0628 0.0628 0.0628 0.0630 0.0630 0.0630 0.0630 0.0631 0.0631 0.0631 0.0632 0.0633 0.0633
0.0830 0.0868 0.0800 0.0695 0.0682 0.0628 0.0631 0.0626 0.0627 0.0624 0.0623 0.0627 0.0720 0.0825 0.1207 0.1273 0.4393 1.0000 0.4078 0.1231 0.0914 0.0683 0.0629 0.0624 0.0624 0.0626 0.0626 0.0626 0.0627 0.0627 0.0625 0.0626 0.0635 0.0674 0.0900 0.1051 0.1364 0.1814 0.1110 0.1005 0.0798 0.0769 0.0888 0.0712 0.0728 0.0654 0.0639 0.0670 0.0626 0.0641 0.0624 0.0626 0.0625 0.0625 0.0626 0.0626 0.0625 0.0626 0.0626 0.0627 0.0626 0.0627 0.0626 0.0626 0.0630 0.0625 0.0634 0.0630 0.0631 0.0650 0.0696 0.0640 0.0631 0.0623 0.0625 0.0626 0.0626 0.0626 0.0627 0.0626 0.0625 0.0626 0.0626 0.0626 0.0625 0.0625 0.0624 0.0629 0.0698 0.0675 0.0952 0.0742 0.0954 0.0723 0.0743 0.0919 0.0943 0.0958 0.1216 0.0781 0.0886 0.0649 0.0651 0.0622 0.0624 0.0624 0.0625 0.0625 0.0624 0.0626 0.0626 0.0626 0.0627 0.0627 0.0628 0.0629 0.0629 0.0629 0.0628 0.0630 0.0631 0.0631 0.0631 0.0632 0.0634 0.0633
0.0771 0.0826 0.0803 0.0729 0.0736 0.0638 0.0664 0.0632 0.0632 0.0627 0.0640 0.0679 0.0903 0.1057 0.1378 0.1499 0.1724 0.4078 1.0000 0.3991 0.1464 0.0911 0.0756 0.0628 0.0624 0.0624 0.0624 0.0626 0.0627 0.0626 0.0627 0.0633 0.0841 0.0925 0.1557 0.1476 0.1638 0.1504 0.0996 0.1079 0.0834 0.0884 0.1199 0.0865 0.0957 0.0725 0.0689 0.0818 0.0664 0.0759 0.0633 0.0653 0.0625 0.0636 0.0627 0.0630 0.0626 0.0626 0.0627 0.0628 0.0627 0.0627 0.0634 0.0626 0.0686 0.0633 0.0696 0.0658 0.0654 0.0720 0.0881 0.0738 0.0738 0.0628 0.0630 0.0626 0.0626 0.0626 0.0627 0.0626 0.0626 0.0626 0.0626 0.0624 0.0625 0.0626 0.0645 0.0674 0.0952 0.0866 0.1535 0.0936 0.1212 0.0778 0.0745 0.0944 0.0916 0.1080 0.1461 0.0931 0.1237 0.0738 0.0756 0.0631 0.0628 0.0624 0.0626 0.0625 0.0625 0.0626 0.0626 0.0626 0.0627 0.0627 0.0628 0.0628 0.0629 0.0628 0.0627 0.0629 0.0630 0.0629 0.0627 0.0630 0.0631 0.0630
0.0864 0.1023 0.1101 0.1036 0.1112 0.0813 0.0915 0.0722 0.0716 0.0684 0.0857 0.0931 0.1570 0.1515 0.1991 0.1325 0.1197 0.1231 0.3991 1.0000 0.3954 0.1416 0.0921 0.0733 0.0626 0.0624 0.0626 0.0625 0.0626 0.0627 0.0632 0.0689 0.0909 0.1152 0.1408 0.2163 0.1401 0.1452 0.1007 0.1229 0.0849 0.0869 0.1029 0.0745 0.0798 0.0643 0.0631 0.0686 0.0626 0.0709 0.0622 0.0652 0.0624 0.0632 0.0626 0.0626 0.0626 0.0625 0.0626 0.0627 0.0626 0.0626 0.0633 0.0623 0.0663 0.0623 0.0654 0.0650 0.0641 0.0702 0.0872 0.0785 0.0740 0.0630 0.0629 0.0624 0.0624 0.0626 0.0625 0.0626 0.0624 0.0625 0.0626 0.0625 0.0623 0.0625 0.0647 0.0630 0.0847 0.0676 0.0952 0.0662 0.0763 0.0635 0.0633 0.0686 0.0668 0.0730 0.0889 0.0712 0.0996 0.0679 0.0771 0.0632 0.0635 0.0625 0.0625 0.0626 0.0626 0.0626 0.0626 0.0627 0.0627 0.0627 0.0627 0.0627 0.0628 0.0628 0.0627 0.0628 0.0628 0.0628 0.0628 0.0630 0.0631 0.0628
0.0710 0.0784 0.0819 0.0854 0.0886 0.0750 0.0881 0.0711 0.0738 0.0730 0.0973 0.1110 0.1488 0.1989 0.1353 0.1276 0.0952 0.0914 0.1464 0.3954 1.0000 0.3950 0.1522 0.0941 0.0721 0.0644 0.0624 0.0623 0.0623 0.0635 0.0860 0.0933 0.1644 0.1493 0.1918 0.1355 0.0958 0.0852 0.0685 0.0830 0.0683 0.0756 0.0978 0.0762 0.0937 0.0686 0.0677 0.0877 0.0738 0.1073 0.0723 0.0904 0.0657 0.0714 0.0633 0.0632 0.0624 0.0624 0.0626 0.0632 0.0640 0.0633 0.0757 0.0653 0.0881 0.0675 0.0758 0.0721 0.0659 0.0719 0.0980 0.0967 0.1042 0.0735 0.0772 0.0626 0.0634 0.0624 0.0627 0.0624 0.0628 0.0624 0.0625 0.0624 0.0634 0.0657 0.0893 0.0828 0.1479 0.0935 0.1321 0.0777 0.0810 0.0643 0.0632 0.0674 0.0659 0.0767 0.0975 0.0883 0.1558 0.0926 0.1235 0.0744 0.0775 0.0636 0.0638 0.0627 0.0626 0.0629 0.0627 0.0626 0.0626 0.0626 0.0627 0.0626 0.0627 0.0626 0.0626 0.0627 0.0627 0.0627 0.0627 0.0627 0.0627 0.0626
0.0694 0.0760 0.0829 0.0940 0.1055 0.1009 0.1399 0.1029 0.1165 0.1163 0.1887 0.1527 0.1934 0.1353 0.0988 0.0809 0.0680 0.0683 0.0911 0.1416 0.3950 1.0000 0.3918 0.1501 0.0900 0.0767 0.0632 0.0626 0.0632 0.0689 0.0942 0.1196 0.1425 0.2202 0.1278 0.1367 0.0823 0.0751 0.0662 0.0794 0.0671 0.0731 0.0833 0.0681 0.0749 0.0636 0.0627 0.0671 0.0631 0.0806 0.0632 0.0785 0.0624 0.0677 0.0624 0.0627 0.0626 0.0625 0.0626 0.0627 0.0627 0.0622 0.0683 0.0620 0.0729 0.0633 0.0665 0.0702 0.0655 0.0699 0.0900 0.1030 0.0926 0.0765 0.0750 0.0624 0.0634 0.0624 0.0628 0.0626 0.0639 0.0626 0.0628 0.0626 0.0633 0.0628 0.0780 0.0649 0.0922 0.0650 0.0769 0.0622 0.0636 0.0625 0.0625 0.0627 0.0624 0.0632 0.0665 0.0642 0.0865 0.0677 0.0925 0.0667 0.0767 0.0643 0.0655 0.0633 0.0633 0.0637 0.0631 0.0631 0.0631 0.0629 0.0630 0.0630 0.0630 0.0629 0.0630 0.0631 0.0631 0.0631 0.0631 0.0633 0.0632 0.0629
0.0648 0.0675 0.0697 0.0785 0.0799 0.0805 0.0981 0.0816 0.0969 0.1081 0.1644 0.1841 0.1314 0.1233 0.0797 0.0715 0.0635 0.0629 0.0756 0.0921 0.1522 0.3918 1.0000 0.3948 0.1351 0.0971 0.0707 0.0661 0.0805 0.0913 0.1704 0.1423 0.1849 0.1294 0.0961 0.0812 0.0631 0.0626 0.0624 0.0640 0.0623 0.0635 0.0674 0.0630 0.0685 0.0626 0.0630 0.0715 0.0710 0.1129 0.0831 0.1312 0.0800 0.0963 0.0682 0.0668 0.0626 0.0625 0.0627 0.0648 0.0711 0.0678 0.0978 0.0721 0.0984 0.0706 0.0693 0.0712 0.0635 0.0639 0.0762 0.0933 0.1040 0.0909 0.1065 0.0722 0.0798 0.0642 0.0689 0.0649 0.0774 0.0667 0.0662 0.0656 0.0789 0.0774 0.1281 0.0863 0.1280 0.0749 0.0793 0.0631 0.0631 0.0623 0.0624 0.0625 0.0624 0.0628 0.0651 0.0662 0.0945 0.0807 0.1383 0.0886 0.1213 0.0780 0.0802 0.0669 0.0653 0.0660 0.0634 0.0630 0.0632 0.0629 0.0628 0.0628 0.0630 0.0628 0.0628 0.0629 0.0630 0.0629 0.0628 0.0631 0.0630 0.0627
0.0634 0.0641 0.0649 0.0699 0.0736 0.0819 0.1067 0.0995 0.1420 0.1612 0.1971 0.1261 0.0975 0.0797 0.0635 0.0627 0.0626 0.0624 0.0628 0.0733 0.0941 0.1501 0.3948 1.0000 0.3949 0.1496 0.0942 0.0812 0.0910 0.1080 0.1450 0.2064 0.1274 0.1425 0.0819 0.0776 0.0627 0.0626 0.0624 0.0635 0.0627 0.0635 0.0652 0.0627 0.0645 0.0626 0.0625 0.0633 0.0627 0.0752 0.0635 0.0840 0.0635 0.0739 0.0624 0.0633 0.0624 0.0625 0.0624 0.0626 0.0635 0.0622 0.0736 0.0633 0.0746 0.0666 0.0653 0.0746 0.0659 0.0649 0.0735 0.1014 0.0909 0.0994 0.0938 0.0728 0.0755 0.0640 0.0689 0.0661 0.0772 0.0668 0.0665 0.0634 0.0688 0.0637 0.0837 0.0636 0.0773 0.0624 0.0634 0.0625 0.0624 0.0626 0.0625 0.0626 0.0626 0.0625 0.0624 0.0624 0.0669 0.0631 0.0815 0.0665 0.0883 0.0697 0.0778 0.0684 0.0676 0.0688 0.0652 0.0644 0.0648 0.0642 0.0640 0.0639 0.0640 0.0637 0.0636 0.0638 0.0639 0.0636 0.0635 0.0638 0.0635 0.0632
0.0628 0.0628 0.0630 0.0644 0.0646 0.0692 0.0791 0.0783 0.1015 0.1187 0.1198 0.1006 0.0734 0.0674 0.0622 0.0624 0.0624 0.0624 0.0624 0.0626 0.0721 0.0900 0.1351 0.3949 1.0000 0.3961 0.1301 0.1083 0.1439 0.1369 0.1765 0.1308 0.0926 0.0820 0.0631 0.0626 0.0627 0.0625 0.0625 0.0625 0.0625 0.0624 0.0624 0.0624 0.0624 0.0625 0.0625 0.0626 0.0628 0.0711 0.0655 0.0901 0.0697 0.0900 0.0677 0.0697 0.0636 0.0628 0.0632 0.0644 0.0711 0.0653 0.0858 0.0678 0.0736 0.0658 0.0629 0.0657 0.0627 0.0622 0.0630 0.0733 0.0742 0.0886 0.0983 0.0839 0.0996 0.0765 0.0922 0.0871 0.1181 0.0881 0.0843 0.0742 0.0894 0.0720 0.0935 0.0659 0.0720 0.0626 0.0625 0.0625 0.0624 0.0625 0.0625 0.0626 0.0625 0.0625 0.0624 0.0624 0.0639 0.0633 0.0794 0.0724 0.1085 0.0856 0.1036 0.0813 0.0772 0.0764 0.0689 0.0666 0.0669 0.0654 0.0645 0.0644 0.0646 0.0641 0.0639 0.0640 0.0640 0.0637 0.0635 0.0638 0.0635 0.0632
0.0627 0.0627 0.0627 0.0629 0.0628 0.0642 0.0689 0.0712 0.0872 0.0912 0.0880 0.0737 0.0635 0.0629 0.0626 0.0626 0.0626 0.0626 0.0624 0.0624 0.0644 0.0767 0.0971 0.1496 0.3961 1.0000 0.4098 0.1657 0.1622 0.2093 0.1405 0.1694 0.0888 0.0844 0.0634 0.0627 0.0624 0.0625 0.0624 0.0626 0.0625 0.0625 0.0625 0.0624 0.0626 0.0625 0.0626 0.0626 0.0627 0.0663 0.0631 0.0750 0.0637 0.0741 0.0633 0.0643 0.0627 0.0626 0.0627 0.0629 0.0652 0.0635 0.0761 0.0678 0.0719 0.0717 0.0648 0.0744 0.0657 0.0632 0.0651 0.0854 0.0796 0.1152 0.1046 0.0969 0.1003 0.0775 0.0857 0.0816 0.0945 0.0743 0.0716 0.0650 0.0708 0.0630 0.0724 0.0624 0.0646 0.0625 0.0625 0.0625 0.0625 0.0624 0.0625 0.0625 0.0626 0.0626 0.0626 0.0626 0.0628 0.0625 0.0658 0.0637 0.0778 0.0699 0.0819 0.0724 0.0717 0.0724 0.0676 0.0663 0.0668 0.0655 0.0648 0.0646 0.0648 0.0644 0.0641 0.0642 0.0641 0.0639 0.0636 0.0639 0.0636 0.0633
0.0626 0.0626 0.0627 0.0627 0.0626 0.0630 0.0646 0.0666 0.0755 0.0773 0.0719 0.0653 0.0626 0.0626 0.0626 0.0626 0.0626 0.0626 0.0624 0.0626 0.0624 0.0632 0.0707 0.0942 0.1301 0.4098 1.0000 0.4169 0.1352 0.1318 0.0921 0.0928 0.0649 0.0647 0.0626 0.0624 0.0625 0.0626 0.0625 0.0625 0.0624 0.0624 0.0624 0.0625 0.0625 0.0626 0.0626 0.0626 0.0626 0.0626 0.0624 0.0644 0.0624 0.0662 0.0626 0.0639 0.0627 0.0626 0.0627 0.0626 0.0633 0.0626 0.0655 0.0639 0.0633 0.0645 0.0624 0.0653 0.0631 0.0626 0.0626 0.0670 0.0641 0.0798 0.0768 0.0801 0.0837 0.0733 0.0806 0.0821 0.0905 0.0767 0.0758 0.0666 0.0681 0.0629 0.0649 0.0624 0.0627 0.0626 0.0624 0.0626 0.0625 0.0626 0.0626 0.0626 0.0626 0.0625 0.0625 0.0626 0.0624 0.0626 0.0632 0.0630 0.0698 0.0686 0.0803 0.0748 0.0745 0.0747 0.0699 0.0684 0.0683 0.0669 0.0655 0.0650 0.0650 0.0646 0.0644 0.0643 0.0642 0.0639 0.0636 0.0638 0.0637 0.0636
0.0625 0.0626 0.0627 0.0626 0.0626 0.0626 0.0629 0.0635 0.0662 0.0664 0.0647 0.0632 0.0626 0.0626 0.0626 0.0625 0.0626 0.0626 0.0626 0.0625 0.0623 0.0626 0.0661 0.0812 0.1083 0.1657 0.4169 1.0000 0.4161 0.1725 0.0963 0.0887 0.0640 0.0631 0.0624 0.0624 0.0626 0.0625 0.0626 0.0626 0.0625 0.0624 0.0624 0.0626 0.0624 0.0626 0.0624 0.0624 0.0624 0.0624 0.0623 0.0659 0.0627 0.0701 0.0633 0.0657 0.0630 0.0627 0.0628 0.0628 0.0658 0.0635 0.0704 0.0686 0.0642 0.0667 0.0624 0.0650 0.0630 0.0626 0.0626 0.0651 0.0638 0.0843 0.0844 0.0987 0.1037 0.0928 0.0991 0.0971 0.0963 0.0768 0.0719 0.0645 0.0672 0.0626 0.0644 0.0623 0.0626 0.0626 0.0624 0.0625 0.0626 0.0626 0.0626 0.0626 0.0625 0.0625 0.0625 0.0626 0.0624 0.0626 0.0631 0.0628 0.0682 0.0663 0.0749 0.0701 0.0702 0.0708 0.0677 0.0667 0.0668 0.0659 0.0648 0.0645 0.0645 0.0643 0.0641 0.0640 0.0639 0.0636 0.0635 0.0636 0.0635 0.0634
0.0626 0.0626 0.0626 0.0626 0.0625 0.0625 0.0627 0.0633 0.0667 0.0676 0.0677 0.0653 0.0624 0.0626 0.0624 0.0627 0.0626 0.0627 0.0627 0.0626 0.0623 0.0632 0.0805 0.0910 0.1439 0.1622 0.1352 0.4161 1.0000 0.4175 0.1291 0.0964 0.0715 0.0639 0.0623 0.0625 0.0624 0.0626 0.0626 0.0626 0.0625 0.0624 0.0624 0.0625 0.0624 0.0625 0.0625 0.0623 0.0623 0.0650 0.0639 0.0831 0.0691 0.0927 0.0707 0.0743 0.0652 0.0635 0.0642 0.0655 0.0776 0.0696 0.0926 0.0815 0.0737 0.0724 0.0626 0.0664 0.0627 0.0625 0.0626 0.0654 0.0683 0.0966 0.1099 0.1453 0.1653 0.1303 0.1427 0.1262 0.1340 0.0905 0.0794 0.0697 0.0798 0.0653 0.0756 0.0628 0.0642 0.0624 0.0624 0.0625 0.0626 0.0625 0.0626 0.0626 0.0626 0.0626 0.0626 0.0624 0.0632 0.0625 0.0670 0.0652 0.0818 0.0733 0.0868 0.0749 0.0731 0.0738 0.0682 0.0667 0.0670 0.0656 0.0645 0.0642 0.0644 0.0641 0.0638 0.0640 0.0640 0.0636 0.0634 0.0636 0.0634 0.0632
0.0627 0.0627 0.0627 0.0627 0.0626 0.0627 0.0634 0.0641 0.0696 0.0700 0.0718 0.0669 0.0626 0.0628 0.0625 0.0626 0.0626 0.0627 0.0626 0.0627 0.0635 0.0689 0.0913 0.1080 0.1369 0.2093 0.1318 0.1725 0.4175 1.0000 0.4063 0.1538 0.0930 0.0760 0.0627 0.0626 0.0626 0.0626 0.0626 0.0626 0.0626 0.0624 0.0626 0.0626 0.0627 0.0626 0.0626 0.0624 0.0627 0.0706 0.0646 0.0904 0.0669 0.0845 0.0642 0.0656 0.0626 0.0625 0.0625 0.0630 0.0711 0.0683 0.0976 0.0947 0.0914 0.0992 0.0714 0.0871 0.0670 0.0631 0.0641 0.0863 0.0918 0.1671 0.1605 0.1839 0.1447 0.0998 0.0978 0.0841 0.0932 0.0705 0.0666 0.0632 0.0695 0.0631 0.0777 0.0626 0.0690 0.0623 0.0628 0.0626 0.0624 0.0626 0.0626 0.0626 0.0626 0.0627 0.0627 0.0626 0.0642 0.0627 0.0695 0.0635 0.0769 0.0659 0.0734 0.0665 0.0663 0.0675 0.0645 0.0641 0.0645 0.0640 0.0636 0.0635 0.0636 0.0635 0.0634 0.0634 0.0634 0.0633 0.0632 0.0633 0.0633 0.0631
0.0626 0.0626 0.0627 0.0628 0.0628 0.0628 0.0661 0.0668 0.0779 0.0815 0.0930 0.0883 0.0720 0.0725 0.0626 0.0626 0.0626 0.0625 0.0627 0.0632 0.0860 0.0942 0.1704 0.1450 0.1765 0.1405 0.0921 0.0963 0.1291 0.4063 1.0000 0.3945 0.1479 0.0937 0.0730 0.0632 0.0624 0.0624 0.0624 0.0625 0.0624 0.0623 0.0631 0.0623 0.0639 0.0624 0.0624 0.0657 0.0686 0.1048 0.0870 0.1596 0.0906 0.1148 0.0732 0.0697 0.0628 0.0627 0.0632 0.0661 0.0828 0.0757 0.1234 0.0905 0.1055 0.0880 0.0718 0.0819 0.0650 0.0625 0.0675 0.0931 0.1139 0.1415 0.2185 0.1269 0.1404 0.0894 0.0956 0.0819 0.1042 0.0757 0.0710 0.0685 0.0873 0.0769 0.1222 0.0785 0.1024 0.0675 0.0701 0.0626 0.0626 0.0624 0.0624 0.0626 0.0626 0.0630 0.0642 0.0641 0.0784 0.0693 0.0985 0.0740 0.1031 0.0738 0.0810 0.0679 0.0667 0.0675 0.0640 0.0633 0.0637 0.0632 0.0631 0.0630 0.0631 0.0630 0.0629 0.0630 0.0631 0.0630 0.0627 0.0629 0.0629 0.0627
0.0630 0.0632 0.0633 0.0639 0.0645 0.0656 0.0771 0.0807 0.1002 0.0913 0.1017 0.0861 0.0752 0.0718 0.0628 0.0627 0.0626 0.0626 0.0633 0.0689 0.0933 0.1196 0.1423 0.2064 0.1308 0.1694 0.0928 0.0887 0.0964 0.1538 0.3945 1.0000 0.3938 0.1580 0.0922 0.0770 0.0628 0.0626 0.0625 0.0636 0.0626 0.0648 0.0695 0.0636 0.0707 0.0630 0.0628 0.0685 0.0650 0.0921 0.0671 0.0924 0.0636 0.0701 0.0620 0.0623 0.0625 0.0627 0.0626 0.0623 0.0634 0.0623 0.0816 0.0747 0.0979 0.0993 0.0894 0.1272 0.0903 0.0799 0.0983 0.1768 0.1450 0.1935 0.1365 0.0956 0.0843 0.0650 0.0679 0.0641 0.0704 0.0632 0.0630 0.0624 0.0642 0.0625 0.0804 0.0639 0.0879 0.0635 0.0717 0.0624 0.0630 0.0626 0.0625 0.0625 0.0624 0.0628 0.0633 0.0624 0.0708 0.0626 0.0764 0.0626 0.0735 0.0633 0.0667 0.0636 0.0637 0.0646 0.0633 0.0631 0.0633 0.0631 0.0631 0.0630 0.0631 0.0630 0.0630 0.0630 0.0630 0.0630 0.0629 0.0630 0.0631 0.0628
0.0631 0.0635 0.0636 0.0644 0.0655 0.0649 0.0756 0.0760 0.0863 0.0794 0.0983 0.0968 0.0936 0.0994 0.0733 0.0721 0.0639 0.0635 0.0841 0.0909 0.1644 0.1425 0.1849 0.1274 0.0926 0.0888 0.0649 0.0640 0.0715 0.0930 0.1479 0.3938 1.0000 0.3932 0.1433 0.0944 0.0707 0.0636 0.0626 0.0666 0.0631 0.0685 0.0822 0.0714 0.0926 0.0693 0.0707 0.0998 0.0908 0.1709 0.0935 0.1237 0.0740 0.0767 0.0628 0.0625 0.0624 0.0625 0.0625 0.0627 0.0667 0.0662 0.0978 0.0805 0.1272 0.0925 0.0954 0.1005 0.0802 0.0787 0.1084 0.1483 0.2253 0.1312 0.1407 0.0818 0.0791 0.0635 0.0655 0.0626 0.0681 0.0628 0.0628 0.0628 0.0675 0.0694 0.1074 0.0869 0.1579 0.0908 0.1144 0.0725 0.0720 0.0632 0.0624 0.0637 0.0630 0.0681 0.0754 0.0729 0.1049 0.0768 0.1068 0.0706 0.0850 0.0652 0.0676 0.0631 0.0631 0.0637 0.0627 0.0627 0.0628 0.0627 0.0627 0.0627 0.0627 0.0627 0.0627 0.0627 0.0627 0.0627 0.0627 0.0627 0.0627 0.0626
0.0636 0.0646 0.0654 0.0679 0.0728 0.0754 0.1003 0.1117 0.1256 0.0931 0.1102 0.0919 0.1026 0.0930 0.0765 0.0715 0.0646 0.0674 0.0925 0.1152 0.1493 0.2202 0.1294 0.1425 0.0820 0.0844 0.0647 0.0631 0.0639 0.0760 0.0937 0.1580 0.3932 1.0000 0.3943 0.1533 0.0923 0.0749 0.0681 0.0896 0.0764 0.0932 0.1153 0.0846 0.0987 0.0690 0.0659 0.0838 0.0670 0.0939 0.0642 0.0732 0.0619 0.0626 0.0627 0.0626 0.0627 0.0626 0.0627 0.0627 0.0625 0.0623 0.0653 0.0623 0.0820 0.0740 0.0883 0.1010 0.0917 0.1005 0.1698 0.1985 0.1350 0.0989 0.0837 0.0630 0.0630 0.0626 0.0626 0.0624 0.0626 0.0624 0.0626 0.0626 0.0624 0.0623 0.0685 0.0630 0.0888 0.0662 0.0888 0.0644 0.0712 0.0633 0.0625 0.0632 0.0625 0.0644 0.0664 0.0630 0.0749 0.0625 0.0717 0.0622 0.0660 0.0627 0.0637 0.0629 0.0631 0.0636 0.0630 0.0630 0.0632 0.0630 0.0630 0.0630 0.0630 0.0630 0.0630 0.0630 0.0630 0.0630 0.0629 0.0631 0.0631 0.0628
0.0637 0.0649 0.0652 0.0662 0.0675 0.0665 0.0769 0.0824 0.0789 0.0666 0.0759 0.0743 0.0922 0.0985 0.0897 0.0921 0.0802 0.0900 0.1557 0.1408 0.1918 0.1278 0.0961 0.0819 0.0631 0.0634 0.0626 0.0624 0.0623 0.0627 0.0730 0.0922 0.1433 0.3943 1.0000 0.3952 0.1308 0.0927 0.0800 0.1000 0.0861 0.1051 0.1628 0.1257 0.1702 0.0975 0.0904 0.1292 0.0844 0.1120 0.0695 0.0723 0.0624 0.0626 0.0625 0.0625 0.0624 0.0624 0.0626 0.0626 0.0626 0.0624 0.0667 0.0641 0.0922 0.0756 0.1020 0.0909 0.0878 0.1025 0.1748 0.1290 0.1283 0.0786 0.0738 0.0624 0.0626 0.0625 0.0626 0.0625 0.0624 0.0625 0.0625 0.0624 0.0624 0.0627 0.0695 0.0681 0.1059 0.0837 0.1377 0.0859 0.1051 0.0748 0.0666 0.0728 0.0674 0.0786 0.0856 0.0725 0.0926 0.0672 0.0764 0.0635 0.0681 0.0633 0.0645 0.0629 0.0630 0.0633 0.0627 0.0627 0.0630 0.0627 0.0627 0.0628 0.0628 0.0628 0.0628 0.0629 0.0629 0.0628 0.0627 0.0630 0.0630 0.0627
0.0657 0.0682 0.0702 0.0738 0.0792 0.0802 0.0988 0.1176 0.0958 0.0751 0.0852 0.0793 0.1140 0.0978 0.1021 0.0902 0.0865 0.1051 0.1476 0.2163 0.1355 0.1367 0.0812 0.0776 0.0626 0.0627 0.0624 0.0624 0.0625 0.0626 0.0632 0.0770 0.0944 0.1533 0.3952 1.0000 0.4047 0.1341 0.1159 0.1788 0.1273 0.1456 0.1664 0.1053 0.1019 0.0735 0.0674 0.0793 0.0630 0.0720 0.0621 0.0627 0.0626 0.0625 0.0626 0.0625 0.0626 0.0625 0.0626 0.0626 0.0626 0.0627 0.0623 0.0622 0.0655 0.0622 0.0706 0.0676 0.0704 0.0853 0.1221 0.0933 0.0817 0.0632 0.0626 0.0627 0.0626 0.0626 0.0626 0.0624 0.0625 0.0626 0.0626 0.0626 0.0624 0.0626 0.0628 0.0624 0.0704 0.0634 0.0819 0.0645 0.0774 0.0656 0.0629 0.0648 0.0630 0.0663 0.0676 0.0633 0.0687 0.0626 0.0644 0.0624 0.0637 0.0627 0.0636 0.0629 0.0631 0.0634 0.0631 0.0630 0.0632 0.0631 0.0630 0.0631 0.0633 0.0632 0.0632 0.0633 0.0633 0.0633 0.0632 0.0634 0.0633 0.0631
0.0658 0.0670 0.0671 0.0679 0.0685 0.0676 0.0733 0.0813 0.0695 0.0632 0.0645 0.0635 0.0793 0.0755 0.0901 0.0879 0.0977 0.1364 0.1638 0.1401 0.0958 0.0823 0.0631 0.0627 0.0627 0.0624 0.0625 0.0626 0.0624 0.0626 0.0624 0.0628 0.0707 0.0923 0.1308 0.4047 1.0000 0.4105 0.1740 0.1752 0.1575 0.1343 0.1592 0.1155 0.1014 0.0801 0.0701 0.0761 0.0631 0.0652 0.0624 0.0624 0.0626 0.0625 0.0626 0.0625 0.0626 0.0626 0.0626 0.0626 0.0626 0.0626 0.0625 0.0625 0.0633 0.0623 0.0686 0.0641 0.0676 0.0816 0.0995 0.0734 0.0674 0.0624 0.0624 0.0627 0.0626 0.0626 0.0626 0.0626 0.0625 0.0626 0.0626 0.0626 0.0626 0.0626 0.0626 0.0624 0.0642 0.0631 0.0763 0.0668 0.0873 0.0736 0.0668 0.0695 0.0649 0.0686 0.0687 0.0640 0.0663 0.0627 0.0633 0.0625 0.0630 0.0627 0.0632 0.0628 0.0630 0.0632 0.0631 0.0630 0.0632 0.0631 0.0632 0.0632 0.0633 0.0633 0.0633 0.0635 0.0635 0.0635 0.0635 0.0637 0.0636 0.0632
0.0701 0.0721 0.0721 0.0729 0.0736 0.0721 0.0760 0.0829 0.0697 0.0647 0.0656 0.0654 0.0855 0.0800 0.1105 0.0971 0.1183 0.1814 0.1504 0.1452 0.0852 0.0751 0.0626 0.0626 0.0625 0.0625 0.0626 0.0625 0.0626 0.0626 0.0624 0.0626 0.0636 0.0749 0.0927 0.1341 0.4105 1.0000 0.4130 0.1394 0.1126 0.0897 0.0932 0.0754 0.0715 0.0660 0.0633 0.0648 0.0623 0.0627 0.0625 0.0625 0.0626 0.0625 0.0626 0.0626 0.0625 0.0626 0.0626 0.0626 0.0624 0.0626 0.0625 0.0626 0.0626 0.0626 0.0628 0.0626 0.0632 0.0684 0.0754 0.0642 0.0631 0.0626 0.0626 0.0625 0.0625 0.0626 0.0626 0.0626 0.0626 0.0626 0.0626 0.0626 0.0626 0.0627 0.0626 0.0627 0.0628 0.0626 0.0658 0.0628 0.0694 0.0649 0.0633 0.0644 0.0631 0.0646 0.0652 0.0633 0.0643 0.0627 0.0628 0.0625 0.0628 0.0627 0.0632 0.0630 0.0631 0.0633 0.0632 0.0632 0.0635 0.0635 0.0635 0.0635 0.0637 0.0637 0.0636 0.0640 0.0641 0.0641 0.0638 0.0642 0.0640 0.0635
0.0675 0.0683 0.0685 0.0700 0.0708 0.0699 0.0728 0.0786 0.0675 0.0636 0.0641 0.0631 0.0737 0.0663 0.0803 0.0714 0.0828 0.1110 0.0996 0.1007 0.0685 0.0662 0.0624 0.0624 0.0625 0.0624 0.0625 0.0626 0.0626 0.0626 0.0624 0.0625 0.0626 0.0681 0.0800 0.1159 0.1740 0.4130 1.0000 0.4058 0.1666 0.1036 0.0958 0.0756 0.0687 0.0650 0.0628 0.0630 0.0624 0.0624 0.0627 0.0625 0.0626 0.0625 0.0626 0.0626 0.0626 0.0626 0.0626 0.0626 0.0624 0.0626 0.0625 0.0626 0.0624 0.0626 0.0628 0.0627 0.0635 0.0687 0.0725 0.0636 0.0627 0.0625 0.0626 0.0624 0.0625 0.0626 0.0626 0.0626 0.0625 0.0625 0.0625 0.0626 0.0626 0.0626 0.0625 0.0626 0.0623 0.0624 0.0631 0.0624 0.0661 0.0640 0.0633 0.0643 0.0632 0.0642 0.0636 0.0628 0.0630 0.0626 0.0625 0.0624 0.0625 0.0625 0.0627 0.0627 0.0628 0.0630 0.0630 0.0630 0.0632 0.0633 0.0633 0.0633 0.0634 0.0634 0.0635 0.0636 0.0638 0.0638 0.0638 0.0639 0.0638 0.0634
0.0684 0.0716 0.0730 0.0774 0.0795 0.0791 0.0868 0.0952 0.0758 0.0684 0.0715 0.0695 0.0908 0.0745 0.0881 0.0726 0.0798 0.1005 0.1079 0.1229 0.0830 0.0794 0.0640 0.0635 0.0625 0.0626 0.0625 0.0626 0.0626 0.0626 0.0625 0.0636 0.0666 0.0896 0.1000 0.1788 0.1752 0.1394 0.4058 1.0000 0.4014 0.1393 0.1267 0.0932 0.0804 0.0689 0.0642 0.0656 0.0626 0.0633 0.0625 0.0626 0.0626 0.0626 0.0626 0.0626 0.0625 0.0626 0.0625 0.0626 0.0626 0.0626 0.0627 0.0626 0.0631 0.0626 0.0661 0.0640 0.0677 0.0819 0.0917 0.0707 0.0671 0.0628 0.0627 0.0626 0.0626 0.0626 0.0626 0.0627 0.0627 0.0626 0.0626 0.0626 0.0627 0.0626 0.0627 0.0626 0.0632 0.0627 0.0668 0.0636 0.0708 0.0657 0.0641 0.0668 0.0648 0.0679 0.0665 0.0641 0.0648 0.0628 0.0630 0.0625 0.0628 0.0627 0.0631 0.0628 0.0630 0.0632 0.0630 0.0631 0.0633 0.0633 0.0635 0.0634 0.0636 0.0636 0.0635 0.0638 0.0639 0.0638 0.0636 0.0639 0.0637 0.0633
0.0648 0.0657 0.0658 0.0670 0.0675 0.0673 0.0710 0.0777 0.0676 0.0640 0.0645 0.0636 0.0698 0.0635 0.0683 0.0640 0.0680 0.0798 0.0834 0.0849 0.0683 0.0671 0.0623 0.0627 0.0625 0.0625 0.0624 0.0625 0.0625 0.0626 0.0624 0.0626 0.0631 0.0764 0.0861 0.1273 0.1575 0.1126 0.1666 0.4014 1.0000 0.4079 0.1303 0.0998 0.0793 0.0692 0.0644 0.0646 0.0624 0.0625 0.0624 0.0625 0.0626 0.0625 0.0625 0.0626 0.0626 0.0625 0.0625 0.0625 0.0625 0.0626 0.0625 0.0626 0.0625 0.0626 0.0667 0.0643 0.0707 0.0895 0.0899 0.0679 0.0645 0.0625 0.0626 0.0625 0.0627 0.0626 0.0626 0.0626 0.0626 0.0625 0.0625 0.0625 0.0626 0.0627 0.0626 0.0627 0.0624 0.0625 0.0636 0.0626 0.0688 0.0654 0.0636 0.0650 0.0633 0.0647 0.0637 0.0627 0.0628 0.0626 0.0626 0.0626 0.0625 0.0626 0.0627 0.0627 0.0626 0.0628 0.0628 0.0628 0.0631 0.0631 0.0632 0.0632 0.0633 0.0633 0.0632 0.0634 0.0635 0.0635 0.0634 0.0636 0.0635 0.0633
0.0641 0.0649 0.0648 0.0658 0.0661 0.0667 0.0724 0.0806 0.0707 0.0657 0.0669 0.0652 0.0719 0.0644 0.0677 0.0641 0.0667 0.0769 0.0884 0.0869 0.0756 0.0731 0.0635 0.0635 0.0624 0.0625 0.0624 0.0624 0.0624 0.0624 0.0623 0.0648 0.0685 0.0932 0.1051 0.1456 0.1343 0.0897 0.1036 0.1393 0.4079 1.0000 0.4003 0.1472 0.1089 0.0871 0.0716 0.0733 0.0630 0.0639 0.0624 0.0624 0.0626 0.0626 0.0626 0.0626 0.0624 0.0626 0.0625 0.0626 0.0625 0.0625 0.0624 0.0626 0.0639 0.0643 0.0812 0.0728 0.0882 0.1227 0.1243 0.0825 0.0747 0.0637 0.0627 0.0625 0.0626 0.0626 0.0626 0.0626 0.0626 0.0625 0.0626 0.0626 0.0626 0.0626 0.0626 0.0626 0.0627 0.0626 0.0671 0.0637 0.0773 0.0698 0.0651 0.0673 0.0635 0.0655 0.0644 0.0629 0.0633 0.0626 0.0627 0.0625 0.0626 0.0626 0.0627 0.0626 0.0627 0.0627 0.0627 0.0627 0.0629 0.0630 0.0630 0.0630 0.0631 0.0631 0.0631 0.0632 0.0633 0.0633 0.0632 0.0635 0.0634 0.0631
0.0642 0.0653 0.0653 0.0667 0.0668 0.0677 0.0758 0.0827 0.0730 0.0677 0.0720 0.0702 0.0826 0.0725 0.0758 0.0702 0.0737 0.0888 0.1199 0.1029 0.0978 0.0833 0.0674 0.0652 0.0624 0.0625 0.0624 0.0624 0.0624 0.0626 0.0631 0.0695 0.0822 0.1153 0.1628 0.1664 0.1592 0.0932 0.0958 0.1267 0.1303 0.4003 1.0000 0.4035 0.1376 0.1060 0.0859 0.0948 0.0681 0.0724 0.0630 0.0630 0.0625 0.0625 0.0626 0.0625 0.0626 0.0625 0.0624 0.0626 0.0625 0.0625 0.0627 0.0627 0.0701 0.0684 0.0977 0.0776 0.0895 0.1170 0.1498 0.0961 0.0931 0.0676 0.0642 0.0626 0.0626 0.0625 0.0626 0.0625 0.0626 0.0626 0.0626 0.0626 0.0626 0.0624 0.0626 0.0626 0.0663 0.0650 0.0837 0.0725 0.1018 0.0821 0.0706 0.0754 0.0666 0.0711 0.0699 0.0644 0.0668 0.0628 0.0635 0.0624 0.0627 0.0626 0.0627 0.0626 0.0627 0.0628 0.0627 0.0627 0.0630 0.0630 0.0630 0.0630 0.0631 0.0631 0.0631 0.0633 0.0633 0.0632 0.0632 0.0634 0.0633 0.0630
0.0632 0.0633 0.0632 0.0635 0.0632 0.0634 0.0659 0.0694 0.0659 0.0636 0.0647 0.0639 0.0667 0.0637 0.0646 0.0644 0.0652 0.0712 0.0865 0.0745 0.0762 0.0681 0.0630 0.0627 0.0624 0.0624 0.0625 0.0626 0.0625 0.0626 0.0623 0.0636 0.0714 0.0846 0.1257 0.1053 0.1155 0.0754 0.0756 0.0932 0.0998 0.1472 0.4035 1.0000 0.3986 0.1639 0.1143 0.1080 0.0716 0.0713 0.0627 0.0624 0.0626 0.0625 0.0626 0.0626 0.0626 0.0626 0.0625 0.0626 0.0626 0.0626 0.0623 0.0626 0.0703 0.0746 0.1180 0.0869 0.1035 0.1234 0.1349 0.0887 0.0879 0.0658 0.0633 0.0626 0.0626 0.0626 0.0626 0.0626 0.0626 0.0625 0.0626 0.0626 0.0626 0.0625 0.0624 0.0624 0.0630 0.0631 0.0785 0.0730 0.1074 0.0949 0.0748 0.0759 0.0653 0.0680 0.0659 0.0628 0.0635 0.0626 0.0626 0.0625 0.0624 0.0624 0.0626 0.0626 0.0626 0.0627 0.0627 0.0626 0.0627 0.0627 0.0628 0.0628 0.0629 0.0630 0.0629 0.0631 0.0632 0.0631 0.0631 0.0634 0.0633 0.0631
0.0631 0.0634 0.0633 0.0636 0.0633 0.0634 0.0657 0.0688 0.0661 0.0641 0.0661 0.0654 0.0690 0.0677 0.0668 0.0677 0.0668 0.0728 0.0957 0.0798 0.0937 0.0749 0.0685 0.0645 0.0624 0.0626 0.0625 0.0624 0.0624 0.0627 0.0639 0.0707 0.0926 0.0987 0.1702 0.1019 0.1014 0.0715 0.0687 0.0804 0.0793 0.1089 0.1376 0.3986 1.0000 0.3971 0.1409 0.1795 0.0980 0.1005 0.0687 0.0652 0.0625 0.0625 0.0625 0.0626 0.0626 0.0625 0.0625 0.0625 0.0625 0.0624 0.0636 0.0675 0.0935 0.0993 0.1852 0.1102 0.1165 0.1212 0.1730 0.1155 0.1349 0.0829 0.0721 0.0637 0.0626 0.0624 0.0626 0.0625 0.0626 0.0626 0.0626 0.0626 0.0625 0.0624 0.0627 0.0627 0.0703 0.0698 0.1040 0.0891 0.1292 0.1016 0.0765 0.0782 0.0669 0.0723 0.0721 0.0642 0.0677 0.0625 0.0635 0.0623 0.0626 0.0624 0.0626 0.0626 0.0626 0.0626 0.0626 0.0627 0.0627 0.0627 0.0627 0.0627 0.0628 0.0628 0.0628 0.0629 0.0630 0.0630 0.0629 0.0631 0.0631 0.0629
