1.0000 0.3979 0.1438 0.1185 0.0998 0.0926 0.0868 0.0778 0.0722 0.0678 0.0651 0.0640 0.0633 0.0632 0.0632 0.0631 0.0631 0.0632 0.0630 0.0630 0.0632 0.0632 0.0631 0.0633 0.0635 0.0632 0.0631 0.0630 0.0630 0.0629 0.0630 0.0628 0.0630 0.0630 0.0632 0.0632 0.0635 0.0635 0.0639 0.0641 0.0641 0.0642 0.0642 0.0643 0.0644 0.0650 0.0656 0.0659 0.0658 0.0661 0.0667 0.0667 0.0654 0.0658 0.0671 0.0652 0.0652 0.0649 0.0641 0.0637 0.0633 0.0632 0.0630 0.0629 0.0631 0.0629 0.0630 0.0631 0.0631 0.0631 0.0632 0.0633 0.0632 0.0635 0.0637 0.0637 0.0638 0.0637 0.0635 0.0632 0.0632 0.0628 0.0631 0.0630 0.0629 0.0629 0.0632 0.0631 0.0630 0.0630 0.0632 0.0632 0.0630 0.0630 0.0628 0.0630 0.0630 0.0631 0.0631 0.0633 0.0636 0.0636 0.0642 0.0642 0.0646 0.0646 0.0644 0.0641 0.0639 0.0636 0.0633 0.0632 0.0631 0.0630 0.0630 0.0630 0.0629 0.0628 0.0628 0.0628 0.0628 0.0629 0.0629 0.0629 0.0630 0.0630 0.0631 0.0633 0.0633 0.0632 0.0636 0.0641 0.0636 0.0639 0.0646 0.0644 0.0641 0.0644 0.0648 0.0647
0.3979 1.0000 0.4115 0.1387 0.1277 0.1275 0.1033 0.0886 0.0862 0.0768 0.0693 0.0663 0.0644 0.0636 0.0638 0.0634 0.0635 0.0644 0.0636 0.0634 0.0641 0.0645 0.0636 0.0637 0.0642 0.0639 0.0634 0.0632 0.0633 0.0632 0.0635 0.0633 0.0636 0.0636 0.0640 0.0642 0.0647 0.0644 0.0649 0.0657 0.0653 0.0658 0.0666 0.0667 0.0668 0.0676 0.0680 0.0686 0.0677 0.0677 0.0697 0.0685 0.0670 0.0674 0.0703 0.0685 0.0675 0.0671 0.0662 0.0649 0.0641 0.0635 0.0633 0.0630 0.0631 0.0630 0.0632 0.0634 0.0633 0.0634 0.0639 0.0638 0.0637 0.0643 0.0649 0.0647 0.0647 0.0644 0.0641 0.0637 0.0637 0.0631 0.0634 0.0634 0.0631 0.0631 0.0635 0.0633 0.0632 0.0633 0.0635 0.0633 0.0631 0.0632 0.0630 0.0631 0.0632 0.0632 0.0636 0.0641 0.0649 0.0650 0.0660 0.0660 0.0661 0.0657 0.0655 0.0655 0.0649 0.0645 0.0642 0.0639 0.0637 0.0634 0.0633 0.0631 0.0630 0.0631 0.0628 0.0628 0.0628 0.0631 0.0631 0.0631 0.0632 0.0635 0.0636 0.0637 0.0640 0.0641 0.0645 0.0657 0.0650 0.0652 0.0668 0.0664 0.0657 0.0655 0.0661 0.0658
0.1438 0.4115 1.0000 0.4023 0.1522 0.1520 0.1290 0.0992 0.0904 0.0837 0.0733 0.0671 0.0645 0.0635 0.0635 0.0632 0.0633 0.0640 0.0633 0.0633 0.0640 0.0639 0.0632 0.0634 0.0640 0.0633 0.0632 0.0631 0.0631 0.0629 0.0631 0.0630 0.0631 0.0632 0.0636 0.0638 0.0643 0.0641 0.0647 0.0651 0.0650 0.0650 0.0653 0.0655 0.0654 0.0660 0.0664 0.0667 0.0659 0.0658 0.0667 0.0664 0.0654 0.0662 0.0685 0.0668 0.0668 0.0664 0.0653 0.0644 0.0637 0.0633 0.0631 0.0630 0.0631 0.0629 0.0630 0.0631 0.0631 0.0632 0.0634 0.0635 0.0634 0.0639 0.0642 0.0642 0.0642 0.0640 0.0637 0.0633 0.0634 0.0630 0.0632 0.0632 0.0629 0.0629 0.0633 0.0631 0.0630 0.0632 0.0633 0.0632 0.0630 0.0630 0.0628 0.0629 0.0630 0.0631 0.0633 0.0637 0.0646 0.0646 0.0660 0.0661 0.0664 0.0658 0.0654 0.0651 0.0648 0.0642 0.0637 0.0633 0.0632 0.0631 0.0631 0.0630 0.0628 0.0628 0.0627 0.0628 0.0627 0.0629 0.0629 0.0630 0.0630 0.0632 0.0633 0.0635 0.0639 0.0637 0.0643 0.0654 0.0646 0.0651 0.0664 0.0661 0.0655 0.0657 0.0662 0.0658
0.1185 0.1387 0.4023 1.0000 0.4003 0.1405 0.1515 0.1296 0.0970 0.0865 0.0812 0.0719 0.0656 0.0639 0.0637 0.0633 0.0635 0.0645 0.0634 0.0633 0.0645 0.0642 0.0632 0.0636 0.0644 0.0634 0.0631 0.0630 0.0631 0.0629 0.0630 0.0630 0.0632 0.0632 0.0636 0.0636 0.0642 0.0640 0.0646 0.0651 0.0650 0.0648 0.0649 0.0650 0.0649 0.0653 0.0655 0.0657 0.0650 0.0648 0.0654 0.0651 0.0647 0.0652 0.0669 0.0659 0.0659 0.0658 0.0648 0.0640 0.0635 0.0632 0.0630 0.0628 0.0629 0.0627 0.0629 0.0631 0.0630 0.0631 0.0633 0.0634 0.0633 0.0637 0.0641 0.0641 0.0641 0.0640 0.0636 0.0633 0.0634 0.0629 0.0632 0.0633 0.0630 0.0629 0.0633 0.0632 0.0629 0.0630 0.0632 0.0631 0.0628 0.0630 0.0627 0.0628 0.0628 0.0630 0.0633 0.0639 0.0649 0.0650 0.0667 0.0663 0.0669 0.0661 0.0656 0.0653 0.0650 0.0644 0.0637 0.0634 0.0631 0.0630 0.0630 0.0629 0.0627 0.0628 0.0627 0.0627 0.0627 0.0628 0.0628 0.0628 0.0628 0.0630 0.0632 0.0635 0.0639 0.0636 0.0643 0.0657 0.0647 0.0650 0.0667 0.0664 0.0656 0.0658 0.0667 0.0660
0.0998 0.1277 0.1522 0.4003 1.0000 0.4015 0.1442 0.1532 0.1319 0.0956 0.0858 0.0813 0.0702 0.0650 0.0646 0.0634 0.0643 0.0671 0.0640 0.0636 0.0662 0.0661 0.0637 0.0641 0.0653 0.0638 0.0632 0.0631 0.0632 0.0631 0.0633 0.0633 0.0639 0.0638 0.0648 0.0648 0.0655 0.0650 0.0660 0.0669 0.0663 0.0663 0.0668 0.0666 0.0662 0.0668 0.0669 0.0667 0.0657 0.0653 0.0664 0.0653 0.0648 0.0653 0.0678 0.0672 0.0670 0.0671 0.0659 0.0648 0.0639 0.0634 0.0633 0.0630 0.0630 0.0628 0.0630 0.0633 0.0631 0.0632 0.0636 0.0637 0.0634 0.0642 0.0649 0.0650 0.0652 0.0650 0.0644 0.0640 0.0640 0.0631 0.0634 0.0637 0.0632 0.0631 0.0637 0.0635 0.0631 0.0632 0.0636 0.0633 0.0630 0.0631 0.0628 0.0630 0.0630 0.0632 0.0638 0.0649 0.0668 0.0668 0.0696 0.0686 0.0690 0.0676 0.0672 0.0675 0.0671 0.0664 0.0653 0.0642 0.0640 0.0633 0.0634 0.0631 0.0628 0.0629 0.0627 0.0628 0.0627 0.0630 0.0630 0.0629 0.0631 0.0634 0.0635 0.0641 0.0651 0.0649 0.0660 0.0688 0.0669 0.0671 0.0699 0.0697 0.0674 0.0672 0.0685 0.0673
0.0926 0.1275 0.1520 0.1405 0.4015 1.0000 0.4056 0.1402 0.1590 0.1287 0.0960 0.0887 0.0787 0.0690 0.0672 0.0643 0.0660 0.0716 0.0655 0.0640 0.0674 0.0679 0.0642 0.0641 0.0650 0.0639 0.0631 0.0630 0.0633 0.0632 0.0636 0.0638 0.0648 0.0649 0.0660 0.0662 0.0672 0.0660 0.0671 0.0689 0.0677 0.0676 0.0689 0.0683 0.0675 0.0677 0.0675 0.0674 0.0655 0.0652 0.0666 0.0650 0.0648 0.0650 0.0678 0.0682 0.0679 0.0685 0.0675 0.0655 0.0643 0.0635 0.0634 0.0629 0.0630 0.0628 0.0631 0.0634 0.0631 0.0633 0.0640 0.0637 0.0634 0.0642 0.0652 0.0650 0.0652 0.0649 0.0644 0.0641 0.0641 0.0631 0.0635 0.0641 0.0633 0.0632 0.0640 0.0638 0.0632 0.0632 0.0637 0.0635 0.0630 0.0632 0.0628 0.0630 0.0632 0.0634 0.0643 0.0661 0.0688 0.0691 0.0727 0.0707 0.0704 0.0681 0.0680 0.0699 0.0690 0.0688 0.0670 0.0654 0.0646 0.0636 0.0635 0.0631 0.0628 0.0630 0.0627 0.0628 0.0627 0.0630 0.0631 0.0631 0.0632 0.0636 0.0636 0.0641 0.0654 0.0658 0.0669 0.0710 0.0690 0.0688 0.0729 0.0731 0.0696 0.0685 0.0700 0.0687
0.0868 0.1033 0.1290 0.1515 0.1442 0.4056 1.0000 0.4059 0.1441 0.1520 0.1234 0.0939 0.0823 0.0736 0.0691 0.0648 0.0675 0.0720 0.0645 0.0638 0.0677 0.0663 0.0634 0.0638 0.0648 0.0633 0.0630 0.0628 0.0630 0.0628 0.0632 0.0631 0.0636 0.0635 0.0646 0.0644 0.0653 0.0647 0.0655 0.0666 0.0658 0.0655 0.0661 0.0655 0.0650 0.0651 0.0651 0.0652 0.0642 0.0640 0.0645 0.0640 0.0639 0.0640 0.0652 0.0652 0.0653 0.0657 0.0649 0.0641 0.0634 0.0631 0.0630 0.0627 0.0628 0.0627 0.0628 0.0630 0.0628 0.0629 0.0632 0.0633 0.0630 0.0634 0.0639 0.0639 0.0640 0.0637 0.0635 0.0633 0.0634 0.0629 0.0631 0.0635 0.0630 0.0630 0.0634 0.0633 0.0628 0.0629 0.0632 0.0631 0.0628 0.0628 0.0627 0.0628 0.0629 0.0630 0.0635 0.0648 0.0673 0.0671 0.0708 0.0692 0.0697 0.0677 0.0675 0.0679 0.0674 0.0664 0.0649 0.0640 0.0635 0.0631 0.0631 0.0628 0.0627 0.0627 0.0627 0.0627 0.0627 0.0628 0.0628 0.0628 0.0631 0.0632 0.0633 0.0635 0.0644 0.0642 0.0652 0.0676 0.0663 0.0664 0.0694 0.0697 0.0674 0.0670 0.0684 0.0675
0.0778 0.0886 0.0992 0.1296 0.1532 0.1402 0.4059 1.0000 0.3978 0.1434 0.1435 0.1169 0.0881 0.0775 0.0742 0.0668 0.0718 0.0780 0.0662 0.0652 0.0723 0.0693 0.0643 0.0654 0.0670 0.0640 0.0631 0.0629 0.0632 0.0628 0.0632 0.0632 0.0638 0.0639 0.0653 0.0648 0.0654 0.0648 0.0658 0.0669 0.0658 0.0656 0.0666 0.0658 0.0651 0.0652 0.0649 0.0648 0.0639 0.0637 0.0642 0.0637 0.0636 0.0637 0.0649 0.0648 0.0650 0.0656 0.0650 0.0642 0.0634 0.0631 0.0629 0.0627 0.0627 0.0626 0.0628 0.0630 0.0628 0.0630 0.0632 0.0633 0.0631 0.0636 0.0640 0.0639 0.0638 0.0637 0.0634 0.0633 0.0635 0.0628 0.0632 0.0635 0.0631 0.0630 0.0635 0.0632 0.0630 0.0630 0.0634 0.0631 0.0628 0.0629 0.0627 0.0628 0.0630 0.0631 0.0635 0.0647 0.0671 0.0667 0.0702 0.0686 0.0694 0.0676 0.0674 0.0680 0.0675 0.0667 0.0651 0.0638 0.0635 0.0631 0.0630 0.0628 0.0627 0.0628 0.0627 0.0627 0.0627 0.0628 0.0628 0.0628 0.0632 0.0634 0.0634 0.0640 0.0650 0.0645 0.0654 0.0680 0.0666 0.0666 0.0696 0.0700 0.0678 0.0670 0.0685 0.0676
0.0722 0.0862 0.0904 0.0970 0.1319 0.1590 0.1441 0.3978 1.0000 0.3965 0.1414 0.1475 0.1134 0.0879 0.0851 0.0736 0.0820 0.0971 0.0747 0.0696 0.0791 0.0778 0.0671 0.0665 0.0679 0.0650 0.0633 0.0630 0.0636 0.0632 0.0643 0.0646 0.0665 0.0664 0.0688 0.0675 0.0684 0.0660 0.0671 0.0696 0.0676 0.0677 0.0704 0.0689 0.0674 0.0670 0.0661 0.0656 0.0642 0.0639 0.0650 0.0640 0.0641 0.0641 0.0658 0.0671 0.0671 0.0688 0.0684 0.0662 0.0644 0.0634 0.0633 0.0628 0.0629 0.0628 0.0629 0.0633 0.0630 0.0632 0.0640 0.0638 0.0635 0.0644 0.0652 0.0645 0.0645 0.0645 0.0642 0.0641 0.0641 0.0632 0.0637 0.0646 0.0635 0.0634 0.0645 0.0642 0.0633 0.0635 0.0643 0.0637 0.0631 0.0633 0.0628 0.0630 0.0633 0.0636 0.0650 0.0671 0.0713 0.0706 0.0752 0.0716 0.0712 0.0685 0.0695 0.0733 0.0723 0.0723 0.0700 0.0667 0.0655 0.0637 0.0633 0.0631 0.0629 0.0631 0.0628 0.0629 0.0627 0.0630 0.0632 0.0631 0.0634 0.0642 0.0641 0.0648 0.0670 0.0670 0.0677 0.0732 0.0718 0.0704 0.0756 0.0766 0.0721 0.0697 0.0718 0.0705
0.0678 0.0768 0.0837 0.0865 0.0956 0.1287 0.1520 0.1434 0.3965 1.0000 0.3967 0.1411 0.1380 0.1063 0.0878 0.0761 0.0890 0.0946 0.0706 0.0677 0.0762 0.0703 0.0641 0.0642 0.0649 0.0632 0.0628 0.0627 0.0628 0.0629 0.0632 0.0632 0.0642 0.0641 0.0658 0.0649 0.0657 0.0646 0.0653 0.0668 0.0653 0.0651 0.0662 0.0655 0.0647 0.0646 0.0641 0.0641 0.0634 0.0633 0.0636 0.0633 0.0634 0.0635 0.0641 0.0646 0.0652 0.0661 0.0657 0.0644 0.0635 0.0631 0.0629 0.0627 0.0627 0.0627 0.0627 0.0630 0.0628 0.0628 0.0631 0.0632 0.0631 0.0633 0.0637 0.0636 0.0636 0.0636 0.0634 0.0632 0.0632 0.0627 0.0632 0.0634 0.0630 0.0630 0.0635 0.0633 0.0629 0.0631 0.0636 0.0632 0.0628 0.0629 0.0627 0.0627 0.0629 0.0631 0.0636 0.0648 0.0676 0.0667 0.0705 0.0683 0.0688 0.0672 0.0675 0.0688 0.0684 0.0674 0.0658 0.0641 0.0637 0.0631 0.0630 0.0627 0.0627 0.0628 0.0627 0.0628 0.0627 0.0627 0.0629 0.0629 0.0631 0.0634 0.0635 0.0639 0.0653 0.0649 0.0654 0.0688 0.0680 0.0670 0.0705 0.0712 0.0688 0.0677 0.0697 0.0688
0.0651 0.0693 0.0733 0.0812 0.0858 0.0960 0.1234 0.1435 0.1414 0.3967 1.0000 0.4013 0.1394 0.1226 0.1013 0.0830 0.1025 0.1107 0.0774 0.0730 0.0838 0.0736 0.0655 0.0658 0.0657 0.0632 0.0628 0.0626 0.0628 0.0628 0.0634 0.0634 0.0646 0.0643 0.0662 0.0652 0.0660 0.0648 0.0654 0.0668 0.0653 0.0650 0.0658 0.0650 0.0644 0.0642 0.0638 0.0638 0.0633 0.0632 0.0634 0.0632 0.0633 0.0633 0.0638 0.0643 0.0648 0.0655 0.0655 0.0642 0.0635 0.0630 0.0630 0.0627 0.0628 0.0626 0.0627 0.0628 0.0627 0.0628 0.0631 0.0632 0.0630 0.0633 0.0637 0.0636 0.0637 0.0636 0.0633 0.0632 0.0632 0.0627 0.0631 0.0633 0.0629 0.0628 0.0634 0.0632 0.0628 0.0630 0.0636 0.0632 0.0627 0.0629 0.0627 0.0628 0.0630 0.0632 0.0636 0.0648 0.0679 0.0668 0.0705 0.0685 0.0692 0.0676 0.0681 0.0694 0.0688 0.0680 0.0662 0.0644 0.0640 0.0632 0.0630 0.0628 0.0627 0.0628 0.0627 0.0627 0.0627 0.0628 0.0629 0.0629 0.0631 0.0635 0.0635 0.0639 0.0658 0.0655 0.0655 0.0694 0.0694 0.0681 0.0714 0.0725 0.0700 0.0685 0.0710 0.0702
0.0640 0.0663 0.0671 0.0719 0.0813 0.0887 0.0939 0.1169 0.1475 0.1411 0.4013 1.0000 0.4021 0.1419 0.1299 0.1053 0.1326 0.1516 0.0976 0.0875 0.1002 0.0859 0.0714 0.0696 0.0679 0.0641 0.0628 0.0627 0.0632 0.0632 0.0644 0.0651 0.0686 0.0675 0.0705 0.0676 0.0683 0.0659 0.0666 0.0689 0.0665 0.0660 0.0677 0.0666 0.0655 0.0650 0.0643 0.0642 0.0635 0.0632 0.0637 0.0633 0.0634 0.0635 0.0645 0.0658 0.0664 0.0681 0.0685 0.0660 0.0646 0.0635 0.0632 0.0628 0.0628 0.0627 0.0628 0.0631 0.0629 0.0630 0.0635 0.0635 0.0632 0.0638 0.0646 0.0643 0.0642 0.0641 0.0636 0.0636 0.0636 0.0630 0.0635 0.0640 0.0632 0.0632 0.0642 0.0640 0.0632 0.0636 0.0646 0.0637 0.0630 0.0631 0.0628 0.0628 0.0631 0.0632 0.0643 0.0658 0.0699 0.0689 0.0722 0.0698 0.0694 0.0679 0.0694 0.0728 0.0726 0.0728 0.0705 0.0667 0.0658 0.0636 0.0632 0.0629 0.0627 0.0630 0.0628 0.0629 0.0627 0.0630 0.0632 0.0631 0.0632 0.0644 0.0641 0.0647 0.0679 0.0685 0.0678 0.0734 0.0746 0.0716 0.0755 0.0766 0.0728 0.0698 0.0720 0.0712
0.0633 0.0644 0.0645 0.0656 0.0702 0.0787 0.0823 0.0881 0.1134 0.1380 0.1394 0.4021 1.0000 0.4053 0.1283 0.1106 0.1389 0.1226 0.0879 0.0833 0.0847 0.0722 0.0652 0.0642 0.0635 0.0627 0.0626 0.0626 0.0627 0.0627 0.0632 0.0633 0.0653 0.0645 0.0671 0.0650 0.0657 0.0647 0.0652 0.0665 0.0648 0.0642 0.0647 0.0641 0.0636 0.0635 0.0633 0.0633 0.0630 0.0628 0.0631 0.0630 0.0630 0.0631 0.0635 0.0640 0.0645 0.0651 0.0653 0.0642 0.0636 0.0632 0.0629 0.0627 0.0627 0.0627 0.0627 0.0628 0.0627 0.0627 0.0630 0.0631 0.0629 0.0633 0.0636 0.0636 0.0635 0.0635 0.0632 0.0631 0.0632 0.0628 0.0631 0.0633 0.0628 0.0629 0.0636 0.0632 0.0628 0.0633 0.0640 0.0632 0.0628 0.0629 0.0626 0.0627 0.0628 0.0629 0.0632 0.0638 0.0659 0.0653 0.0678 0.0667 0.0671 0.0662 0.0670 0.0681 0.0686 0.0676 0.0661 0.0640 0.0636 0.0630 0.0629 0.0627 0.0626 0.0627 0.0627 0.0628 0.0627 0.0629 0.0630 0.0630 0.0631 0.0637 0.0635 0.0640 0.0665 0.0662 0.0654 0.0688 0.0697 0.0677 0.0696 0.0703 0.0688 0.0669 0.0681 0.0680
0.0632 0.0636 0.0635 0.0639 0.0650 0.0690 0.0736 0.0775 0.0879 0.1063 0.1226 0.1419 0.4053 1.0000 0.4007 0.1826 0.2096 0.1509 0.1105 0.1032 0.0958 0.0799 0.0698 0.0661 0.0632 0.0627 0.0625 0.0626 0.0627 0.0627 0.0636 0.0637 0.0671 0.0653 0.0684 0.0653 0.0658 0.0646 0.0653 0.0662 0.0644 0.0639 0.0642 0.0637 0.0634 0.0632 0.0633 0.0632 0.0630 0.0628 0.0630 0.0629 0.0629 0.0630 0.0633 0.0638 0.0645 0.0650 0.0652 0.0641 0.0638 0.0631 0.0629 0.0627 0.0628 0.0627 0.0627 0.0629 0.0627 0.0628 0.0631 0.0631 0.0628 0.0631 0.0635 0.0635 0.0633 0.0632 0.0631 0.0630 0.0632 0.0627 0.0631 0.0632 0.0628 0.0628 0.0635 0.0632 0.0628 0.0632 0.0641 0.0633 0.0629 0.0629 0.0627 0.0627 0.0628 0.0629 0.0633 0.0639 0.0664 0.0655 0.0675 0.0663 0.0661 0.0654 0.0666 0.0680 0.0689 0.0683 0.0671 0.0645 0.0640 0.0631 0.0629 0.0627 0.0627 0.0627 0.0627 0.0628 0.0627 0.0631 0.0631 0.0631 0.0634 0.0644 0.0639 0.0642 0.0673 0.0675 0.0663 0.0701 0.0710 0.0683 0.0705 0.0708 0.0695 0.0668 0.0677 0.0678
0.0632 0.0638 0.0635 0.0637 0.0646 0.0672 0.0691 0.0742 0.0851 0.0878 0.1013 0.1299 0.1283 0.4007 1.0000 0.4031 0.1420 0.1837 0.1587 0.1049 0.0933 0.0928 0.0793 0.0672 0.0637 0.0628 0.0627 0.0627 0.0633 0.0635 0.0676 0.0694 0.0812 0.0753 0.0813 0.0723 0.0719 0.0676 0.0681 0.0706 0.0668 0.0665 0.0680 0.0663 0.0654 0.0646 0.0642 0.0640 0.0635 0.0631 0.0633 0.0631 0.0632 0.0633 0.0641 0.0656 0.0668 0.0689 0.0704 0.0677 0.0662 0.0641 0.0637 0.0630 0.0631 0.0628 0.0629 0.0632 0.0630 0.0631 0.0639 0.0639 0.0633 0.0637 0.0648 0.0642 0.0641 0.0639 0.0635 0.0634 0.0635 0.0630 0.0634 0.0641 0.0632 0.0633 0.0649 0.0646 0.0636 0.0646 0.0663 0.0649 0.0636 0.0636 0.0630 0.0630 0.0633 0.0635 0.0656 0.0675 0.0733 0.0720 0.0736 0.0705 0.0686 0.0674 0.0701 0.0756 0.0784 0.0802 0.0792 0.0716 0.0699 0.0648 0.0636 0.0631 0.0628 0.0632 0.0629 0.0629 0.0630 0.0635 0.0639 0.0636 0.0646 0.0680 0.0666 0.0674 0.0744 0.0776 0.0740 0.0828 0.0859 0.0798 0.0833 0.0840 0.0804 0.0733 0.0730 0.0729
0.0631 0.0634 0.0632 0.0633 0.0634 0.0643 0.0648 0.0668 0.0736 0.0761 0.0830 0.1053 0.1106 0.1826 0.4031 1.0000 0.4035 0.1425 0.1789 0.1577 0.1038 0.0925 0.0926 0.0789 0.0662 0.0635 0.0626 0.0627 0.0636 0.0639 0.0683 0.0686 0.0786 0.0702 0.0742 0.0672 0.0664 0.0645 0.0646 0.0659 0.0642 0.0641 0.0649 0.0645 0.0644 0.0640 0.0640 0.0637 0.0633 0.0631 0.0634 0.0630 0.0632 0.0635 0.0641 0.0646 0.0662 0.0674 0.0677 0.0663 0.0657 0.0639 0.0637 0.0631 0.0632 0.0630 0.0631 0.0633 0.0632 0.0631 0.0636 0.0635 0.0631 0.0632 0.0637 0.0636 0.0633 0.0632 0.0631 0.0631 0.0631 0.0628 0.0632 0.0634 0.0629 0.0630 0.0642 0.0638 0.0632 0.0641 0.0658 0.0645 0.0635 0.0633 0.0629 0.0629 0.0630 0.0632 0.0641 0.0650 0.0684 0.0672 0.0680 0.0661 0.0654 0.0648 0.0660 0.0679 0.0695 0.0711 0.0716 0.0677 0.0678 0.0643 0.0636 0.0630 0.0627 0.0630 0.0628 0.0628 0.0628 0.0634 0.0633 0.0633 0.0639 0.0660 0.0646 0.0649 0.0689 0.0707 0.0681 0.0732 0.0750 0.0711 0.0728 0.0728 0.0721 0.0677 0.0674 0.0683
0.0631 0.0635 0.0633 0.0635 0.0643 0.0660 0.0675 0.0718 0.0820 0.0890 0.1025 0.1326 0.1389 0.2096 0.1420 0.4035 1.0000 0.4018 0.1411 0.1816 0.1564 0.1032 0.0922 0.0922 0.0768 0.0657 0.0628 0.0627 0.0634 0.0632 0.0662 0.0652 0.0712 0.0649 0.0673 0.0641 0.0644 0.0634 0.0636 0.0646 0.0633 0.0634 0.0638 0.0635 0.0634 0.0633 0.0633 0.0634 0.0631 0.0628 0.0630 0.0628 0.0628 0.0628 0.0632 0.0635 0.0642 0.0648 0.0651 0.0642 0.0643 0.0632 0.0631 0.0627 0.0628 0.0626 0.0627 0.0630 0.0628 0.0629 0.0632 0.0632 0.0628 0.0631 0.0637 0.0636 0.0634 0.0633 0.0631 0.0630 0.0631 0.0626 0.0631 0.0635 0.0627 0.0627 0.0639 0.0634 0.0627 0.0633 0.0645 0.0635 0.0628 0.0628 0.0626 0.0627 0.0628 0.0628 0.0633 0.0637 0.0661 0.0649 0.0657 0.0646 0.0641 0.0639 0.0644 0.0656 0.0659 0.0668 0.0675 0.0653 0.0654 0.0635 0.0632 0.0628 0.0626 0.0630 0.0627 0.0627 0.0626 0.0635 0.0633 0.0630 0.0641 0.0663 0.0641 0.0643 0.0688 0.0692 0.0655 0.0698 0.0719 0.0672 0.0688 0.0696 0.0684 0.0653 0.0654 0.0663
0.0632 0.0644 0.0640 0.0645 0.0671 0.0716 0.0720 0.0780 0.0971 0.0946 0.1107 0.1516 0.1226 0.1509 0.1837 0.1425 0.4018 1.0000 0.4039 0.1416 0.1775 0.1577 0.1035 0.0913 0.0885 0.0757 0.0640 0.0630 0.0659 0.0649 0.0748 0.0728 0.0866 0.0749 0.0762 0.0686 0.0686 0.0649 0.0651 0.0684 0.0650 0.0648 0.0668 0.0654 0.0650 0.0644 0.0641 0.0640 0.0633 0.0630 0.0634 0.0627 0.0630 0.0627 0.0632 0.0645 0.0648 0.0667 0.0686 0.0670 0.0669 0.0639 0.0642 0.0628 0.0630 0.0627 0.0628 0.0635 0.0629 0.0630 0.0645 0.0641 0.0634 0.0641 0.0663 0.0653 0.0649 0.0647 0.0643 0.0644 0.0645 0.0633 0.0643 0.0657 0.0636 0.0635 0.0662 0.0657 0.0635 0.0642 0.0665 0.0649 0.0632 0.0633 0.0627 0.0629 0.0635 0.0633 0.0663 0.0682 0.0740 0.0727 0.0716 0.0682 0.0659 0.0648 0.0662 0.0707 0.0712 0.0755 0.0786 0.0738 0.0738 0.0676 0.0649 0.0637 0.0631 0.0648 0.0633 0.0630 0.0632 0.0660 0.0658 0.0644 0.0681 0.0771 0.0700 0.0696 0.0828 0.0870 0.0756 0.0860 0.0927 0.0800 0.0816 0.0848 0.0788 0.0703 0.0698 0.0707
0.0630 0.0636 0.0633 0.0634 0.0640 0.0655 0.0645 0.0662 0.0747 0.0706 0.0774 0.0976 0.0879 0.1105 0.1587 0.1789 0.1411 0.4039 1.0000 0.4025 0.1403 0.1786 0.1612 0.1038 0.0899 0.0878 0.0686 0.0652 0.0739 0.0729 0.0970 0.0916 0.1173 0.0883 0.0851 0.0712 0.0687 0.0644 0.0643 0.0674 0.0646 0.0650 0.0679 0.0668 0.0672 0.0668 0.0664 0.0663 0.0642 0.0636 0.0648 0.0633 0.0635 0.0633 0.0644 0.0670 0.0672 0.0711 0.0740 0.0730 0.0723 0.0664 0.0677 0.0637 0.0640 0.0631 0.0636 0.0651 0.0634 0.0636 0.0663 0.0649 0.0635 0.0645 0.0666 0.0648 0.0642 0.0639 0.0636 0.0638 0.0639 0.0630 0.0640 0.0658 0.0637 0.0637 0.0672 0.0677 0.0644 0.0658 0.0703 0.0680 0.0646 0.0647 0.0632 0.0633 0.0648 0.0644 0.0696 0.0719 0.0762 0.0768 0.0718 0.0680 0.0653 0.0643 0.0656 0.0705 0.0708 0.0791 0.0873 0.0842 0.0870 0.0758 0.0696 0.0659 0.0636 0.0658 0.0633 0.0630 0.0630 0.0663 0.0665 0.0642 0.0676 0.0791 0.0708 0.0689 0.0812 0.0897 0.0758 0.0852 0.0940 0.0814 0.0829 0.0842 0.0800 0.0702 0.0690 0.0701
0.0630 0.0634 0.0633 0.0633 0.0636 0.0640 0.0638 0.0652 0.0696 0.0677 0.0730 0.0875 0.0833 0.1032 0.1049 0.1577 0.1816 0.1416 0.4025 1.0000 0.4040 0.1407 0.1770 0.1583 0.1021 0.0875 0.0722 0.0663 0.0729 0.0687 0.0829 0.0732 0.0836 0.0681 0.0683 0.0639 0.0638 0.0630 0.0630 0.0640 0.0631 0.0630 0.0637 0.0636 0.0640 0.0642 0.0649 0.0649 0.0642 0.0635 0.0642 0.0633 0.0634 0.0633 0.0638 0.0647 0.0652 0.0659 0.0667 0.0669 0.0667 0.0646 0.0656 0.0636 0.0641 0.0633 0.0639 0.0649 0.0636 0.0636 0.0646 0.0642 0.0633 0.0635 0.0644 0.0637 0.0635 0.0632 0.0631 0.0630 0.0631 0.0627 0.0633 0.0637 0.0629 0.0630 0.0647 0.0643 0.0632 0.0639 0.0661 0.0646 0.0634 0.0633 0.0628 0.0628 0.0631 0.0631 0.0641 0.0649 0.0663 0.0666 0.0653 0.0642 0.0636 0.0632 0.0634 0.0645 0.0644 0.0664 0.0694 0.0687 0.0719 0.0686 0.0663 0.0649 0.0633 0.0643 0.0630 0.0628 0.0629 0.0651 0.0642 0.0632 0.0651 0.0702 0.0650 0.0644 0.0698 0.0715 0.0658 0.0695 0.0727 0.0681 0.0693 0.0695 0.0693 0.0657 0.0653 0.0662
0.0632 0.0641 0.0640 0.0645 0.0662 0.0674 0.0677 0.0723 0.0791 0.0762 0.0838 0.1002 0.0847 0.0958 0.0933 0.1038 0.1564 0.1775 0.1403 0.4040 1.0000 0.4044 0.1406 0.1744 0.1467 0.0986 0.0750 0.0677 0.0740 0.0670 0.0786 0.0696 0.0767 0.0658 0.0661 0.0635 0.0637 0.0628 0.0631 0.0640 0.0631 0.0630 0.0634 0.0633 0.0635 0.0634 0.0636 0.0640 0.0634 0.0630 0.0632 0.0628 0.0628 0.0627 0.0630 0.0635 0.0634 0.0641 0.0645 0.0643 0.0645 0.0633 0.0642 0.0630 0.0635 0.0629 0.0632 0.0640 0.0631 0.0631 0.0639 0.0637 0.0631 0.0636 0.0646 0.0641 0.0639 0.0638 0.0638 0.0636 0.0637 0.0631 0.0639 0.0642 0.0631 0.0632 0.0647 0.0641 0.0629 0.0634 0.0652 0.0641 0.0630 0.0631 0.0627 0.0628 0.0631 0.0630 0.0637 0.0646 0.0662 0.0654 0.0649 0.0641 0.0635 0.0633 0.0633 0.0642 0.0639 0.0652 0.0674 0.0668 0.0698 0.0680 0.0662 0.0653 0.0639 0.0666 0.0642 0.0630 0.0639 0.0691 0.0661 0.0643 0.0701 0.0766 0.0674 0.0671 0.0765 0.0764 0.0675 0.0714 0.0755 0.0690 0.0691 0.0698 0.0689 0.0653 0.0652 0.0661
0.0632 0.0645 0.0639 0.0642 0.0661 0.0679 0.0663 0.0693 0.0778 0.0703 0.0736 0.0859 0.0722 0.0799 0.0928 0.0925 0.1032 0.1577 0.1786 0.1407 0.4044 1.0000 0.4050 0.1413 0.1643 0.1427 0.0884 0.0792 0.0969 0.0840 0.1136 0.0941 0.1053 0.0793 0.0738 0.0662 0.0652 0.0632 0.0632 0.0648 0.0636 0.0637 0.0653 0.0646 0.0654 0.0651 0.0654 0.0663 0.0644 0.0633 0.0640 0.0629 0.0630 0.0628 0.0633 0.0650 0.0641 0.0661 0.0688 0.0690 0.0689 0.0657 0.0684 0.0640 0.0646 0.0632 0.0642 0.0655 0.0636 0.0636 0.0665 0.0649 0.0635 0.0645 0.0667 0.0646 0.0645 0.0644 0.0644 0.0649 0.0649 0.0635 0.0648 0.0667 0.0641 0.0640 0.0676 0.0677 0.0642 0.0649 0.0688 0.0671 0.0640 0.0642 0.0631 0.0635 0.0652 0.0648 0.0680 0.0706 0.0710 0.0711 0.0670 0.0650 0.0639 0.0633 0.0637 0.0661 0.0655 0.0704 0.0782 0.0800 0.0881 0.0834 0.0768 0.0723 0.0676 0.0741 0.0671 0.0644 0.0655 0.0759 0.0737 0.0680 0.0758 0.0967 0.0777 0.0731 0.0889 0.0975 0.0771 0.0833 0.0915 0.0792 0.0769 0.0794 0.0763 0.0685 0.0677 0.0686
0.0631 0.0636 0.0632 0.0632 0.0637 0.0642 0.0634 0.0643 0.0671 0.0641 0.0655 0.0714 0.0652 0.0698 0.0793 0.0926 0.0922 0.1035 0.1612 0.1770 0.1406 0.4050 1.0000 0.4038 0.1383 0.1582 0.1073 0.0942 0.1164 0.0979 0.1312 0.0969 0.1007 0.0744 0.0686 0.0637 0.0636 0.0627 0.0627 0.0639 0.0631 0.0632 0.0644 0.0640 0.0652 0.0659 0.0675 0.0687 0.0663 0.0648 0.0656 0.0636 0.0641 0.0636 0.0645 0.0663 0.0651 0.0671 0.0696 0.0713 0.0720 0.0698 0.0741 0.0674 0.0679 0.0649 0.0666 0.0688 0.0651 0.0650 0.0684 0.0658 0.0637 0.0644 0.0659 0.0640 0.0636 0.0634 0.0632 0.0636 0.0636 0.0628 0.0635 0.0649 0.0633 0.0633 0.0664 0.0670 0.0641 0.0651 0.0692 0.0679 0.0647 0.0650 0.0634 0.0637 0.0658 0.0654 0.0672 0.0688 0.0674 0.0683 0.0652 0.0642 0.0633 0.0631 0.0632 0.0650 0.0643 0.0674 0.0737 0.0774 0.0880 0.0866 0.0810 0.0752 0.0680 0.0714 0.0650 0.0633 0.0637 0.0702 0.0686 0.0646 0.0679 0.0791 0.0690 0.0658 0.0732 0.0796 0.0685 0.0718 0.0764 0.0707 0.0708 0.0713 0.0706 0.0662 0.0657 0.0666
0.0633 0.0637 0.0634 0.0636 0.0641 0.0641 0.0638 0.0654 0.0665 0.0642 0.0658 0.0696 0.0642 0.0661 0.0672 0.0789 0.0922 0.0913 0.1038 0.1583 0.1744 0.1413 0.4038 1.0000 0.4096 0.1348 0.1108 0.0899 0.0931 0.0747 0.0854 0.0699 0.0721 0.0638 0.0632 0.0626 0.0626 0.0626 0.0625 0.0627 0.0627 0.0627 0.0628 0.0628 0.0630 0.0632 0.0640 0.0647 0.0645 0.0635 0.0636 0.0630 0.0631 0.0630 0.0632 0.0636 0.0634 0.0638 0.0643 0.0648 0.0651 0.0649 0.0667 0.0651 0.0662 0.0644 0.0650 0.0660 0.0642 0.0639 0.0646 0.0639 0.0631 0.0633 0.0636 0.0632 0.0631 0.0630 0.0630 0.0629 0.0630 0.0627 0.0632 0.0633 0.0627 0.0628 0.0641 0.0637 0.0629 0.0633 0.0650 0.0641 0.0632 0.0632 0.0627 0.0628 0.0631 0.0632 0.0632 0.0637 0.0634 0.0635 0.0631 0.0630 0.0629 0.0627 0.0628 0.0631 0.0632 0.0633 0.0644 0.0650 0.0690 0.0700 0.0702 0.0693 0.0661 0.0681 0.0648 0.0631 0.0636 0.0689 0.0654 0.0635 0.0661 0.0707 0.0648 0.0637 0.0671 0.0685 0.0643 0.0653 0.0668 0.0653 0.0653 0.0653 0.0658 0.0644 0.0642 0.0647
0.0635 0.0642 0.0640 0.0644 0.0653 0.0650 0.0648 0.0670 0.0679 0.0649 0.0657 0.0679 0.0635 0.0632 0.0637 0.0662 0.0768 0.0885 0.0899 0.1021 0.1467 0.1643 0.1383 0.4096 1.0000 0.4015 0.1277 0.1007 0.1045 0.0781 0.0874 0.0698 0.0709 0.0639 0.0634 0.0627 0.0627 0.0626 0.0626 0.0627 0.0626 0.0627 0.0628 0.0630 0.0632 0.0633 0.0637 0.0645 0.0641 0.0633 0.0632 0.0627 0.0628 0.0627 0.0628 0.0632 0.0631 0.0633 0.0639 0.0642 0.0649 0.0652 0.0671 0.0650 0.0661 0.0642 0.0648 0.0656 0.0637 0.0636 0.0645 0.0636 0.0630 0.0632 0.0637 0.0633 0.0632 0.0632 0.0633 0.0633 0.0635 0.0630 0.0640 0.0640 0.0632 0.0633 0.0646 0.0640 0.0631 0.0635 0.0649 0.0642 0.0633 0.0634 0.0629 0.0632 0.0635 0.0636 0.0633 0.0642 0.0636 0.0636 0.0632 0.0630 0.0629 0.0627 0.0628 0.0632 0.0633 0.0636 0.0646 0.0654 0.0696 0.0716 0.0734 0.0731 0.0706 0.0760 0.0707 0.0654 0.0674 0.0790 0.0714 0.0668 0.0732 0.0790 0.0686 0.0667 0.0717 0.0724 0.0659 0.0663 0.0684 0.0666 0.0658 0.0661 0.0670 0.0653 0.0648 0.0652
0.0632 0.0639 0.0633 0.0634 0.0638 0.0639 0.0633 0.0640 0.0650 0.0632 0.0632 0.0641 0.0627 0.0627 0.0628 0.0635 0.0657 0.0757 0.0878 0.0875 0.0986 0.1427 0.1582 0.1348 0.4015 1.0000 0.3975 0.1497 0.1758 0.1117 0.1241 0.0835 0.0787 0.0661 0.0638 0.0628 0.0627 0.0626 0.0626 0.0629 0.0627 0.0628 0.0634 0.0637 0.0646 0.0650 0.0663 0.0680 0.0665 0.0647 0.0645 0.0632 0.0632 0.0629 0.0632 0.0640 0.0633 0.0641 0.0659 0.0675 0.0700 0.0722 0.0762 0.0703 0.0708 0.0668 0.0687 0.0703 0.0654 0.0651 0.0671 0.0649 0.0633 0.0638 0.0649 0.0636 0.0634 0.0633 0.0635 0.0639 0.0637 0.0631 0.0640 0.0647 0.0635 0.0635 0.0655 0.0656 0.0636 0.0641 0.0663 0.0664 0.0644 0.0650 0.0638 0.0644 0.0666 0.0668 0.0658 0.0678 0.0646 0.0654 0.0636 0.0633 0.0630 0.0628 0.0629 0.0637 0.0637 0.0646 0.0675 0.0711 0.0802 0.0866 0.0899 0.0877 0.0802 0.0862 0.0737 0.0672 0.0681 0.0813 0.0766 0.0684 0.0735 0.0851 0.0725 0.0678 0.0727 0.0758 0.0674 0.0680 0.0706 0.0684 0.0675 0.0683 0.0690 0.0664 0.0655 0.0660
0.0631 0.0634 0.0632 0.0631 0.0632 0.0631 0.0630 0.0631 0.0633 0.0628 0.0628 0.0628 0.0626 0.0625 0.0627 0.0626 0.0628 0.0640 0.0686 0.0722 0.0750 0.0884 0.1073 0.1108 0.1277 0.3975 1.0000 0.4179 0.1431 0.1002 0.0905 0.0685 0.0659 0.0629 0.0627 0.0626 0.0625 0.0624 0.0625 0.0626 0.0626 0.0627 0.0627 0.0629 0.0633 0.0635 0.0645 0.0659 0.0659 0.0644 0.0637 0.0632 0.0631 0.0628 0.0630 0.0632 0.0630 0.0633 0.0638 0.0646 0.0663 0.0705 0.0716 0.0712 0.0720 0.0680 0.0686 0.0688 0.0651 0.0645 0.0650 0.0640 0.0631 0.0632 0.0635 0.0632 0.0631 0.0631 0.0631 0.0631 0.0631 0.0627 0.0631 0.0633 0.0628 0.0630 0.0638 0.0635 0.0630 0.0633 0.0644 0.0644 0.0640 0.0641 0.0637 0.0640 0.0641 0.0647 0.0633 0.0642 0.0631 0.0632 0.0628 0.0630 0.0627 0.0627 0.0626 0.0631 0.0632 0.0632 0.0635 0.0642 0.0672 0.0727 0.0793 0.0835 0.0801 0.0791 0.0723 0.0670 0.0664 0.0733 0.0701 0.0655 0.0670 0.0708 0.0663 0.0644 0.0653 0.0660 0.0641 0.0642 0.0649 0.0647 0.0644 0.0646 0.0654 0.0645 0.0641 0.0646
0.0630 0.0632 0.0631 0.0630 0.0631 0.0630 0.0628 0.0629 0.0630 0.0627 0.0626 0.0627 0.0626 0.0626 0.0627 0.0627 0.0627 0.0630 0.0652 0.0663 0.0677 0.0792 0.0942 0.0899 0.1007 0.1497 0.4179 1.0000 0.4100 0.1279 0.0972 0.0729 0.0654 0.0629 0.0626 0.0626 0.0626 0.0625 0.0626 0.0627 0.0627 0.0627 0.0629 0.0632 0.0638 0.0643 0.0657 0.0676 0.0674 0.0653 0.0642 0.0633 0.0632 0.0630 0.0631 0.0633 0.0631 0.0634 0.0641 0.0658 0.0688 0.0772 0.0771 0.0771 0.0771 0.0706 0.0710 0.0702 0.0653 0.0648 0.0653 0.0640 0.0631 0.0633 0.0635 0.0633 0.0633 0.0632 0.0633 0.0633 0.0632 0.0628 0.0633 0.0634 0.0631 0.0630 0.0640 0.0639 0.0633 0.0634 0.0647 0.0652 0.0646 0.0652 0.0648 0.0655 0.0659 0.0670 0.0641 0.0648 0.0632 0.0631 0.0628 0.0628 0.0628 0.0627 0.0626 0.0630 0.0632 0.0632 0.0632 0.0644 0.0686 0.0776 0.0888 0.0956 0.0903 0.0848 0.0750 0.0686 0.0668 0.0740 0.0715 0.0655 0.0667 0.0703 0.0660 0.0643 0.0652 0.0657 0.0642 0.0642 0.0649 0.0649 0.0646 0.0649 0.0658 0.0650 0.0645 0.0649
0.0630 0.0633 0.0631 0.0631 0.0632 0.0633 0.0630 0.0632 0.0636 0.0628 0.0628 0.0632 0.0627 0.0627 0.0633 0.0636 0.0634 0.0659 0.0739 0.0729 0.0740 0.0969 0.1164 0.0931 0.1045 0.1758 0.1431 0.4100 1.0000 0.3978 0.1477 0.0980 0.0787 0.0655 0.0631 0.0627 0.0627 0.0626 0.0627 0.0630 0.0629 0.0631 0.0636 0.0642 0.0664 0.0677 0.0706 0.0733 0.0702 0.0670 0.0663 0.0639 0.0637 0.0633 0.0639 0.0653 0.0639 0.0648 0.0675 0.0737 0.0800 0.0945 0.0922 0.0838 0.0785 0.0708 0.0739 0.0733 0.0655 0.0656 0.0685 0.0650 0.0635 0.0641 0.0647 0.0637 0.0637 0.0636 0.0636 0.0641 0.0636 0.0630 0.0636 0.0644 0.0638 0.0635 0.0653 0.0664 0.0644 0.0641 0.0667 0.0683 0.0658 0.0681 0.0664 0.0691 0.0720 0.0737 0.0683 0.0703 0.0647 0.0646 0.0632 0.0631 0.0628 0.0628 0.0630 0.0639 0.0639 0.0645 0.0657 0.0718 0.0815 0.0979 0.1096 0.1114 0.0953 0.0905 0.0737 0.0681 0.0662 0.0764 0.0762 0.0666 0.0685 0.0774 0.0694 0.0655 0.0681 0.0705 0.0659 0.0665 0.0680 0.0671 0.0666 0.0676 0.0680 0.0661 0.0654 0.0660
0.0629 0.0632 0.0629 0.0629 0.0631 0.0632 0.0628 0.0628 0.0632 0.0629 0.0628 0.0632 0.0627 0.0627 0.0635 0.0639 0.0632 0.0649 0.0729 0.0687 0.0670 0.0840 0.0979 0.0747 0.0781 0.1117 0.1002 0.1279 0.3978 1.0000 0.3984 0.1369 0.0925 0.0732 0.0635 0.0629 0.0629 0.0627 0.0628 0.0634 0.0632 0.0637 0.0652 0.0666 0.0710 0.0724 0.0765 0.0803 0.0740 0.0698 0.0698 0.0650 0.0649 0.0637 0.0650 0.0677 0.0648 0.0671 0.0717 0.0813 0.0906 0.1006 0.1079 0.0845 0.0815 0.0720 0.0780 0.0800 0.0679 0.0689 0.0760 0.0685 0.0650 0.0667 0.0686 0.0651 0.0648 0.0647 0.0646 0.0662 0.0645 0.0633 0.0642 0.0667 0.0651 0.0640 0.0671 0.0714 0.0663 0.0650 0.0693 0.0733 0.0679 0.0732 0.0690 0.0731 0.0797 0.0796 0.0725 0.0741 0.0659 0.0663 0.0636 0.0633 0.0628 0.0628 0.0629 0.0642 0.0641 0.0657 0.0698 0.0801 0.0957 0.1098 0.1262 0.1152 0.0952 0.0958 0.0746 0.0699 0.0671 0.0790 0.0822 0.0691 0.0708 0.0837 0.0726 0.0666 0.0703 0.0739 0.0667 0.0679 0.0701 0.0676 0.0676 0.0685 0.0684 0.0659 0.0652 0.0658
0.0630 0.0635 0.0631 0.0630 0.0633 0.0636 0.0632 0.0632 0.0643 0.0632 0.0634 0.0644 0.0632 0.0636 0.0676 0.0683 0.0662 0.0748 0.0970 0.0829 0.0786 0.1136 0.1312 0.0854 0.0874 0.1241 0.0905 0.0972 0.1477 0.3984 1.0000 0.3979 0.1480 0.0975 0.0755 0.0647 0.0651 0.0631 0.0631 0.0652 0.0640 0.0652 0.0699 0.0720 0.0794 0.0825 0.0839 0.0882 0.0749 0.0706 0.0739 0.0658 0.0662 0.0645 0.0675 0.0748 0.0688 0.0767 0.0866 0.1058 0.1064 0.1046 0.0988 0.0754 0.0713 0.0662 0.0725 0.0753 0.0654 0.0667 0.0762 0.0684 0.0645 0.0671 0.0710 0.0653 0.0650 0.0646 0.0645 0.0675 0.0649 0.0633 0.0642 0.0696 0.0667 0.0641 0.0687 0.0773 0.0671 0.0651 0.0715 0.0769 0.0674 0.0746 0.0683 0.0734 0.0856 0.0845 0.0842 0.0868 0.0725 0.0746 0.0657 0.0645 0.0634 0.0630 0.0635 0.0666 0.0659 0.0762 0.0873 0.1126 0.1240 0.1387 0.1166 0.0972 0.0796 0.0810 0.0669 0.0654 0.0642 0.0724 0.0769 0.0663 0.0683 0.0844 0.0733 0.0666 0.0723 0.0799 0.0685 0.0713 0.0746 0.0698 0.0696 0.0717 0.0695 0.0661 0.0657 0.0662
0.0628 0.0633 0.0630 0.0630 0.0633 0.0638 0.0631 0.0632 0.0646 0.0632 0.0634 0.0651 0.0633 0.0637 0.0694 0.0686 0.0652 0.0728 0.0916 0.0732 0.0696 0.0941 0.0969 0.0699 0.0698 0.0835 0.0685 0.0729 0.0980 0.1369 0.3979 1.0000 0.3979 0.1473 0.0950 0.0764 0.0714 0.0645 0.0646 0.0698 0.0667 0.0701 0.0820 0.0832 0.0934 0.0924 0.0890 0.0886 0.0736 0.0703 0.0762 0.0662 0.0672 0.0648 0.0689 0.0802 0.0727 0.0853 0.1007 0.1123 0.1216 0.0934 0.1011 0.0728 0.0702 0.0658 0.0728 0.0787 0.0671 0.0695 0.0869 0.0748 0.0678 0.0742 0.0836 0.0697 0.0684 0.0678 0.0676 0.0760 0.0689 0.0646 0.0667 0.0812 0.0744 0.0673 0.0767 0.0953 0.0732 0.0684 0.0802 0.0884 0.0704 0.0802 0.0690 0.0741 0.0934 0.0852 0.0932 0.0902 0.0772 0.0807 0.0676 0.0657 0.0636 0.0632 0.0638 0.0706 0.0689 0.0860 0.1068 0.1235 0.1525 0.1190 0.1005 0.0822 0.0709 0.0753 0.0653 0.0649 0.0641 0.0705 0.0759 0.0672 0.0696 0.0890 0.0773 0.0688 0.0770 0.0866 0.0710 0.0745 0.0796 0.0712 0.0708 0.0717 0.0687 0.0651 0.0648 0.0653
0.0630 0.0636 0.0631 0.0632 0.0639 0.0648 0.0636 0.0638 0.0665 0.0642 0.0646 0.0686 0.0653 0.0671 0.0812 0.0786 0.0712 0.0866 0.1173 0.0836 0.0767 0.1053 0.1007 0.0721 0.0709 0.0787 0.0659 0.0654 0.0787 0.0925 0.1480 0.3979 1.0000 0.3965 0.1477 0.0962 0.0844 0.0672 0.0667 0.0745 0.0686 0.0733 0.0892 0.0920 0.0985 0.0991 0.0865 0.0861 0.0712 0.0691 0.0781 0.0675 0.0707 0.0668 0.0729 0.0922 0.0839 0.1069 0.1142 0.1239 0.0992 0.0799 0.0793 0.0648 0.0645 0.0633 0.0660 0.0697 0.0639 0.0648 0.0759 0.0683 0.0644 0.0685 0.0756 0.0661 0.0658 0.0655 0.0652 0.0707 0.0661 0.0634 0.0644 0.0751 0.0689 0.0640 0.0703 0.0835 0.0670 0.0647 0.0731 0.0778 0.0655 0.0717 0.0653 0.0685 0.0830 0.0780 0.0950 0.0926 0.0873 0.0922 0.0750 0.0709 0.0656 0.0648 0.0671 0.0847 0.0829 0.1172 0.1285 0.1535 0.1257 0.1032 0.0802 0.0698 0.0646 0.0668 0.0632 0.0632 0.0629 0.0652 0.0686 0.0641 0.0650 0.0768 0.0711 0.0657 0.0723 0.0823 0.0698 0.0743 0.0786 0.0709 0.0702 0.0724 0.0688 0.0652 0.0648 0.0654
0.0630 0.0636 0.0632 0.0632 0.0638 0.0649 0.0635 0.0639 0.0664 0.0641 0.0643 0.0675 0.0645 0.0653 0.0753 0.0702 0.0649 0.0749 0.0883 0.0681 0.0658 0.0793 0.0744 0.0638 0.0639 0.0661 0.0629 0.0629 0.0655 0.0732 0.0975 0.1473 0.3965 1.0000 0.3958 0.1458 0.1177 0.0824 0.0776 0.0943 0.0813 0.0879 0.1142 0.1046 0.1010 0.0886 0.0755 0.0730 0.0654 0.0645 0.0703 0.0644 0.0667 0.0648 0.0688 0.0860 0.0822 0.1049 0.1208 0.1091 0.1009 0.0773 0.0828 0.0661 0.0657 0.0642 0.0686 0.0734 0.0658 0.0681 0.0855 0.0740 0.0675 0.0751 0.0867 0.0701 0.0687 0.0694 0.0697 0.0809 0.0722 0.0653 0.0685 0.0887 0.0768 0.0676 0.0793 0.0951 0.0712 0.0677 0.0795 0.0835 0.0674 0.0736 0.0654 0.0676 0.0812 0.0748 0.0945 0.0891 0.0878 0.0943 0.0770 0.0744 0.0669 0.0663 0.0707 0.0941 0.0926 0.1234 0.1562 0.1294 0.1203 0.0866 0.0726 0.0658 0.0635 0.0648 0.0629 0.0628 0.0628 0.0644 0.0661 0.0637 0.0644 0.0726 0.0690 0.0656 0.0717 0.0808 0.0704 0.0751 0.0791 0.0707 0.0702 0.0716 0.0684 0.0647 0.0646 0.0651
0.0632 0.0640 0.0636 0.0636 0.0648 0.0660 0.0646 0.0653 0.0688 0.0658 0.0662 0.0705 0.0671 0.0684 0.0813 0.0742 0.0673 0.0762 0.0851 0.0683 0.0661 0.0738 0.0686 0.0632 0.0634 0.0638 0.0627 0.0626 0.0631 0.0635 0.0755 0.0950 0.1477 0.3958 1.0000 0.4020 0.1427 0.0975 0.0851 0.0957 0.0832 0.0907 0.1113 0.1035 0.0941 0.0852 0.0722 0.0699 0.0648 0.0643 0.0694 0.0649 0.0684 0.0662 0.0708 0.0861 0.0883 0.1108 0.0995 0.0937 0.0812 0.0699 0.0723 0.0649 0.0645 0.0638 0.0668 0.0688 0.0643 0.0658 0.0746 0.0677 0.0645 0.0684 0.0738 0.0658 0.0654 0.0659 0.0658 0.0706 0.0666 0.0633 0.0648 0.0735 0.0671 0.0635 0.0686 0.0747 0.0646 0.0640 0.0699 0.0712 0.0642 0.0662 0.0635 0.0643 0.0692 0.0671 0.0811 0.0796 0.0891 0.0940 0.0838 0.0796 0.0715 0.0729 0.0822 0.1130 0.1181 0.1460 0.1265 0.1091 0.0895 0.0729 0.0662 0.0643 0.0633 0.0634 0.0627 0.0627 0.0627 0.0633 0.0640 0.0632 0.0635 0.0667 0.0662 0.0648 0.0683 0.0730 0.0685 0.0715 0.0745 0.0693 0.0686 0.0701 0.0682 0.0652 0.0649 0.0652
0.0632 0.0642 0.0638 0.0636 0.0648 0.0662 0.0644 0.0648 0.0675 0.0649 0.0652 0.0676 0.0650 0.0653 0.0723 0.0672 0.0641 0.0686 0.0712 0.0639 0.0635 0.0662 0.0637 0.0626 0.0627 0.0628 0.0626 0.0626 0.0627 0.0629 0.0647 0.0764 0.0962 0.1458 0.4020 1.0000 0.3984 0.1351 0.1073 0.1189 0.0962 0.1011 0.1139 0.0929 0.0806 0.0724 0.0660 0.0651 0.0636 0.0633 0.0657 0.0639 0.0660 0.0650 0.0679 0.0777 0.0800 0.0918 0.0877 0.0817 0.0766 0.0706 0.0764 0.0676 0.0672 0.0655 0.0706 0.0729 0.0668 0.0692 0.0800 0.0711 0.0669 0.0719 0.0776 0.0683 0.0672 0.0681 0.0689 0.0750 0.0703 0.0648 0.0671 0.0778 0.0693 0.0652 0.0713 0.0760 0.0662 0.0653 0.0723 0.0740 0.0658 0.0676 0.0640 0.0643 0.0677 0.0652 0.0741 0.0730 0.0811 0.0879 0.0826 0.0824 0.0745 0.0785 0.0925 0.1197 0.1279 0.1270 0.1148 0.0885 0.0784 0.0680 0.0660 0.0647 0.0636 0.0634 0.0628 0.0627 0.0627 0.0634 0.0635 0.0631 0.0632 0.0653 0.0647 0.0641 0.0667 0.0698 0.0672 0.0702 0.0721 0.0679 0.0676 0.0692 0.0677 0.0650 0.0648 0.0652
0.0635 0.0647 0.0643 0.0642 0.0655 0.0672 0.0653 0.0654 0.0684 0.0657 0.0660 0.0683 0.0657 0.0658 0.0719 0.0664 0.0644 0.0686 0.0687 0.0638 0.0637 0.0652 0.0636 0.0626 0.0627 0.0627 0.0625 0.0626 0.0627 0.0629 0.0651 0.0714 0.0844 0.1177 0.1427 0.3984 1.0000 0.3997 0.1549 0.1634 0.1196 0.1265 0.1275 0.0978 0.0828 0.0732 0.0663 0.0651 0.0637 0.0633 0.0658 0.0640 0.0658 0.0649 0.0671 0.0757 0.0762 0.0865 0.0831 0.0807 0.0765 0.0725 0.0763 0.0676 0.0668 0.0651 0.0688 0.0706 0.0654 0.0670 0.0740 0.0676 0.0651 0.0684 0.0716 0.0661 0.0653 0.0657 0.0659 0.0693 0.0666 0.0636 0.0652 0.0717 0.0659 0.0640 0.0693 0.0725 0.0656 0.0655 0.0724 0.0734 0.0663 0.0674 0.0639 0.0641 0.0663 0.0645 0.0705 0.0698 0.0771 0.0804 0.0805 0.0806 0.0746 0.0787 0.0936 0.1167 0.1121 0.1082 0.0959 0.0804 0.0738 0.0683 0.0663 0.0651 0.0636 0.0636 0.0627 0.0627 0.0627 0.0633 0.0635 0.0630 0.0632 0.0649 0.0643 0.0640 0.0657 0.0677 0.0665 0.0686 0.0701 0.0673 0.0675 0.0689 0.0679 0.0653 0.0653 0.0656
0.0635 0.0644 0.0641 0.0640 0.0650 0.0660 0.0647 0.0648 0.0660 0.0646 0.0648 0.0659 0.0647 0.0646 0.0676 0.0645 0.0634 0.0649 0.0644 0.0630 0.0628 0.0632 0.0627 0.0626 0.0626 0.0626 0.0624 0.0625 0.0626 0.0627 0.0631 0.0645 0.0672 0.0824 0.0975 0.1351 0.3997 1.0000 0.4094 0.1370 0.1192 0.1160 0.0965 0.0797 0.0730 0.0677 0.0642 0.0636 0.0631 0.0629 0.0637 0.0634 0.0646 0.0641 0.0652 0.0687 0.0702 0.0743 0.0718 0.0722 0.0710 0.0706 0.0720 0.0677 0.0671 0.0654 0.0680 0.0685 0.0650 0.0661 0.0692 0.0659 0.0644 0.0661 0.0672 0.0650 0.0645 0.0646 0.0647 0.0656 0.0650 0.0632 0.0640 0.0660 0.0638 0.0632 0.0654 0.0659 0.0639 0.0643 0.0684 0.0683 0.0651 0.0650 0.0634 0.0632 0.0637 0.0633 0.0649 0.0649 0.0681 0.0699 0.0721 0.0747 0.0734 0.0789 0.0948 0.0965 0.0976 0.0852 0.0754 0.0678 0.0665 0.0653 0.0652 0.0647 0.0635 0.0633 0.0627 0.0627 0.0627 0.0630 0.0631 0.0628 0.0630 0.0636 0.0635 0.0634 0.0643 0.0650 0.0647 0.0654 0.0661 0.0650 0.0650 0.0659 0.0658 0.0643 0.0643 0.0646
0.0639 0.0649 0.0647 0.0646 0.0660 0.0671 0.0655 0.0658 0.0671 0.0653 0.0654 0.0666 0.0652 0.0653 0.0681 0.0646 0.0636 0.0651 0.0643 0.0630 0.0631 0.0632 0.0627 0.0625 0.0626 0.0626 0.0625 0.0626 0.0627 0.0628 0.0631 0.0646 0.0667 0.0776 0.0851 0.1073 0.1549 0.4094 1.0000 0.4008 0.1547 0.1469 0.1134 0.0851 0.0758 0.0721 0.0673 0.0642 0.0633 0.0629 0.0642 0.0636 0.0649 0.0645 0.0657 0.0698 0.0698 0.0741 0.0729 0.0756 0.0740 0.0734 0.0732 0.0681 0.0668 0.0652 0.0672 0.0675 0.0644 0.0653 0.0677 0.0652 0.0639 0.0653 0.0658 0.0643 0.0641 0.0643 0.0643 0.0648 0.0644 0.0631 0.0638 0.0652 0.0636 0.0632 0.0657 0.0658 0.0638 0.0645 0.0690 0.0681 0.0650 0.0649 0.0633 0.0632 0.0637 0.0633 0.0645 0.0645 0.0670 0.0686 0.0690 0.0704 0.0692 0.0720 0.0815 0.0843 0.0844 0.0792 0.0726 0.0672 0.0663 0.0654 0.0655 0.0652 0.0639 0.0636 0.0629 0.0628 0.0628 0.0632 0.0633 0.0630 0.0632 0.0640 0.0640 0.0637 0.0650 0.0655 0.0650 0.0659 0.0670 0.0657 0.0655 0.0669 0.0668 0.0651 0.0651 0.0653
0.0641 0.0657 0.0651 0.0651 0.0669 0.0689 0.0666 0.0669 0.0696 0.0668 0.0668 0.0689 0.0665 0.0662 0.0706 0.0659 0.0646 0.0684 0.0674 0.0640 0.0640 0.0648 0.0639 0.0627 0.0627 0.0629 0.0626 0.0627 0.0630 0.0634 0.0652 0.0698 0.0745 0.0943 0.0957 0.1189 0.1634 0.1370 0.4008 1.0000 0.4021 0.1383 0.1391 0.1084 0.0826 0.0745 0.0720 0.0678 0.0642 0.0630 0.0651 0.0636 0.0648 0.0642 0.0661 0.0732 0.0716 0.0789 0.0802 0.0812 0.0799 0.0775 0.0804 0.0703 0.0683 0.0661 0.0690 0.0703 0.0653 0.0667 0.0716 0.0667 0.0646 0.0669 0.0684 0.0652 0.0650 0.0653 0.0652 0.0670 0.0657 0.0634 0.0649 0.0689 0.0654 0.0644 0.0694 0.0711 0.0659 0.0668 0.0740 0.0729 0.0664 0.0672 0.0640 0.0641 0.0659 0.0645 0.0678 0.0680 0.0709 0.0750 0.0721 0.0729 0.0694 0.0707 0.0784 0.0886 0.0855 0.0881 0.0841 0.0756 0.0729 0.0690 0.0680 0.0668 0.0646 0.0644 0.0632 0.0631 0.0630 0.0639 0.0641 0.0633 0.0636 0.0657 0.0650 0.0645 0.0665 0.0679 0.0663 0.0684 0.0699 0.0675 0.0677 0.0696 0.0685 0.0657 0.0657 0.0662
