1.0000 0.3954 0.1472 0.1491 0.1483 0.1159 0.0961 0.0904 0.0829 0.0704 0.0655 0.0639 0.0631 0.0627 0.0625 0.0626 0.0624 0.0624 0.0624 0.0624 0.0624 0.0625 0.0626 0.0632 0.0636 0.0695 0.0680 0.0811 0.0729 0.0727 0.0702 0.0718 0.0768 0.0695 0.0710 0.0646 0.0639 0.0628 0.0627 0.0631 0.0628 0.0638 0.0630 0.0629 0.0637 0.0633 0.0628 0.0637 0.0641 0.0632 0.0644 0.0659 0.0648 0.0640 0.0659 0.0656 0.0636 0.0632 0.0635 0.0635 0.0639 0.0639 0.0638 0.0645 0.0632 0.0635 0.0629 0.0630 0.0628 0.0628 0.0628 0.0628 0.0628 0.0629 0.0630 0.0631 0.0641 0.0637 0.0637 0.0640
0.3954 1.0000 0.4093 0.1522 0.1849 0.1549 0.1068 0.0962 0.0950 0.0780 0.0676 0.0648 0.0626 0.0625 0.0624 0.0623 0.0623 0.0623 0.0623 0.0623 0.0623 0.0623 0.0624 0.0628 0.0628 0.0690 0.0659 0.0792 0.0696 0.0694 0.0677 0.0696 0.0755 0.0677 0.0706 0.0639 0.0635 0.0628 0.0626 0.0628 0.0627 0.0637 0.0629 0.0627 0.0636 0.0633 0.0627 0.0634 0.0639 0.0628 0.0640 0.0654 0.0641 0.0633 0.0650 0.0648 0.0632 0.0630 0.0632 0.0632 0.0634 0.0635 0.0633 0.0642 0.0631 0.0632 0.0627 0.0627 0.0626 0.0626 0.0626 0.0627 0.0627 0.0627 0.0629 0.0630 0.0640 0.0634 0.0633 0.0633
0.1472 0.4093 1.0000 0.4051 0.1409 0.1752 0.1540 0.1035 0.0930 0.0914 0.0776 0.0666 0.0635 0.0623 0.0623 0.0624 0.0624 0.0624 0.0624 0.0623 0.0623 0.0623 0.0623 0.0634 0.0631 0.0719 0.0668 0.0830 0.0714 0.0716 0.0695 0.0725 0.0826 0.0719 0.0769 0.0651 0.0644 0.0627 0.0625 0.0627 0.0624 0.0632 0.0626 0.0626 0.0633 0.0628 0.0626 0.0634 0.0635 0.0626 0.0643 0.0653 0.0634 0.0628 0.0647 0.0643 0.0629 0.0628 0.0632 0.0631 0.0634 0.0636 0.0636 0.0650 0.0633 0.0640 0.0629 0.0632 0.0628 0.0626 0.0627 0.0627 0.0627 0.0628 0.0631 0.0630 0.0645 0.0636 0.0635 0.0635
0.1491 0.1522 0.4051 1.0000 0.4070 0.1409 0.1810 0.1621 0.1042 0.0926 0.0943 0.0800 0.0663 0.0636 0.0627 0.0626 0.0623 0.0625 0.0625 0.0626 0.0624 0.0631 0.0634 0.0723 0.0706 0.1015 0.0854 0.1212 0.0879 0.0835 0.0774 0.0848 0.1075 0.0890 0.1085 0.0744 0.0730 0.0644 0.0632 0.0649 0.0630 0.0640 0.0630 0.0634 0.0664 0.0641 0.0635 0.0680 0.0683 0.0641 0.0677 0.0737 0.0672 0.0649 0.0693 0.0694 0.0642 0.0635 0.0641 0.0636 0.0650 0.0651 0.0660 0.0720 0.0666 0.0706 0.0652 0.0667 0.0642 0.0634 0.0633 0.0633 0.0633 0.0639 0.0661 0.0650 0.0697 0.0659 0.0654 0.0645
0.1483 0.1849 0.1409 0.4070 1.0000 0.4035 0.1411 0.1822 0.1606 0.1029 0.0934 0.0945 0.0778 0.0659 0.0640 0.0626 0.0623 0.0624 0.0624 0.0625 0.0625 0.0638 0.0642 0.0751 0.0698 0.0945 0.0751 0.0935 0.0723 0.0702 0.0675 0.0715 0.0846 0.0750 0.0906 0.0686 0.0694 0.0632 0.0627 0.0640 0.0630 0.0644 0.0631 0.0635 0.0666 0.0646 0.0633 0.0670 0.0683 0.0642 0.0653 0.0708 0.0662 0.0636 0.0659 0.0664 0.0632 0.0629 0.0632 0.0630 0.0638 0.0637 0.0639 0.0675 0.0642 0.0678 0.0640 0.0654 0.0634 0.0631 0.0630 0.0630 0.0631 0.0634 0.0649 0.0639 0.0675 0.0644 0.0640 0.0636
0.1159 0.1549 0.1752 0.1409 0.4035 1.0000 0.4069 0.1391 0.1784 0.1556 0.1025 0.0919 0.0915 0.0767 0.0659 0.0634 0.0622 0.0623 0.0624 0.0624 0.0623 0.0628 0.0625 0.0677 0.0633 0.0753 0.0644 0.0742 0.0649 0.0649 0.0639 0.0654 0.0725 0.0667 0.0771 0.0640 0.0652 0.0624 0.0623 0.0626 0.0624 0.0629 0.0624 0.0623 0.0635 0.0630 0.0625 0.0641 0.0643 0.0626 0.0632 0.0650 0.0632 0.0624 0.0636 0.0636 0.0625 0.0624 0.0626 0.0625 0.0628 0.0627 0.0628 0.0642 0.0628 0.0644 0.0628 0.0637 0.0628 0.0627 0.0627 0.0627 0.0626 0.0628 0.0633 0.0628 0.0644 0.0631 0.0631 0.0631
0.0961 0.1068 0.1540 0.1810 0.1411 0.4069 1.0000 0.4068 0.1416 0.1784 0.1586 0.1035 0.0915 0.0912 0.0782 0.0664 0.0631 0.0623 0.0626 0.0628 0.0624 0.0659 0.0638 0.0772 0.0684 0.0933 0.0737 0.0881 0.0709 0.0690 0.0669 0.0713 0.0861 0.0785 0.1013 0.0717 0.0745 0.0640 0.0628 0.0641 0.0626 0.0630 0.0625 0.0633 0.0655 0.0632 0.0637 0.0694 0.0674 0.0636 0.0671 0.0719 0.0650 0.0636 0.0678 0.0666 0.0632 0.0629 0.0636 0.0630 0.0639 0.0638 0.0645 0.0690 0.0650 0.0704 0.0645 0.0676 0.0642 0.0635 0.0633 0.0632 0.0633 0.0633 0.0658 0.0640 0.0680 0.0645 0.0641 0.0639
0.0904 0.0962 0.1035 0.1621 0.1822 0.1391 0.4068 1.0000 0.4064 0.1407 0.1830 0.1628 0.1027 0.0917 0.0947 0.0795 0.0656 0.0632 0.0626 0.0658 0.0642 0.0820 0.0769 0.1157 0.0900 0.1389 0.0882 0.1001 0.0727 0.0684 0.0661 0.0720 0.0904 0.0872 0.1358 0.0865 0.0981 0.0702 0.0658 0.0703 0.0635 0.0647 0.0632 0.0661 0.0746 0.0668 0.0658 0.0799 0.0784 0.0669 0.0698 0.0817 0.0687 0.0645 0.0681 0.0686 0.0632 0.0627 0.0631 0.0628 0.0638 0.0635 0.0645 0.0730 0.0681 0.0825 0.0702 0.0765 0.0671 0.0647 0.0640 0.0644 0.0653 0.0661 0.0734 0.0668 0.0738 0.0655 0.0641 0.0636
0.0829 0.0950 0.0930 0.1042 0.1606 0.1784 0.1416 0.4064 1.0000 0.4074 0.1406 0.1798 0.1571 0.1027 0.0927 0.0935 0.0773 0.0654 0.0632 0.0661 0.0637 0.0769 0.0683 0.0883 0.0690 0.0869 0.0663 0.0716 0.0637 0.0633 0.0631 0.0647 0.0702 0.0681 0.0870 0.0685 0.0775 0.0644 0.0638 0.0658 0.0630 0.0640 0.0627 0.0635 0.0686 0.0649 0.0631 0.0684 0.0686 0.0636 0.0638 0.0681 0.0637 0.0625 0.0635 0.0634 0.0626 0.0624 0.0624 0.0624 0.0627 0.0626 0.0627 0.0648 0.0631 0.0677 0.0637 0.0674 0.0637 0.0634 0.0631 0.0633 0.0635 0.0636 0.0655 0.0633 0.0654 0.0632 0.0630 0.0631
0.0704 0.0780 0.0914 0.0926 0.1029 0.1556 0.1784 0.1407 0.4074 1.0000 0.4063 0.1398 0.1766 0.1552 0.1028 0.0917 0.0906 0.0766 0.0652 0.0683 0.0630 0.0733 0.0641 0.0767 0.0638 0.0758 0.0636 0.0667 0.0628 0.0628 0.0627 0.0633 0.0664 0.0649 0.0779 0.0647 0.0727 0.0631 0.0628 0.0645 0.0624 0.0627 0.0625 0.0631 0.0655 0.0629 0.0627 0.0668 0.0650 0.0625 0.0641 0.0667 0.0628 0.0626 0.0642 0.0633 0.0624 0.0626 0.0627 0.0626 0.0627 0.0625 0.0626 0.0637 0.0626 0.0656 0.0630 0.0661 0.0633 0.0630 0.0628 0.0628 0.0630 0.0629 0.0641 0.0628 0.0641 0.0629 0.0627 0.0630
0.0655 0.0676 0.0776 0.0943 0.0934 0.1025 0.1586 0.1830 0.1406 0.4063 1.0000 0.4094 0.1401 0.1766 0.1641 0.1040 0.0908 0.0901 0.0769 0.0860 0.0729 0.1037 0.0812 0.1115 0.0799 0.1010 0.0719 0.0733 0.0644 0.0635 0.0631 0.0648 0.0714 0.0731 0.1034 0.0791 0.1028 0.0719 0.0689 0.0769 0.0646 0.0649 0.0633 0.0697 0.0776 0.0662 0.0667 0.0830 0.0743 0.0658 0.0707 0.0788 0.0664 0.0645 0.0678 0.0662 0.0632 0.0630 0.0632 0.0628 0.0634 0.0630 0.0634 0.0685 0.0657 0.0783 0.0686 0.0766 0.0674 0.0650 0.0642 0.0646 0.0651 0.0652 0.0714 0.0651 0.0696 0.0641 0.0633 0.0633
0.0639 0.0648 0.0666 0.0800 0.0945 0.0919 0.1035 0.1628 0.1798 0.1398 0.4094 1.0000 0.4050 0.1406 0.1843 0.1635 0.1024 0.0906 0.0875 0.1027 0.0888 0.1398 0.0992 0.1361 0.0840 0.0950 0.0679 0.0676 0.0629 0.0627 0.0626 0.0633 0.0663 0.0689 0.0941 0.0804 0.1163 0.0804 0.0800 0.0916 0.0689 0.0700 0.0650 0.0733 0.0882 0.0699 0.0668 0.0830 0.0772 0.0652 0.0667 0.0741 0.0651 0.0627 0.0641 0.0639 0.0624 0.0624 0.0626 0.0625 0.0627 0.0624 0.0626 0.0659 0.0645 0.0764 0.0687 0.0785 0.0683 0.0658 0.0646 0.0653 0.0661 0.0662 0.0723 0.0650 0.0688 0.0638 0.0629 0.0631
0.0631 0.0626 0.0635 0.0663 0.0778 0.0915 0.0915 0.1027 0.1571 0.1766 0.1401 0.4050 1.0000 0.4069 0.1385 0.1765 0.1558 0.1029 0.0873 0.0916 0.0734 0.0913 0.0690 0.0809 0.0637 0.0676 0.0624 0.0627 0.0624 0.0624 0.0624 0.0624 0.0627 0.0627 0.0687 0.0640 0.0765 0.0650 0.0671 0.0703 0.0636 0.0650 0.0624 0.0641 0.0687 0.0637 0.0624 0.0672 0.0650 0.0625 0.0632 0.0642 0.0624 0.0623 0.0631 0.0626 0.0623 0.0623 0.0624 0.0623 0.0624 0.0624 0.0623 0.0626 0.0624 0.0642 0.0627 0.0663 0.0634 0.0634 0.0631 0.0631 0.0632 0.0629 0.0641 0.0628 0.0636 0.0627 0.0626 0.0628
0.0627 0.0625 0.0623 0.0636 0.0659 0.0767 0.0912 0.0917 0.1027 0.1552 0.1766 0.1406 0.4069 1.0000 0.4062 0.1402 0.1716 0.1542 0.1015 0.1046 0.0766 0.0939 0.0692 0.0781 0.0635 0.0663 0.0625 0.0626 0.0624 0.0624 0.0624 0.0624 0.0627 0.0628 0.0677 0.0643 0.0773 0.0658 0.0692 0.0741 0.0648 0.0642 0.0624 0.0671 0.0694 0.0630 0.0639 0.0705 0.0646 0.0627 0.0656 0.0655 0.0628 0.0628 0.0643 0.0630 0.0625 0.0626 0.0626 0.0624 0.0626 0.0625 0.0624 0.0628 0.0627 0.0649 0.0633 0.0671 0.0640 0.0635 0.0632 0.0632 0.0631 0.0629 0.0641 0.0631 0.0641 0.0629 0.0627 0.0628
0.0625 0.0624 0.0623 0.0627 0.0640 0.0659 0.0782 0.0947 0.0927 0.1028 0.1641 0.1843 0.1385 0.4062 1.0000 0.4090 0.1383 0.1658 0.1475 0.1847 0.1194 0.1739 0.1026 0.1111 0.0732 0.0740 0.0633 0.0628 0.0624 0.0624 0.0623 0.0625 0.0630 0.0642 0.0769 0.0743 0.1118 0.0852 0.0959 0.1089 0.0777 0.0725 0.0670 0.0833 0.0908 0.0692 0.0697 0.0881 0.0741 0.0649 0.0686 0.0712 0.0639 0.0632 0.0646 0.0636 0.0624 0.0624 0.0625 0.0624 0.0626 0.0626 0.0627 0.0647 0.0642 0.0728 0.0683 0.0787 0.0693 0.0665 0.0652 0.0658 0.0659 0.0657 0.0708 0.0655 0.0690 0.0648 0.0634 0.0632
0.0626 0.0623 0.0624 0.0626 0.0626 0.0634 0.0664 0.0795 0.0935 0.0917 0.1040 0.1635 0.1765 0.1402 0.4090 1.0000 0.4092 0.1399 0.1527 0.1602 0.1194 0.1351 0.0877 0.0882 0.0657 0.0648 0.0623 0.0623 0.0623 0.0624 0.0623 0.0624 0.0624 0.0626 0.0661 0.0657 0.0860 0.0745 0.0853 0.0874 0.0716 0.0699 0.0648 0.0721 0.0767 0.0653 0.0641 0.0715 0.0664 0.0626 0.0637 0.0642 0.0623 0.0622 0.0627 0.0624 0.0623 0.0623 0.0624 0.0624 0.0624 0.0625 0.0624 0.0627 0.0627 0.0649 0.0642 0.0694 0.0661 0.0652 0.0646 0.0649 0.0648 0.0641 0.0658 0.0641 0.0654 0.0637 0.0630 0.0632
0.0624 0.0623 0.0624 0.0623 0.0623 0.0622 0.0631 0.0656 0.0773 0.0906 0.0908 0.1024 0.1558 0.1716 0.1383 0.4092 1.0000 0.4135 0.1376 0.1190 0.0843 0.0853 0.0661 0.0667 0.0623 0.0623 0.0623 0.0623 0.0623 0.0623 0.0623 0.0623 0.0623 0.0622 0.0625 0.0623 0.0668 0.0640 0.0687 0.0689 0.0647 0.0643 0.0624 0.0649 0.0655 0.0625 0.0627 0.0646 0.0626 0.0623 0.0633 0.0628 0.0623 0.0623 0.0628 0.0623 0.0623 0.0622 0.0623 0.0623 0.0624 0.0624 0.0624 0.0624 0.0625 0.0626 0.0626 0.0641 0.0632 0.0633 0.0631 0.0630 0.0628 0.0627 0.0629 0.0628 0.0632 0.0627 0.0626 0.0628
0.0624 0.0623 0.0624 0.0625 0.0624 0.0623 0.0623 0.0632 0.0654 0.0766 0.0901 0.0906 0.1029 0.1542 0.1658 0.1399 0.4135 1.0000 0.4369 0.1657 0.1029 0.0976 0.0703 0.0680 0.0629 0.0627 0.0624 0.0624 0.0623 0.0624 0.0623 0.0624 0.0624 0.0624 0.0627 0.0630 0.0698 0.0678 0.0784 0.0781 0.0715 0.0667 0.0644 0.0723 0.0694 0.0634 0.0652 0.0681 0.0634 0.0630 0.0653 0.0639 0.0626 0.0627 0.0633 0.0626 0.0624 0.0624 0.0624 0.0624 0.0626 0.0624 0.0626 0.0627 0.0628 0.0632 0.0632 0.0654 0.0643 0.0642 0.0637 0.0635 0.0631 0.0630 0.0634 0.0635 0.0644 0.0636 0.0631 0.0630
0.0624 0.0623 0.0624 0.0625 0.0624 0.0624 0.0626 0.0626 0.0632 0.0652 0.0769 0.0875 0.0873 0.1015 0.1475 0.1527 0.1376 0.4369 1.0000 0.4255 0.1393 0.1138 0.0807 0.0705 0.0635 0.0627 0.0624 0.0624 0.0624 0.0624 0.0624 0.0623 0.0624 0.0624 0.0627 0.0633 0.0727 0.0740 0.0936 0.0920 0.0806 0.0715 0.0669 0.0784 0.0743 0.0645 0.0662 0.0696 0.0637 0.0628 0.0643 0.0635 0.0624 0.0624 0.0626 0.0624 0.0623 0.0623 0.0623 0.0623 0.0624 0.0624 0.0626 0.0627 0.0631 0.0635 0.0637 0.0666 0.0655 0.0658 0.0649 0.0643 0.0637 0.0638 0.0645 0.0649 0.0657 0.0642 0.0633 0.0633
0.0624 0.0623 0.0623 0.0626 0.0625 0.0624 0.0628 0.0658 0.0661 0.0683 0.0860 0.1027 0.0916 0.1046 0.1847 0.1602 0.1190 0.1657 0.4255 1.0000 0.4051 0.1517 0.1043 0.0860 0.0662 0.0637 0.0625 0.0624 0.0623 0.0624 0.0623 0.0623 0.0624 0.0623 0.0635 0.0658 0.0854 0.0881 0.1189 0.1137 0.0904 0.0764 0.0705 0.0912 0.0872 0.0678 0.0696 0.0778 0.0662 0.0631 0.0646 0.0642 0.0626 0.0624 0.0627 0.0626 0.0624 0.0624 0.0625 0.0625 0.0627 0.0627 0.0629 0.0635 0.0642 0.0661 0.0670 0.0733 0.0711 0.0700 0.0678 0.0671 0.0662 0.0658 0.0670 0.0662 0.0683 0.0655 0.0643 0.0639
0.0624 0.0623 0.0623 0.0624 0.0625 0.0623 0.0624 0.0642 0.0637 0.0630 0.0729 0.0888 0.0734 0.0766 0.1194 0.1194 0.0843 0.1029 0.1393 0.4051 1.0000 0.3981 0.1308 0.0952 0.0720 0.0637 0.0624 0.0623 0.0623 0.0623 0.0624 0.0623 0.0622 0.0627 0.0641 0.0697 0.0907 0.1082 0.1323 0.1243 0.0942 0.0780 0.0704 0.0898 0.0870 0.0670 0.0681 0.0764 0.0655 0.0627 0.0635 0.0634 0.0623 0.0622 0.0624 0.0623 0.0624 0.0623 0.0624 0.0623 0.0624 0.0626 0.0628 0.0636 0.0648 0.0663 0.0679 0.0739 0.0742 0.0719 0.0693 0.0690 0.0680 0.0679 0.0684 0.0673 0.0670 0.0646 0.0634 0.0633
0.0625 0.0623 0.0623 0.0631 0.0638 0.0628 0.0659 0.0820 0.0769 0.0733 0.1037 0.1398 0.0913 0.0939 0.1739 0.1351 0.0853 0.0976 0.1138 0.1517 0.3981 1.0000 0.3961 0.1482 0.0950 0.0790 0.0638 0.0627 0.0623 0.0623 0.0623 0.0623 0.0626 0.0646 0.0787 0.0877 0.1403 0.1309 0.1459 0.1503 0.0956 0.0826 0.0732 0.1048 0.1200 0.0769 0.0764 0.1047 0.0820 0.0659 0.0681 0.0723 0.0635 0.0624 0.0628 0.0628 0.0624 0.0623 0.0625 0.0624 0.0627 0.0627 0.0632 0.0668 0.0675 0.0789 0.0769 0.0934 0.0845 0.0765 0.0722 0.0734 0.0729 0.0715 0.0782 0.0686 0.0712 0.0653 0.0637 0.0634
0.0626 0.0624 0.0623 0.0634 0.0642 0.0625 0.0638 0.0769 0.0683 0.0641 0.0812 0.0992 0.0690 0.0692 0.1026 0.0877 0.0661 0.0703 0.0807 0.1043 0.1308 0.3961 1.0000 0.3959 0.1353 0.0931 0.0724 0.0631 0.0624 0.0624 0.0623 0.0633 0.0639 0.0718 0.0860 0.1109 0.1350 0.1700 0.1319 0.1315 0.0825 0.0733 0.0660 0.0842 0.0962 0.0680 0.0668 0.0872 0.0740 0.0632 0.0644 0.0696 0.0628 0.0623 0.0628 0.0626 0.0624 0.0623 0.0624 0.0626 0.0626 0.0628 0.0631 0.0658 0.0687 0.0806 0.0855 0.0987 0.1013 0.0830 0.0786 0.0810 0.0777 0.0762 0.0772 0.0672 0.0675 0.0637 0.0631 0.0631
0.0632 0.0628 0.0634 0.0723 0.0751 0.0677 0.0772 0.1157 0.0883 0.0767 0.1115 0.1361 0.0809 0.0781 0.1111 0.0882 0.0667 0.0680 0.0705 0.0860 0.0952 0.1482 0.3959 1.0000 0.3946 0.1476 0.0941 0.0749 0.0636 0.0630 0.0627 0.0658 0.0731 0.0882 0.1341 0.1343 0.1798 0.1351 0.1110 0.1159 0.0747 0.0715 0.0668 0.0881 0.1142 0.0776 0.0764 0.1183 0.1028 0.0715 0.0766 0.0965 0.0711 0.0640 0.0669 0.0676 0.0625 0.0623 0.0626 0.0626 0.0631 0.0631 0.0641 0.0763 0.0794 0.1143 0.1041 0.1256 0.1023 0.0815 0.0757 0.0808 0.0818 0.0824 0.0944 0.0724 0.0763 0.0654 0.0634 0.0631
0.0636 0.0628 0.0631 0.0706 0.0698 0.0633 0.0684 0.0900 0.0690 0.0638 0.0799 0.0840 0.0637 0.0635 0.0732 0.0657 0.0623 0.0629 0.0635 0.0662 0.0720 0.0950 0.1353 0.3946 1.0000 0.3902 0.1450 0.0924 0.0746 0.0672 0.0670 0.0783 0.0870 0.1206 0.1323 0.1731 0.1280 0.1384 0.0890 0.0879 0.0659 0.0642 0.0625 0.0686 0.0785 0.0644 0.0636 0.0808 0.0771 0.0632 0.0658 0.0802 0.0651 0.0624 0.0650 0.0659 0.0623 0.0624 0.0627 0.0626 0.0632 0.0632 0.0645 0.0733 0.0808 0.1008 0.1196 0.1138 0.1239 0.0891 0.0820 0.0874 0.0825 0.0861 0.0860 0.0720 0.0718 0.0653 0.0636 0.0633
0.0695 0.0690 0.0719 0.1015 0.0945 0.0753 0.0933 0.1389 0.0869 0.0758 0.1010 0.0950 0.0676 0.0663 0.0740 0.0648 0.0623 0.0627 0.0627 0.0637 0.0637 0.0790 0.0931 0.1476 0.3902 1.0000 0.3905 0.1440 0.0953 0.0796 0.0727 0.0875 0.1129 0.1298 0.1763 0.1292 0.1178 0.0903 0.0698 0.0731 0.0628 0.0630 0.0624 0.0661 0.0767 0.0661 0.0667 0.0909 0.0943 0.0711 0.0787 0.1153 0.0824 0.0690 0.0795 0.0855 0.0657 0.0640 0.0661 0.0641 0.0670 0.0668 0.0704 0.0930 0.0923 0.1284 0.1104 0.1129 0.0970 0.0772 0.0725 0.0763 0.0778 0.0834 0.0970 0.0790 0.0838 0.0688 0.0649 0.0636
0.0680 0.0659 0.0668 0.0854 0.0751 0.0644 0.0737 0.0882 0.0663 0.0636 0.0719 0.0679 0.0624 0.0625 0.0633 0.0623 0.0623 0.0624 0.0624 0.0625 0.0624 0.0638 0.0724 0.0941 0.1450 0.3905 1.0000 0.3917 0.1431 0.1119 0.0975 0.1254 0.1350 0.1667 0.1301 0.1324 0.0872 0.0819 0.0654 0.0655 0.0623 0.0624 0.0623 0.0630 0.0648 0.0627 0.0626 0.0685 0.0700 0.0627 0.0651 0.0812 0.0677 0.0631 0.0701 0.0749 0.0634 0.0632 0.0659 0.0643 0.0675 0.0681 0.0729 0.0858 0.0977 0.0993 0.1142 0.0953 0.1055 0.0822 0.0770 0.0800 0.0784 0.0874 0.0859 0.0803 0.0780 0.0696 0.0655 0.0645
0.0811 0.0792 0.0830 0.1212 0.0935 0.0742 0.0881 0.1001 0.0716 0.0667 0.0733 0.0676 0.0627 0.0626 0.0628 0.0623 0.0623 0.0624 0.0624 0.0624 0.0623 0.0627 0.0631 0.0749 0.0924 0.1440 0.3917 1.0000 0.4028 0.1465 0.1160 0.1233 0.1473 0.1223 0.1173 0.0879 0.0708 0.0661 0.0625 0.0627 0.0624 0.0625 0.0624 0.0625 0.0632 0.0627 0.0629 0.0680 0.0704 0.0650 0.0699 0.0919 0.0773 0.0697 0.0852 0.0985 0.0721 0.0694 0.0758 0.0720 0.0782 0.0778 0.0814 0.1005 0.0918 0.0931 0.0887 0.0804 0.0795 0.0715 0.0686 0.0691 0.0702 0.0751 0.0810 0.0777 0.0803 0.0707 0.0666 0.0651
0.0729 0.0696 0.0714 0.0879 0.0723 0.0649 0.0709 0.0727 0.0637 0.0628 0.0644 0.0629 0.0624 0.0624 0.0624 0.0623 0.0623 0.0623 0.0624 0.0623 0.0623 0.0623 0.0624 0.0636 0.0746 0.0953 0.1431 0.4028 1.0000 0.4320 0.1427 0.1378 0.1262 0.1185 0.0879 0.0802 0.0659 0.0645 0.0623 0.0624 0.0624 0.0625 0.0624 0.0624 0.0626 0.0624 0.0624 0.0632 0.0636 0.0626 0.0644 0.0710 0.0664 0.0642 0.0732 0.0782 0.0668 0.0663 0.0725 0.0712 0.0766 0.0789 0.0844 0.0860 0.0904 0.0789 0.0838 0.0728 0.0775 0.0717 0.0698 0.0700 0.0707 0.0757 0.0754 0.0785 0.0750 0.0712 0.0670 0.0663
0.0727 0.0694 0.0716 0.0835 0.0702 0.0649 0.0690 0.0684 0.0633 0.0628 0.0635 0.0627 0.0624 0.0624 0.0624 0.0624 0.0623 0.0624 0.0624 0.0624 0.0623 0.0623 0.0624 0.0630 0.0672 0.0796 0.1119 0.1465 0.4320 1.0000 0.4269 0.1512 0.1237 0.0987 0.0775 0.0698 0.0633 0.0629 0.0624 0.0624 0.0625 0.0625 0.0625 0.0625 0.0625 0.0625 0.0623 0.0627 0.0628 0.0626 0.0636 0.0670 0.0645 0.0639 0.0704 0.0736 0.0662 0.0667 0.0725 0.0714 0.0746 0.0762 0.0764 0.0773 0.0775 0.0705 0.0737 0.0677 0.0708 0.0681 0.0674 0.0670 0.0674 0.0694 0.0696 0.0713 0.0696 0.0676 0.0653 0.0653
0.0702 0.0677 0.0695 0.0774 0.0675 0.0639 0.0669 0.0661 0.0631 0.0627 0.0631 0.0626 0.0624 0.0624 0.0623 0.0623 0.0623 0.0623 0.0624 0.0623 0.0624 0.0623 0.0623 0.0627 0.0670 0.0727 0.0975 0.1160 0.1427 0.4269 1.0000 0.4029 0.1302 0.0988 0.0743 0.0665 0.0624 0.0626 0.0623 0.0624 0.0624 0.0624 0.0623 0.0623 0.0624 0.0624 0.0623 0.0624 0.0625 0.0623 0.0630 0.0646 0.0633 0.0631 0.0674 0.0688 0.0644 0.0650 0.0692 0.0674 0.0694 0.0702 0.0706 0.0712 0.0723 0.0671 0.0701 0.0658 0.0680 0.0661 0.0654 0.0653 0.0656 0.0666 0.0666 0.0677 0.0664 0.0658 0.0643 0.0645
0.0718 0.0696 0.0725 0.0848 0.0715 0.0654 0.0713 0.0720 0.0647 0.0633 0.0648 0.0633 0.0624 0.0624 0.0625 0.0624 0.0623 0.0624 0.0623 0.0623 0.0623 0.0623 0.0633 0.0658 0.0783 0.0875 0.1254 0.1233 0.1378 0.1512 0.4029 1.0000 0.3974 0.1482 0.0975 0.0800 0.0644 0.0630 0.0623 0.0624 0.0623 0.0625 0.0624 0.0623 0.0625 0.0624 0.0623 0.0630 0.0632 0.0624 0.0635 0.0672 0.0641 0.0633 0.0686 0.0699 0.0640 0.0646 0.0681 0.0656 0.0676 0.0678 0.0699 0.0743 0.0784 0.0739 0.0792 0.0706 0.0738 0.0692 0.0675 0.0676 0.0681 0.0697 0.0699 0.0699 0.0684 0.0670 0.0646 0.0650
0.0768 0.0755 0.0826 0.1075 0.0846 0.0725 0.0861 0.0904 0.0702 0.0664 0.0714 0.0663 0.0627 0.0627 0.0630 0.0624 0.0623 0.0624 0.0624 0.0624 0.0622 0.0626 0.0639 0.0731 0.0870 0.1129 0.1350 0.1473 0.1262 0.1237 0.1302 0.3974 1.0000 0.3968 0.1319 0.0947 0.0714 0.0640 0.0623 0.0626 0.0623 0.0626 0.0623 0.0624 0.0633 0.0627 0.0625 0.0657 0.0672 0.0634 0.0668 0.0790 0.0696 0.0661 0.0769 0.0794 0.0666 0.0666 0.0704 0.0667 0.0699 0.0685 0.0713 0.0818 0.0828 0.0827 0.0839 0.0750 0.0763 0.0697 0.0676 0.0680 0.0688 0.0708 0.0739 0.0709 0.0718 0.0680 0.0649 0.0649
0.0695 0.0677 0.0719 0.0890 0.0750 0.0667 0.0785 0.0872 0.0681 0.0649 0.0731 0.0689 0.0627 0.0628 0.0642 0.0626 0.0622 0.0624 0.0624 0.0623 0.0627 0.0646 0.0718 0.0882 0.1206 0.1298 0.1667 0.1223 0.1185 0.0987 0.0988 0.1482 0.3968 1.0000 0.3924 0.1479 0.0928 0.0765 0.0631 0.0641 0.0623 0.0625 0.0624 0.0626 0.0653 0.0629 0.0626 0.0684 0.0689 0.0627 0.0657 0.0772 0.0655 0.0631 0.0692 0.0698 0.0628 0.0630 0.0647 0.0632 0.0649 0.0648 0.0668 0.0746 0.0793 0.0840 0.0923 0.0835 0.0900 0.0767 0.0731 0.0738 0.0727 0.0742 0.0759 0.0706 0.0706 0.0683 0.0653 0.0654
0.0710 0.0706 0.0769 0.1085 0.0906 0.0771 0.1013 0.1358 0.0870 0.0779 0.1034 0.0941 0.0687 0.0677 0.0769 0.0661 0.0625 0.0627 0.0627 0.0635 0.0641 0.0787 0.0860 0.1341 0.1323 0.1763 0.1301 0.1173 0.0879 0.0775 0.0743 0.0975 0.1319 0.3924 1.0000 0.3916 0.1402 0.0959 0.0729 0.0758 0.0634 0.0636 0.0628 0.0682 0.0806 0.0673 0.0677 0.0927 0.0900 0.0696 0.0776 0.1053 0.0758 0.0669 0.0761 0.0775 0.0643 0.0636 0.0648 0.0633 0.0652 0.0643 0.0659 0.0785 0.0781 0.0979 0.0916 0.0931 0.0871 0.0745 0.0711 0.0727 0.0746 0.0759 0.0857 0.0725 0.0780 0.0685 0.0649 0.0642
0.0646 0.0639 0.0651 0.0744 0.0686 0.0640 0.0717 0.0865 0.0685 0.0647 0.0791 0.0804 0.0640 0.0643 0.0743 0.0657 0.0623 0.0630 0.0633 0.0658 0.0697 0.0877 0.1109 0.1343 0.1731 0.1292 0.1324 0.0879 0.0802 0.0698 0.0665 0.0800 0.0947 0.1479 0.3916 1.0000 0.3913 0.1504 0.0930 0.0887 0.0647 0.0636 0.0626 0.0697 0.0789 0.0640 0.0638 0.0812 0.0732 0.0628 0.0654 0.0754 0.0633 0.0624 0.0645 0.0642 0.0624 0.0624 0.0627 0.0624 0.0629 0.0628 0.0635 0.0666 0.0697 0.0793 0.0856 0.0883 0.0958 0.0815 0.0787 0.0779 0.0740 0.0723 0.0741 0.0673 0.0692 0.0670 0.0649 0.0650
0.0639 0.0635 0.0644 0.0730 0.0694 0.0652 0.0745 0.0981 0.0775 0.0727 0.1028 0.1163 0.0765 0.0773 0.1118 0.0860 0.0668 0.0698 0.0727 0.0854 0.0907 0.1403 0.1350 0.1798 0.1280 0.1178 0.0872 0.0708 0.0659 0.0633 0.0624 0.0644 0.0714 0.0928 0.1402 0.3913 1.0000 0.3927 0.1427 0.1529 0.0866 0.0778 0.0707 0.1000 0.1267 0.0791 0.0786 0.1195 0.0965 0.0702 0.0750 0.0881 0.0670 0.0632 0.0649 0.0648 0.0624 0.0624 0.0626 0.0624 0.0626 0.0626 0.0627 0.0665 0.0668 0.0837 0.0827 0.0974 0.0901 0.0793 0.0761 0.0764 0.0761 0.0731 0.0789 0.0675 0.0707 0.0653 0.0641 0.0641
0.0628 0.0628 0.0627 0.0644 0.0632 0.0624 0.0640 0.0702 0.0644 0.0631 0.0719 0.0804 0.0650 0.0658 0.0852 0.0745 0.0640 0.0678 0.0740 0.0881 0.1082 0.1309 0.1700 0.1351 0.1384 0.0903 0.0819 0.0661 0.0645 0.0629 0.0626 0.0630 0.0640 0.0765 0.0959 0.1504 0.3927 1.0000 0.4157 0.1352 0.0890 0.0724 0.0654 0.0874 0.0914 0.0649 0.0646 0.0815 0.0685 0.0623 0.0631 0.0660 0.0624 0.0623 0.0626 0.0624 0.0624 0.0624 0.0625 0.0624 0.0625 0.0624 0.0627 0.0633 0.0646 0.0701 0.0750 0.0859 0.0894 0.0831 0.0809 0.0777 0.0721 0.0690 0.0689 0.0648 0.0653 0.0640 0.0636 0.0639
0.0627 0.0626 0.0625 0.0632 0.0627 0.0623 0.0628 0.0658 0.0638 0.0628 0.0689 0.0800 0.0671 0.0692 0.0959 0.0853 0.0687 0.0784 0.0936 0.1189 0.1323 0.1459 0.1319 0.1110 0.0890 0.0698 0.0654 0.0625 0.0623 0.0624 0.0623 0.0623 0.0623 0.0631 0.0729 0.0930 0.1427 0.4157 1.0000 0.4013 0.1319 0.0919 0.0817 0.1148 0.1047 0.0700 0.0705 0.0852 0.0676 0.0624 0.0632 0.0637 0.0622 0.0622 0.0625 0.0623 0.0624 0.0623 0.0624 0.0624 0.0624 0.0623 0.0624 0.0623 0.0627 0.0648 0.0667 0.0767 0.0767 0.0750 0.0735 0.0710 0.0676 0.0655 0.0656 0.0636 0.0641 0.0633 0.0632 0.0634
0.0631 0.0628 0.0627 0.0649 0.0640 0.0626 0.0641 0.0703 0.0658 0.0645 0.0769 0.0916 0.0703 0.0741 0.1089 0.0874 0.0689 0.0781 0.0920 0.1137 0.1243 0.1503 0.1315 0.1159 0.0879 0.0731 0.0655 0.0627 0.0624 0.0624 0.0624 0.0624 0.0626 0.0641 0.0758 0.0887 0.1529 0.1352 0.4013 1.0000 0.3990 0.1251 0.1137 0.2329 0.2023 0.1033 0.1058 0.1394 0.0970 0.0751 0.0767 0.0764 0.0643 0.0624 0.0626 0.0626 0.0624 0.0623 0.0624 0.0624 0.0625 0.0624 0.0623 0.0631 0.0632 0.0705 0.0697 0.0885 0.0786 0.0746 0.0718 0.0707 0.0685 0.0662 0.0680 0.0639 0.0651 0.0631 0.0630 0.0630
0.0628 0.0627 0.0624 0.0630 0.0630 0.0624 0.0626 0.0635 0.0630 0.0624 0.0646 0.0689 0.0636 0.0648 0.0777 0.0716 0.0647 0.0715 0.0806 0.0904 0.0942 0.0956 0.0825 0.0747 0.0659 0.0628 0.0623 0.0624 0.0624 0.0625 0.0624 0.0623 0.0623 0.0623 0.0634 0.0647 0.0866 0.0890 0.1319 0.3990 1.0000 0.4066 0.2052 0.2330 0.1502 0.1138 0.1083 0.0976 0.0800 0.0702 0.0661 0.0633 0.0623 0.0623 0.0624 0.0624 0.0625 0.0624 0.0625 0.0624 0.0624 0.0623 0.0623 0.0623 0.0624 0.0631 0.0630 0.0712 0.0671 0.0678 0.0668 0.0659 0.0648 0.0631 0.0633 0.0627 0.0630 0.0628 0.0628 0.0630
0.0638 0.0637 0.0632 0.0640 0.0644 0.0629 0.0630 0.0647 0.0640 0.0627 0.0649 0.0700 0.0650 0.0642 0.0725 0.0699 0.0643 0.0667 0.0715 0.0764 0.0780 0.0826 0.0733 0.0715 0.0642 0.0630 0.0624 0.0625 0.0625 0.0625 0.0624 0.0625 0.0626 0.0625 0.0636 0.0636 0.0778 0.0724 0.0919 0.1251 0.4066 1.0000 0.4065 0.1412 0.1814 0.1605 0.1038 0.0932 0.0931 0.0781 0.0661 0.0639 0.0625 0.0624 0.0624 0.0624 0.0624 0.0624 0.0625 0.0624 0.0624 0.0623 0.0624 0.0626 0.0626 0.0656 0.0657 0.0803 0.0728 0.0737 0.0717 0.0710 0.0695 0.0657 0.0660 0.0635 0.0638 0.0633 0.0634 0.0633
0.0630 0.0629 0.0626 0.0630 0.0631 0.0624 0.0625 0.0632 0.0627 0.0625 0.0633 0.0650 0.0624 0.0624 0.0670 0.0648 0.0624 0.0644 0.0669 0.0705 0.0704 0.0732 0.0660 0.0668 0.0625 0.0624 0.0623 0.0624 0.0624 0.0625 0.0623 0.0624 0.0623 0.0624 0.0628 0.0626 0.0707 0.0654 0.0817 0.1137 0.2052 0.4065 1.0000 0.4022 0.1392 0.1745 0.1538 0.1014 0.0906 0.0905 0.0764 0.0654 0.0633 0.0622 0.0624 0.0623 0.0623 0.0624 0.0625 0.0624 0.0624 0.0623 0.0624 0.0624 0.0623 0.0636 0.0627 0.0704 0.0646 0.0655 0.0646 0.0645 0.0646 0.0630 0.0636 0.0626 0.0630 0.0627 0.0630 0.0631
0.0629 0.0627 0.0626 0.0634 0.0635 0.0623 0.0633 0.0661 0.0635 0.0631 0.0697 0.0733 0.0641 0.0671 0.0833 0.0721 0.0649 0.0723 0.0784 0.0912 0.0898 0.1048 0.0842 0.0881 0.0686 0.0661 0.0630 0.0625 0.0624 0.0625 0.0623 0.0623 0.0624 0.0626 0.0682 0.0697 0.1000 0.0874 0.1148 0.2329 0.2330 0.1412 0.4022 1.0000 0.4025 0.1407 0.1805 0.1605 0.1038 0.0923 0.0933 0.0789 0.0667 0.0634 0.0624 0.0624 0.0624 0.0624 0.0625 0.0624 0.0624 0.0624 0.0624 0.0627 0.0623 0.0680 0.0641 0.0770 0.0665 0.0661 0.0650 0.0653 0.0658 0.0637 0.0661 0.0630 0.0640 0.0629 0.0630 0.0631
0.0637 0.0636 0.0633 0.0664 0.0666 0.0635 0.0655 0.0746 0.0686 0.0655 0.0776 0.0882 0.0687 0.0694 0.0908 0.0767 0.0655 0.0694 0.0743 0.0872 0.0870 0.1200 0.0962 0.1142 0.0785 0.0767 0.0648 0.0632 0.0626 0.0625 0.0624 0.0625 0.0633 0.0653 0.0806 0.0789 0.1267 0.0914 0.1047 0.2023 0.1502 0.1814 0.1392 0.4025 1.0000 0.4064 0.1412 0.1833 0.1630 0.1033 0.0923 0.0950 0.0798 0.0660 0.0636 0.0627 0.0624 0.0624 0.0625 0.0624 0.0626 0.0624 0.0625 0.0663 0.0657 0.0909 0.0795 0.1142 0.0833 0.0770 0.0737 0.0756 0.0776 0.0729 0.0818 0.0674 0.0705 0.0645 0.0641 0.0637
0.0633 0.0633 0.0628 0.0641 0.0646 0.0630 0.0632 0.0668 0.0649 0.0629 0.0662 0.0699 0.0637 0.0630 0.0692 0.0653 0.0625 0.0634 0.0645 0.0678 0.0670 0.0769 0.0680 0.0776 0.0644 0.0661 0.0627 0.0627 0.0624 0.0625 0.0624 0.0624 0.0627 0.0629 0.0673 0.0640 0.0791 0.0649 0.0700 0.1033 0.1138 0.1605 0.1745 0.1407 0.4064 1.0000 0.4082 0.1405 0.1778 0.1592 0.1025 0.0923 0.0935 0.0779 0.0659 0.0636 0.0625 0.0625 0.0623 0.0624 0.0624 0.0624 0.0628 0.0671 0.0662 0.0870 0.0741 0.0939 0.0727 0.0693 0.0677 0.0695 0.0732 0.0694 0.0764 0.0663 0.0682 0.0647 0.0642 0.0640
0.0628 0.0627 0.0626 0.0635 0.0633 0.0625 0.0637 0.0658 0.0631 0.0627 0.0667 0.0668 0.0624 0.0639 0.0697 0.0641 0.0627 0.0652 0.0662 0.0696 0.0681 0.0764 0.0668 0.0764 0.0636 0.0667 0.0626 0.0629 0.0624 0.0623 0.0623 0.0623 0.0625 0.0626 0.0677 0.0638 0.0786 0.0646 0.0705 0.1058 0.1083 0.1038 0.1538 0.1805 0.1412 0.4082 1.0000 0.4049 0.1401 0.1788 0.1571 0.1024 0.0919 0.0914 0.0771 0.0659 0.0632 0.0622 0.0624 0.0623 0.0624 0.0623 0.0623 0.0650 0.0628 0.0758 0.0642 0.0743 0.0640 0.0636 0.0633 0.0637 0.0655 0.0637 0.0693 0.0633 0.0657 0.0632 0.0631 0.0631
0.0637 0.0634 0.0634 0.0680 0.0670 0.0641 0.0694 0.0799 0.0684 0.0668 0.0830 0.0830 0.0672 0.0705 0.0881 0.0715 0.0646 0.0681 0.0696 0.0778 0.0764 0.1047 0.0872 0.1183 0.0808 0.0909 0.0685 0.0680 0.0632 0.0627 0.0624 0.0630 0.0657 0.0684 0.0927 0.0812 0.1195 0.0815 0.0852 0.1394 0.0976 0.0932 0.1014 0.1605 0.1833 0.1405 0.4049 1.0000 0.4067 0.1407 0.1791 0.1622 0.1038 0.0916 0.0916 0.0791 0.0661 0.0631 0.0624 0.0624 0.0630 0.0625 0.0630 0.0754 0.0677 0.0993 0.0748 0.0916 0.0696 0.0658 0.0644 0.0663 0.0695 0.0686 0.0842 0.0673 0.0749 0.0646 0.0636 0.0633
0.0641 0.0639 0.0635 0.0683 0.0683 0.0643 0.0674 0.0784 0.0686 0.0650 0.0743 0.0772 0.0650 0.0646 0.0741 0.0664 0.0626 0.0634 0.0637 0.0662 0.0655 0.0820 0.0740 0.1028 0.0771 0.0943 0.0700 0.0704 0.0636 0.0628 0.0625 0.0632 0.0672 0.0689 0.0900 0.0732 0.0965 0.0685 0.0676 0.0970 0.0800 0.0931 0.0906 0.1038 0.1630 0.1778 0.1401 0.4067 1.0000 0.4036 0.1411 0.1822 0.1625 0.1029 0.0919 0.0946 0.0786 0.0659 0.0633 0.0627 0.0671 0.0659 0.0711 0.1031 0.0908 0.1556 0.0972 0.1145 0.0770 0.0691 0.0672 0.0714 0.0792 0.0802 0.1088 0.0804 0.0942 0.0712 0.0670 0.0651
0.0632 0.0628 0.0626 0.0641 0.0642 0.0626 0.0636 0.0669 0.0636 0.0625 0.0658 0.0652 0.0625 0.0627 0.0649 0.0626 0.0623 0.0630 0.0628 0.0631 0.0627 0.0659 0.0632 0.0715 0.0632 0.0711 0.0627 0.0650 0.0626 0.0626 0.0623 0.0624 0.0634 0.0627 0.0696 0.0628 0.0702 0.0623 0.0624 0.0751 0.0702 0.0781 0.0905 0.0923 0.1033 0.1592 0.1788 0.1407 0.4036 1.0000 0.4065 0.1391 0.1780 0.1568 0.1024 0.0917 0.0917 0.0772 0.0654 0.0631 0.0664 0.0653 0.0670 0.0876 0.0727 0.0968 0.0700 0.0756 0.0640 0.0632 0.0631 0.0639 0.0670 0.0660 0.0787 0.0676 0.0764 0.0667 0.0650 0.0644
0.0644 0.0640 0.0643 0.0677 0.0653 0.0632 0.0671 0.0698 0.0638 0.0641 0.0707 0.0667 0.0632 0.0656 0.0686 0.0637 0.0633 0.0653 0.0643 0.0646 0.0635 0.0681 0.0644 0.0766 0.0658 0.0787 0.0651 0.0699 0.0644 0.0636 0.0630 0.0635 0.0668 0.0657 0.0776 0.0654 0.0750 0.0631 0.0632 0.0767 0.0661 0.0661 0.0764 0.0933 0.0923 0.1025 0.1571 0.1791 0.1411 0.4065 1.0000 0.4050 0.1404 0.1777 0.1572 0.1029 0.0909 0.0899 0.0759 0.0653 0.0693 0.0647 0.0643 0.0829 0.0664 0.0871 0.0650 0.0692 0.0628 0.0627 0.0626 0.0630 0.0645 0.0641 0.0753 0.0656 0.0759 0.0652 0.0640 0.0635
0.0659 0.0654 0.0653 0.0737 0.0708 0.0650 0.0719 0.0817 0.0681 0.0667 0.0788 0.0741 0.0642 0.0655 0.0712 0.0642 0.0628 0.0639 0.0635 0.0642 0.0634 0.0723 0.0696 0.0965 0.0802 0.1153 0.0812 0.0919 0.0710 0.0670 0.0646 0.0672 0.0790 0.0772 0.1053 0.0754 0.0881 0.0660 0.0637 0.0764 0.0633 0.0639 0.0654 0.0789 0.0950 0.0923 0.1024 0.1622 0.1822 0.1391 0.4050 1.0000 0.4054 0.1397 0.1772 0.1647 0.1029 0.0910 0.0883 0.0767 0.0882 0.0779 0.0809 0.1330 0.0927 0.1400 0.0844 0.0848 0.0662 0.0639 0.0633 0.0654 0.0705 0.0741 0.1046 0.0835 0.1106 0.0774 0.0699 0.0659
0.0648 0.0641 0.0634 0.0672 0.0662 0.0632 0.0650 0.0687 0.0637 0.0628 0.0664 0.0651 0.0624 0.0628 0.0639 0.0623 0.0623 0.0626 0.0624 0.0626 0.0623 0.0635 0.0628 0.0711 0.0651 0.0824 0.0677 0.0773 0.0664 0.0645 0.0633 0.0641 0.0696 0.0655 0.0758 0.0633 0.0670 0.0624 0.0622 0.0643 0.0623 0.0625 0.0633 0.0667 0.0798 0.0935 0.0919 0.1038 0.1625 0.1780 0.1404 0.4054 1.0000 0.4054 0.1398 0.1771 0.1583 0.1035 0.0899 0.0864 0.1023 0.0958 0.0972 0.1599 0.1009 0.1242 0.0770 0.0736 0.0634 0.0627 0.0627 0.0636 0.0670 0.0697 0.0922 0.0825 0.1114 0.0838 0.0764 0.0701
0.0640 0.0633 0.0628 0.0649 0.0636 0.0624 0.0636 0.0645 0.0625 0.0626 0.0645 0.0627 0.0623 0.0628 0.0632 0.0622 0.0623 0.0627 0.0624 0.0624 0.0622 0.0624 0.0623 0.0640 0.0624 0.0690 0.0631 0.0697 0.0642 0.0639 0.0631 0.0633 0.0661 0.0631 0.0669 0.0624 0.0632 0.0623 0.0622 0.0624 0.0623 0.0624 0.0622 0.0634 0.0660 0.0779 0.0914 0.0916 0.1029 0.1568 0.1777 0.1397 0.4054 1.0000 0.4077 0.1382 0.1709 0.1541 0.1019 0.0877 0.0923 0.0796 0.0725 0.0953 0.0685 0.0789 0.0628 0.0633 0.0623 0.0624 0.0624 0.0626 0.0627 0.0628 0.0697 0.0661 0.0805 0.0692 0.0676 0.0656
0.0659 0.0650 0.0647 0.0693 0.0659 0.0636 0.0678 0.0681 0.0635 0.0642 0.0678 0.0641 0.0631 0.0643 0.0646 0.0627 0.0628 0.0633 0.0626 0.0627 0.0624 0.0628 0.0628 0.0669 0.0650 0.0795 0.0701 0.0852 0.0732 0.0704 0.0674 0.0686 0.0769 0.0692 0.0761 0.0645 0.0649 0.0626 0.0625 0.0626 0.0624 0.0624 0.0624 0.0624 0.0636 0.0659 0.0771 0.0916 0.0919 0.1024 0.1572 0.1772 0.1398 0.4077 1.0000 0.4064 0.1389 0.1674 0.1502 0.1039 0.1087 0.0854 0.0773 0.1048 0.0713 0.0833 0.0641 0.0637 0.0626 0.0624 0.0624 0.0627 0.0632 0.0637 0.0734 0.0699 0.0906 0.0743 0.0712 0.0675
0.0656 0.0648 0.0643 0.0694 0.0664 0.0636 0.0666 0.0686 0.0634 0.0633 0.0662 0.0639 0.0626 0.0630 0.0636 0.0624 0.0623 0.0626 0.0624 0.0626 0.0623 0.0628 0.0626 0.0676 0.0659 0.0855 0.0749 0.0985 0.0782 0.0736 0.0688 0.0699 0.0794 0.0698 0.0775 0.0642 0.0648 0.0624 0.0623 0.0626 0.0624 0.0624 0.0623 0.0624 0.0627 0.0636 0.0659 0.0791 0.0946 0.0917 0.1029 0.1647 0.1771 0.1382 0.4064 1.0000 0.4051 0.1379 0.1581 0.1479 0.1851 0.1366 0.1188 0.1891 0.0974 0.1023 0.0699 0.0655 0.0624 0.0623 0.0624 0.0632 0.0650 0.0683 0.0882 0.0856 0.1296 0.0961 0.0880 0.0770
0.0636 0.0632 0.0629 0.0642 0.0632 0.0625 0.0632 0.0632 0.0626 0.0624 0.0632 0.0624 0.0623 0.0625 0.0624 0.0623 0.0623 0.0624 0.0623 0.0624 0.0624 0.0624 0.0624 0.0625 0.0623 0.0657 0.0634 0.0721 0.0668 0.0662 0.0644 0.0640 0.0666 0.0628 0.0643 0.0624 0.0624 0.0624 0.0624 0.0624 0.0625 0.0624 0.0623 0.0624 0.0624 0.0625 0.0632 0.0661 0.0786 0.0917 0.0909 0.1029 0.1583 0.1709 0.1389 0.4051 1.0000 0.4089 0.1353 0.1479 0.1465 0.1297 0.1005 0.1185 0.0759 0.0751 0.0630 0.0622 0.0622 0.0623 0.0623 0.0624 0.0627 0.0636 0.0696 0.0705 0.0904 0.0809 0.0805 0.0751
0.0632 0.0630 0.0628 0.0635 0.0629 0.0624 0.0629 0.0627 0.0624 0.0626 0.0630 0.0624 0.0623 0.0626 0.0624 0.0623 0.0622 0.0624 0.0623 0.0624 0.0623 0.0623 0.0623 0.0623 0.0624 0.0640 0.0632 0.0694 0.0663 0.0667 0.0650 0.0646 0.0666 0.0630 0.0636 0.0624 0.0624 0.0624 0.0623 0.0623 0.0624 0.0624 0.0624 0.0624 0.0624 0.0625 0.0622 0.0631 0.0659 0.0772 0.0899 0.0910 0.1035 0.1541 0.1674 0.1379 0.4089 1.0000 0.4124 0.1430 0.1207 0.0935 0.0755 0.0849 0.0644 0.0650 0.0623 0.0622 0.0623 0.0623 0.0624 0.0624 0.0624 0.0625 0.0642 0.0647 0.0749 0.0708 0.0721 0.0698
0.0635 0.0632 0.0632 0.0641 0.0632 0.0626 0.0636 0.0631 0.0624 0.0627 0.0632 0.0626 0.0624 0.0626 0.0625 0.0624 0.0623 0.0624 0.0623 0.0625 0.0624 0.0625 0.0624 0.0626 0.0627 0.0661 0.0659 0.0758 0.0725 0.0725 0.0692 0.0681 0.0704 0.0647 0.0648 0.0627 0.0626 0.0625 0.0624 0.0624 0.0625 0.0625 0.0625 0.0625 0.0625 0.0623 0.0624 0.0624 0.0633 0.0654 0.0759 0.0883 0.0899 0.1019 0.1502 0.1581 0.1353 0.4124 1.0000 0.4369 0.1569 0.1098 0.0862 0.0922 0.0668 0.0660 0.0626 0.0623 0.0623 0.0623 0.0624 0.0625 0.0626 0.0630 0.0659 0.0681 0.0818 0.0780 0.0797 0.0762
0.0635 0.0632 0.0631 0.0636 0.0630 0.0625 0.0630 0.0628 0.0624 0.0626 0.0628 0.0625 0.0623 0.0624 0.0624 0.0624 0.0623 0.0624 0.0623 0.0625 0.0623 0.0624 0.0626 0.0626 0.0626 0.0641 0.0643 0.0720 0.0712 0.0714 0.0674 0.0656 0.0667 0.0632 0.0633 0.0624 0.0624 0.0624 0.0624 0.0624 0.0624 0.0624 0.0624 0.0624 0.0624 0.0624 0.0623 0.0624 0.0627 0.0631 0.0653 0.0767 0.0864 0.0877 0.1039 0.1479 0.1479 0.1430 0.4369 1.0000 0.4299 0.1496 0.1042 0.0985 0.0695 0.0658 0.0626 0.0622 0.0622 0.0623 0.0624 0.0624 0.0624 0.0632 0.0660 0.0702 0.0858 0.0852 0.0883 0.0835
0.0639 0.0634 0.0634 0.0650 0.0638 0.0628 0.0639 0.0638 0.0627 0.0627 0.0634 0.0627 0.0624 0.0626 0.0626 0.0624 0.0624 0.0626 0.0624 0.0627 0.0624 0.0627 0.0626 0.0631 0.0632 0.0670 0.0675 0.0782 0.0766 0.0746 0.0694 0.0676 0.0699 0.0649 0.0652 0.0629 0.0626 0.0625 0.0624 0.0625 0.0624 0.0624 0.0624 0.0624 0.0626 0.0624 0.0624 0.0630 0.0671 0.0664 0.0693 0.0882 0.1023 0.0923 0.1087 0.1851 0.1465 0.1207 0.1569 0.4299 1.0000 0.4062 0.1389 0.1309 0.0850 0.0746 0.0644 0.0626 0.0624 0.0623 0.0624 0.0625 0.0628 0.0655 0.0714 0.0812 0.1024 0.1006 0.0974 0.0888
0.0639 0.0635 0.0636 0.0651 0.0637 0.0627 0.0638 0.0635 0.0626 0.0625 0.0630 0.0624 0.0624 0.0625 0.0626 0.0625 0.0624 0.0624 0.0624 0.0627 0.0626 0.0627 0.0628 0.0631 0.0632 0.0668 0.0681 0.0778 0.0789 0.0762 0.0702 0.0678 0.0685 0.0648 0.0643 0.0628 0.0626 0.0624 0.0623 0.0624 0.0623 0.0623 0.0623 0.0624 0.0624 0.0624 0.0623 0.0625 0.0659 0.0653 0.0647 0.0779 0.0958 0.0796 0.0854 0.1366 0.1297 0.0935 0.1098 0.1496 0.4062 1.0000 0.4068 0.1395 0.0940 0.0759 0.0637 0.0624 0.0623 0.0623 0.0624 0.0627 0.0635 0.0677 0.0741 0.0878 0.1078 0.1124 0.1073 0.0958
0.0638 0.0633 0.0636 0.0660 0.0639 0.0628 0.0645 0.0645 0.0627 0.0626 0.0634 0.0626 0.0623 0.0624 0.0627 0.0624 0.0624 0.0626 0.0626 0.0629 0.0628 0.0632 0.0631 0.0641 0.0645 0.0704 0.0729 0.0814 0.0844 0.0764 0.0706 0.0699 0.0713 0.0668 0.0659 0.0635 0.0627 0.0627 0.0624 0.0623 0.0623 0.0624 0.0624 0.0624 0.0625 0.0628 0.0623 0.0630 0.0711 0.0670 0.0643 0.0809 0.0972 0.0725 0.0773 0.1188 0.1005 0.0755 0.0862 0.1042 0.1389 0.4068 1.0000 0.3959 0.1332 0.0928 0.0726 0.0632 0.0623 0.0624 0.0627 0.0651 0.0676 0.0816 0.0877 0.1111 0.1205 0.1313 0.1078 0.0989
0.0645 0.0642 0.0650 0.0720 0.0675 0.0642 0.0690 0.0730 0.0648 0.0637 0.0685 0.0659 0.0626 0.0628 0.0647 0.0627 0.0624 0.0627 0.0627 0.0635 0.0636 0.0668 0.0658 0.0763 0.0733 0.0930 0.0858 0.1005 0.0860 0.0773 0.0712 0.0743 0.0818 0.0746 0.0785 0.0666 0.0665 0.0633 0.0623 0.0631 0.0623 0.0626 0.0624 0.0627 0.0663 0.0671 0.0650 0.0754 0.1031 0.0876 0.0829 0.1330 0.1599 0.0953 0.1048 0.1891 0.1185 0.0849 0.0922 0.0985 0.1309 0.1395 0.3959 1.0000 0.3946 0.1456 0.0949 0.0752 0.0641 0.0633 0.0640 0.0679 0.0732 0.0890 0.1162 0.1164 0.1531 0.1178 0.0988 0.0857
0.0632 0.0631 0.0633 0.0666 0.0642 0.0628 0.0650 0.0681 0.0631 0.0626 0.0657 0.0645 0.0624 0.0627 0.0642 0.0627 0.0625 0.0628 0.0631 0.0642 0.0648 0.0675 0.0687 0.0794 0.0808 0.0923 0.0977 0.0918 0.0904 0.0775 0.0723 0.0784 0.0828 0.0793 0.0781 0.0697 0.0668 0.0646 0.0627 0.0632 0.0624 0.0626 0.0623 0.0623 0.0657 0.0662 0.0628 0.0677 0.0908 0.0727 0.0664 0.0927 0.1009 0.0685 0.0713 0.0974 0.0759 0.0644 0.0668 0.0695 0.0850 0.0940 0.1332 0.3946 1.0000 0.3914 0.1443 0.0928 0.0754 0.0676 0.0696 0.0821 0.0889 0.1178 0.1207 0.1456 0.1298 0.1184 0.0890 0.0823
0.0635 0.0632 0.0640 0.0706 0.0678 0.0644 0.0704 0.0825 0.0677 0.0656 0.0783 0.0764 0.0642 0.0649 0.0728 0.0649 0.0626 0.0632 0.0635 0.0661 0.0663 0.0789 0.0806 0.1143 0.1008 0.1284 0.0993 0.0931 0.0789 0.0705 0.0671 0.0739 0.0827 0.0840 0.0979 0.0793 0.0837 0.0701 0.0648 0.0705 0.0631 0.0656 0.0636 0.0680 0.0909 0.0870 0.0758 0.0993 0.1556 0.0968 0.0871 0.1400 0.1242 0.0789 0.0833 0.1023 0.0751 0.0650 0.0660 0.0658 0.0746 0.0759 0.0928 0.1456 0.3914 1.0000 0.3949 0.1425 0.0965 0.0791 0.0770 0.0903 0.1051 0.1193 0.1560 0.1220 0.1295 0.0910 0.0740 0.0698
0.0629 0.0627 0.0629 0.0652 0.0640 0.0628 0.0645 0.0702 0.0637 0.0630 0.0686 0.0687 0.0627 0.0633 0.0683 0.0642 0.0626 0.0632 0.0637 0.0670 0.0679 0.0769 0.0855 0.1041 0.1196 0.1104 0.1142 0.0887 0.0838 0.0737 0.0701 0.0792 0.0839 0.0923 0.0916 0.0856 0.0827 0.0750 0.0667 0.0697 0.0630 0.0657 0.0627 0.0641 0.0795 0.0741 0.0642 0.0748 0.0972 0.0700 0.0650 0.0844 0.0770 0.0628 0.0641 0.0699 0.0630 0.0623 0.0626 0.0626 0.0644 0.0637 0.0726 0.0949 0.1443 0.3949 1.0000 0.3943 0.1490 0.1082 0.0993 0.1185 0.1182 0.1556 0.1305 0.1156 0.0948 0.0795 0.0680 0.0661
0.0630 0.0627 0.0632 0.0667 0.0654 0.0637 0.0676 0.0765 0.0674 0.0661 0.0766 0.0785 0.0663 0.0671 0.0787 0.0694 0.0641 0.0654 0.0666 0.0733 0.0739 0.0934 0.0987 0.1256 0.1138 0.1129 0.0953 0.0804 0.0728 0.0677 0.0658 0.0706 0.0750 0.0835 0.0931 0.0883 0.0974 0.0859 0.0767 0.0885 0.0712 0.0803 0.0704 0.0770 0.1142 0.0939 0.0743 0.0916 0.1145 0.0756 0.0692 0.0848 0.0736 0.0633 0.0637 0.0655 0.0622 0.0622 0.0623 0.0622 0.0626 0.0624 0.0632 0.0752 0.0928 0.1425 0.3943 1.0000 0.3971 0.1341 0.1190 0.1230 0.1315 0.1262 0.1346 0.0892 0.0832 0.0686 0.0640 0.0635
0.0628 0.0626 0.0628 0.0642 0.0634 0.0628 0.0642 0.0671 0.0637 0.0633 0.0674 0.0683 0.0634 0.0640 0.0693 0.0661 0.0632 0.0643 0.0655 0.0711 0.0742 0.0845 0.1013 0.1023 0.1239 0.0970 0.1055 0.0795 0.0775 0.0708 0.0680 0.0738 0.0763 0.0900 0.0871 0.0958 0.0901 0.0894 0.0767 0.0786 0.0671 0.0728 0.0646 0.0665 0.0833 0.0727 0.0640 0.0696 0.0770 0.0640 0.0628 0.0662 0.0634 0.0623 0.0626 0.0624 0.0622 0.0623 0.0623 0.0622 0.0624 0.0623 0.0623 0.0641 0.0754 0.0965 0.1490 0.3971 1.0000 0.4064 0.1495 0.1476 0.1234 0.1251 0.1003 0.0779 0.0694 0.0641 0.0626 0.0629
0.0628 0.0626 0.0626 0.0634 0.0631 0.0627 0.0635 0.0647 0.0634 0.0630 0.0650 0.0658 0.0634 0.0635 0.0665 0.0652 0.0633 0.0642 0.0658 0.0700 0.0719 0.0765 0.0830 0.0815 0.0891 0.0772 0.0822 0.0715 0.0717 0.0681 0.0661 0.0692 0.0697 0.0767 0.0745 0.0815 0.0793 0.0831 0.0750 0.0746 0.0678 0.0737 0.0655 0.0661 0.0770 0.0693 0.0636 0.0658 0.0691 0.0632 0.0627 0.0639 0.0627 0.0624 0.0624 0.0623 0.0623 0.0623 0.0623 0.0623 0.0623 0.0623 0.0624 0.0633 0.0676 0.0791 0.1082 0.1341 0.4064 1.0000 0.4310 0.1551 0.1223 0.0978 0.0874 0.0694 0.0657 0.0631 0.0624 0.0627
0.0628 0.0626 0.0627 0.0633 0.0630 0.0627 0.0633 0.0640 0.0631 0.0628 0.0642 0.0646 0.0631 0.0632 0.0652 0.0646 0.0631 0.0637 0.0649 0.0678 0.0693 0.0722 0.0786 0.0757 0.0820 0.0725 0.0770 0.0686 0.0698 0.0674 0.0654 0.0675 0.0676 0.0731 0.0711 0.0787 0.0761 0.0809 0.0735 0.0718 0.0668 0.0717 0.0646 0.0650 0.0737 0.0677 0.0633 0.0644 0.0672 0.0631 0.0626 0.0633 0.0627 0.0624 0.0624 0.0624 0.0623 0.0624 0.0624 0.0624 0.0624 0.0624 0.0627 0.0640 0.0696 0.0770 0.0993 0.1190 0.1495 0.4310 1.0000 0.4521 0.1493 0.1012 0.0835 0.0663 0.0635 0.0627 0.0624 0.0625
