1.0000 0.3931 0.1513 0.1484 0.1277 0.1035 0.0922 0.0856 0.0765 0.0686 0.0653 0.0636 0.0631 0.0628 0.0627 0.0626 0.0625 0.0625 0.0624 0.0625 0.0626 0.0626 0.0626 0.0626 0.0627 0.0632 0.0640 0.0644 0.0636 0.0632 0.0627 0.0627 0.0626 0.0626 0.0626 0.0627 0.0627 0.0627 0.0628 0.0627 0.0629 0.0630 0.0628 0.0630 0.0628 0.0629 0.0627 0.0631 0.0632 0.0632 0.0632 0.0628 0.0630 0.0631 0.0630 0.0630 0.0627 0.0628 0.0633 0.0628 0.0627 0.0636 0.0649 0.0640 0.0636 0.0651 0.0646 0.0638 0.0636 0.0631 0.0630 0.0628 0.0629 0.0631 0.0631 0.0632 0.0631 0.0629 0.0631 0.0627 0.0629 0.0628 0.0629 0.0629 0.0628 0.0627 0.0627 0.0627 0.0627 0.0627 0.0628 0.0630 0.0632 0.0632 0.0633 0.0635 0.0634 0.0632 0.0634 0.0636 0.0634 0.0632 0.0631 0.0628 0.0628 0.0627 0.0628 0.0628 0.0628 0.0630 0.0633 0.0633 0.0636 0.0635 0.0631 0.0634 0.0637 0.0634 0.0633 0.0632 0.0632 0.0631 0.0631 0.0629 0.0631 0.0629 0.0631 0.0631 0.0633
0.3931 1.0000 0.4057 0.1443 0.1622 0.1379 0.1018 0.0916 0.0881 0.0755 0.0668 0.0644 0.0634 0.0630 0.0627 0.0627 0.0626 0.0626 0.0625 0.0626 0.0626 0.0627 0.0627 0.0627 0.0630 0.0635 0.0648 0.0655 0.0642 0.0636 0.0630 0.0628 0.0627 0.0627 0.0628 0.0628 0.0628 0.0630 0.0630 0.0630 0.0631 0.0630 0.0631 0.0631 0.0630 0.0631 0.0629 0.0633 0.0635 0.0634 0.0634 0.0630 0.0631 0.0632 0.0631 0.0630 0.0628 0.0628 0.0632 0.0629 0.0627 0.0635 0.0652 0.0642 0.0639 0.0655 0.0648 0.0640 0.0639 0.0632 0.0633 0.0630 0.0631 0.0631 0.0633 0.0635 0.0633 0.0630 0.0633 0.0628 0.0630 0.0630 0.0630 0.0630 0.0629 0.0628 0.0628 0.0627 0.0628 0.0628 0.0629 0.0631 0.0633 0.0633 0.0633 0.0636 0.0635 0.0634 0.0636 0.0639 0.0635 0.0633 0.0632 0.0630 0.0629 0.0627 0.0630 0.0628 0.0630 0.0631 0.0633 0.0633 0.0638 0.0636 0.0632 0.0634 0.0640 0.0635 0.0635 0.0633 0.0633 0.0632 0.0632 0.0631 0.0632 0.0630 0.0631 0.0630 0.0632
0.1513 0.4057 1.0000 0.3986 0.1420 0.1607 0.1407 0.1007 0.0914 0.0878 0.0750 0.0660 0.0641 0.0630 0.0628 0.0627 0.0626 0.0625 0.0626 0.0627 0.0627 0.0628 0.0627 0.0627 0.0632 0.0637 0.0652 0.0661 0.0644 0.0639 0.0629 0.0628 0.0627 0.0627 0.0627 0.0628 0.0628 0.0629 0.0629 0.0630 0.0631 0.0630 0.0630 0.0630 0.0628 0.0630 0.0628 0.0631 0.0633 0.0633 0.0633 0.0630 0.0630 0.0630 0.0628 0.0628 0.0627 0.0627 0.0631 0.0629 0.0626 0.0632 0.0648 0.0639 0.0635 0.0648 0.0641 0.0635 0.0635 0.0631 0.0631 0.0631 0.0631 0.0633 0.0634 0.0635 0.0633 0.0630 0.0632 0.0627 0.0628 0.0627 0.0627 0.0628 0.0628 0.0627 0.0627 0.0627 0.0627 0.0627 0.0628 0.0630 0.0633 0.0633 0.0633 0.0635 0.0634 0.0632 0.0633 0.0635 0.0632 0.0631 0.0631 0.0628 0.0628 0.0627 0.0627 0.0628 0.0629 0.0630 0.0632 0.0632 0.0637 0.0636 0.0632 0.0633 0.0640 0.0634 0.0633 0.0633 0.0633 0.0631 0.0631 0.0629 0.0631 0.0628 0.0630 0.0629 0.0632
0.1484 0.1443 0.3986 1.0000 0.3997 0.1410 0.1675 0.1429 0.1012 0.0911 0.0885 0.0750 0.0659 0.0637 0.0629 0.0627 0.0626 0.0625 0.0625 0.0627 0.0627 0.0630 0.0627 0.0627 0.0636 0.0637 0.0661 0.0662 0.0643 0.0641 0.0628 0.0630 0.0627 0.0627 0.0627 0.0628 0.0629 0.0630 0.0629 0.0630 0.0631 0.0631 0.0632 0.0635 0.0632 0.0634 0.0632 0.0634 0.0637 0.0636 0.0636 0.0633 0.0633 0.0632 0.0630 0.0632 0.0629 0.0632 0.0643 0.0641 0.0632 0.0646 0.0681 0.0663 0.0650 0.0671 0.0655 0.0641 0.0639 0.0635 0.0633 0.0632 0.0632 0.0635 0.0638 0.0641 0.0640 0.0634 0.0637 0.0630 0.0630 0.0628 0.0628 0.0628 0.0628 0.0628 0.0627 0.0627 0.0627 0.0629 0.0631 0.0632 0.0638 0.0637 0.0635 0.0639 0.0637 0.0633 0.0635 0.0640 0.0635 0.0635 0.0633 0.0630 0.0630 0.0628 0.0630 0.0633 0.0632 0.0634 0.0639 0.0635 0.0645 0.0645 0.0637 0.0639 0.0653 0.0642 0.0638 0.0635 0.0636 0.0634 0.0632 0.0632 0.0632 0.0631 0.0633 0.0633 0.0633
0.1277 0.1622 0.1420 0.3997 1.0000 0.4021 0.1416 0.1705 0.1463 0.1009 0.0923 0.0897 0.0752 0.0656 0.0640 0.0630 0.0627 0.0627 0.0627 0.0628 0.0628 0.0633 0.0631 0.0631 0.0651 0.0649 0.0700 0.0693 0.0662 0.0661 0.0635 0.0641 0.0628 0.0631 0.0630 0.0631 0.0631 0.0633 0.0633 0.0634 0.0634 0.0635 0.0637 0.0644 0.0641 0.0649 0.0644 0.0646 0.0653 0.0648 0.0645 0.0643 0.0639 0.0634 0.0633 0.0637 0.0634 0.0637 0.0657 0.0663 0.0646 0.0669 0.0732 0.0718 0.0688 0.0715 0.0686 0.0658 0.0649 0.0643 0.0638 0.0635 0.0636 0.0640 0.0644 0.0650 0.0652 0.0645 0.0652 0.0636 0.0636 0.0633 0.0630 0.0631 0.0632 0.0635 0.0631 0.0633 0.0632 0.0636 0.0639 0.0643 0.0654 0.0653 0.0646 0.0649 0.0644 0.0640 0.0642 0.0649 0.0644 0.0644 0.0641 0.0637 0.0635 0.0636 0.0636 0.0646 0.0640 0.0641 0.0650 0.0641 0.0655 0.0662 0.0645 0.0650 0.0675 0.0656 0.0645 0.0642 0.0643 0.0638 0.0639 0.0643 0.0641 0.0641 0.0641 0.0641 0.0640
0.1035 0.1379 0.1607 0.1410 0.4021 1.0000 0.4031 0.1420 0.1718 0.1440 0.1003 0.0916 0.0884 0.0740 0.0654 0.0635 0.0627 0.0627 0.0627 0.0632 0.0630 0.0640 0.0634 0.0633 0.0660 0.0659 0.0719 0.0712 0.0672 0.0671 0.0639 0.0643 0.0629 0.0629 0.0629 0.0630 0.0632 0.0635 0.0636 0.0636 0.0635 0.0635 0.0637 0.0641 0.0639 0.0645 0.0640 0.0642 0.0646 0.0642 0.0640 0.0635 0.0633 0.0631 0.0630 0.0632 0.0628 0.0630 0.0637 0.0642 0.0632 0.0641 0.0689 0.0686 0.0659 0.0680 0.0659 0.0642 0.0638 0.0635 0.0634 0.0632 0.0634 0.0639 0.0642 0.0644 0.0645 0.0637 0.0641 0.0631 0.0631 0.0628 0.0628 0.0628 0.0629 0.0631 0.0628 0.0631 0.0630 0.0632 0.0634 0.0638 0.0649 0.0646 0.0642 0.0643 0.0640 0.0635 0.0636 0.0641 0.0636 0.0636 0.0635 0.0632 0.0631 0.0632 0.0632 0.0637 0.0633 0.0635 0.0641 0.0635 0.0645 0.0652 0.0639 0.0642 0.0666 0.0650 0.0641 0.0637 0.0640 0.0636 0.0636 0.0640 0.0637 0.0636 0.0635 0.0635 0.0635
0.0922 0.1018 0.1407 0.1675 0.1416 0.4031 1.0000 0.4030 0.1429 0.1726 0.1445 0.1003 0.0915 0.0875 0.0742 0.0652 0.0632 0.0626 0.0627 0.0636 0.0631 0.0653 0.0638 0.0633 0.0666 0.0648 0.0696 0.0675 0.0648 0.0653 0.0630 0.0638 0.0627 0.0630 0.0627 0.0630 0.0630 0.0633 0.0633 0.0634 0.0633 0.0633 0.0635 0.0640 0.0636 0.0641 0.0640 0.0641 0.0643 0.0640 0.0637 0.0634 0.0633 0.0628 0.0629 0.0634 0.0630 0.0630 0.0641 0.0645 0.0631 0.0642 0.0703 0.0692 0.0657 0.0674 0.0653 0.0636 0.0634 0.0632 0.0630 0.0629 0.0631 0.0637 0.0642 0.0644 0.0644 0.0635 0.0638 0.0630 0.0629 0.0627 0.0627 0.0628 0.0627 0.0628 0.0627 0.0630 0.0628 0.0630 0.0631 0.0633 0.0642 0.0639 0.0635 0.0636 0.0635 0.0631 0.0633 0.0635 0.0633 0.0636 0.0635 0.0633 0.0631 0.0633 0.0631 0.0637 0.0632 0.0633 0.0641 0.0632 0.0643 0.0652 0.0638 0.0642 0.0668 0.0650 0.0640 0.0635 0.0637 0.0635 0.0636 0.0640 0.0636 0.0637 0.0635 0.0636 0.0636
0.0856 0.0916 0.1007 0.1429 0.1705 0.1420 0.4030 1.0000 0.4001 0.1439 0.1783 0.1465 0.1014 0.0925 0.0896 0.0756 0.0650 0.0631 0.0628 0.0647 0.0635 0.0662 0.0644 0.0644 0.0738 0.0675 0.0768 0.0698 0.0661 0.0684 0.0637 0.0678 0.0633 0.0642 0.0635 0.0635 0.0635 0.0640 0.0638 0.0639 0.0638 0.0640 0.0647 0.0662 0.0662 0.0686 0.0693 0.0677 0.0680 0.0665 0.0657 0.0661 0.0644 0.0634 0.0637 0.0660 0.0652 0.0646 0.0685 0.0730 0.0683 0.0705 0.0847 0.0840 0.0740 0.0749 0.0698 0.0658 0.0645 0.0644 0.0636 0.0636 0.0644 0.0654 0.0663 0.0673 0.0680 0.0662 0.0664 0.0642 0.0634 0.0633 0.0629 0.0631 0.0631 0.0637 0.0632 0.0644 0.0635 0.0650 0.0649 0.0652 0.0670 0.0661 0.0645 0.0645 0.0639 0.0633 0.0637 0.0645 0.0643 0.0654 0.0652 0.0658 0.0649 0.0668 0.0653 0.0681 0.0653 0.0650 0.0666 0.0644 0.0666 0.0696 0.0659 0.0661 0.0711 0.0683 0.0654 0.0644 0.0646 0.0642 0.0646 0.0663 0.0658 0.0671 0.0658 0.0665 0.0653
0.0765 0.0881 0.0914 0.1012 0.1463 0.1718 0.1429 0.4001 1.0000 0.4016 0.1419 0.1786 0.1488 0.1004 0.0917 0.0894 0.0724 0.0645 0.0633 0.0677 0.0644 0.0674 0.0656 0.0652 0.0784 0.0702 0.0845 0.0733 0.0688 0.0730 0.0660 0.0725 0.0648 0.0657 0.0642 0.0642 0.0642 0.0651 0.0648 0.0648 0.0646 0.0650 0.0659 0.0684 0.0683 0.0723 0.0719 0.0689 0.0692 0.0670 0.0658 0.0662 0.0643 0.0633 0.0633 0.0652 0.0650 0.0639 0.0665 0.0725 0.0688 0.0688 0.0805 0.0865 0.0750 0.0749 0.0697 0.0661 0.0647 0.0646 0.0633 0.0633 0.0639 0.0645 0.0651 0.0665 0.0677 0.0661 0.0658 0.0640 0.0632 0.0632 0.0628 0.0629 0.0630 0.0637 0.0632 0.0650 0.0637 0.0660 0.0652 0.0658 0.0684 0.0667 0.0646 0.0645 0.0639 0.0633 0.0637 0.0645 0.0642 0.0655 0.0652 0.0661 0.0652 0.0683 0.0655 0.0686 0.0650 0.0646 0.0660 0.0641 0.0663 0.0703 0.0659 0.0661 0.0724 0.0691 0.0655 0.0646 0.0651 0.0643 0.0649 0.0672 0.0659 0.0678 0.0658 0.0664 0.0648
0.0686 0.0755 0.0878 0.0911 0.1009 0.1440 0.1726 0.1439 0.4016 1.0000 0.4031 0.1427 0.1742 0.1470 0.0996 0.0882 0.0802 0.0679 0.0652 0.0729 0.0665 0.0719 0.0676 0.0650 0.0740 0.0667 0.0741 0.0678 0.0650 0.0673 0.0636 0.0671 0.0632 0.0640 0.0635 0.0637 0.0639 0.0644 0.0642 0.0641 0.0639 0.0640 0.0646 0.0657 0.0652 0.0667 0.0660 0.0652 0.0651 0.0648 0.0639 0.0636 0.0631 0.0627 0.0627 0.0632 0.0630 0.0628 0.0638 0.0657 0.0635 0.0637 0.0699 0.0721 0.0662 0.0668 0.0646 0.0635 0.0632 0.0631 0.0628 0.0628 0.0631 0.0634 0.0641 0.0645 0.0646 0.0635 0.0634 0.0628 0.0627 0.0627 0.0627 0.0627 0.0627 0.0628 0.0627 0.0631 0.0627 0.0634 0.0633 0.0635 0.0646 0.0639 0.0633 0.0633 0.0632 0.0629 0.0630 0.0632 0.0632 0.0636 0.0635 0.0635 0.0632 0.0641 0.0632 0.0645 0.0632 0.0632 0.0640 0.0631 0.0645 0.0666 0.0641 0.0645 0.0689 0.0665 0.0644 0.0637 0.0640 0.0635 0.0636 0.0646 0.0638 0.0645 0.0636 0.0641 0.0636
0.0653 0.0668 0.0750 0.0885 0.0923 0.1003 0.1445 0.1783 0.1419 0.4031 1.0000 0.4013 0.1443 0.1721 0.1466 0.0997 0.0837 0.0705 0.0667 0.0801 0.0706 0.0799 0.0738 0.0710 0.0897 0.0708 0.0784 0.0675 0.0648 0.0685 0.0643 0.0724 0.0644 0.0661 0.0641 0.0641 0.0640 0.0643 0.0640 0.0639 0.0637 0.0639 0.0649 0.0671 0.0677 0.0714 0.0718 0.0678 0.0672 0.0662 0.0648 0.0654 0.0636 0.0630 0.0629 0.0644 0.0640 0.0632 0.0659 0.0712 0.0663 0.0659 0.0762 0.0786 0.0689 0.0681 0.0653 0.0635 0.0633 0.0633 0.0628 0.0629 0.0633 0.0640 0.0649 0.0659 0.0658 0.0643 0.0640 0.0631 0.0627 0.0627 0.0627 0.0627 0.0627 0.0630 0.0627 0.0638 0.0629 0.0646 0.0641 0.0641 0.0654 0.0642 0.0632 0.0633 0.0631 0.0629 0.0630 0.0633 0.0632 0.0640 0.0639 0.0647 0.0637 0.0667 0.0641 0.0672 0.0641 0.0642 0.0659 0.0639 0.0664 0.0702 0.0658 0.0664 0.0724 0.0689 0.0655 0.0642 0.0642 0.0637 0.0641 0.0657 0.0649 0.0666 0.0650 0.0659 0.0644
0.0636 0.0644 0.0660 0.0750 0.0897 0.0916 0.1003 0.1465 0.1786 0.1427 0.4013 1.0000 0.4030 0.1408 0.1748 0.1526 0.0970 0.0765 0.0694 0.0873 0.0737 0.0791 0.0771 0.0762 0.1138 0.0802 0.0959 0.0724 0.0677 0.0758 0.0698 0.0917 0.0712 0.0755 0.0676 0.0669 0.0659 0.0667 0.0653 0.0646 0.0649 0.0655 0.0677 0.0751 0.0783 0.0910 0.0904 0.0765 0.0746 0.0694 0.0669 0.0706 0.0646 0.0635 0.0634 0.0675 0.0693 0.0651 0.0697 0.0852 0.0773 0.0716 0.0864 0.1014 0.0793 0.0731 0.0679 0.0647 0.0640 0.0647 0.0632 0.0632 0.0641 0.0646 0.0657 0.0683 0.0697 0.0672 0.0658 0.0644 0.0628 0.0632 0.0627 0.0627 0.0630 0.0640 0.0636 0.0683 0.0653 0.0717 0.0672 0.0663 0.0691 0.0661 0.0636 0.0635 0.0631 0.0628 0.0631 0.0635 0.0635 0.0654 0.0656 0.0701 0.0683 0.0792 0.0699 0.0768 0.0669 0.0659 0.0679 0.0645 0.0676 0.0747 0.0673 0.0672 0.0757 0.0719 0.0660 0.0644 0.0650 0.0643 0.0653 0.0699 0.0685 0.0740 0.0684 0.0705 0.0658
0.0631 0.0634 0.0641 0.0659 0.0752 0.0884 0.0915 0.1014 0.1488 0.1742 0.1443 0.4030 1.0000 0.4089 0.1388 0.1588 0.1339 0.0916 0.0824 0.1023 0.0789 0.0824 0.0762 0.0708 0.0908 0.0705 0.0772 0.0668 0.0644 0.0676 0.0651 0.0780 0.0677 0.0732 0.0677 0.0676 0.0671 0.0679 0.0668 0.0659 0.0656 0.0662 0.0679 0.0724 0.0738 0.0798 0.0764 0.0694 0.0683 0.0655 0.0640 0.0648 0.0629 0.0628 0.0627 0.0635 0.0639 0.0628 0.0642 0.0702 0.0665 0.0647 0.0720 0.0796 0.0697 0.0679 0.0649 0.0634 0.0632 0.0632 0.0628 0.0628 0.0632 0.0636 0.0644 0.0660 0.0659 0.0643 0.0636 0.0628 0.0626 0.0627 0.0627 0.0627 0.0627 0.0630 0.0628 0.0640 0.0630 0.0653 0.0639 0.0640 0.0657 0.0641 0.0632 0.0632 0.0630 0.0627 0.0628 0.0630 0.0630 0.0636 0.0636 0.0649 0.0637 0.0675 0.0639 0.0668 0.0635 0.0634 0.0644 0.0632 0.0649 0.0683 0.0650 0.0653 0.0714 0.0684 0.0651 0.0642 0.0646 0.0639 0.0641 0.0661 0.0644 0.0664 0.0641 0.0652 0.0637
0.0628 0.0630 0.0630 0.0637 0.0656 0.0740 0.0875 0.0925 0.1004 0.1470 0.1721 0.1408 0.4089 1.0000 0.4035 0.1367 0.1449 0.1014 0.0951 0.1265 0.0922 0.1008 0.0883 0.0778 0.0949 0.0702 0.0724 0.0641 0.0632 0.0658 0.0644 0.0756 0.0663 0.0712 0.0658 0.0659 0.0654 0.0658 0.0651 0.0644 0.0642 0.0645 0.0657 0.0690 0.0703 0.0741 0.0721 0.0666 0.0657 0.0642 0.0633 0.0637 0.0626 0.0626 0.0626 0.0632 0.0632 0.0626 0.0635 0.0668 0.0637 0.0631 0.0680 0.0712 0.0650 0.0643 0.0633 0.0628 0.0627 0.0627 0.0626 0.0627 0.0628 0.0632 0.0636 0.0644 0.0642 0.0631 0.0630 0.0627 0.0626 0.0626 0.0626 0.0626 0.0626 0.0627 0.0626 0.0631 0.0627 0.0637 0.0631 0.0632 0.0639 0.0632 0.0627 0.0628 0.0627 0.0627 0.0627 0.0627 0.0627 0.0631 0.0631 0.0636 0.0628 0.0651 0.0630 0.0650 0.0631 0.0631 0.0641 0.0632 0.0649 0.0673 0.0644 0.0652 0.0705 0.0674 0.0646 0.0639 0.0640 0.0634 0.0637 0.0648 0.0637 0.0649 0.0636 0.0645 0.0634
0.0627 0.0627 0.0628 0.0629 0.0640 0.0654 0.0742 0.0896 0.0917 0.0996 0.1466 0.1748 0.1388 0.4035 1.0000 0.4039 0.1331 0.1017 0.0923 0.1322 0.1010 0.1078 0.1074 0.0994 0.1524 0.0901 0.0929 0.0695 0.0676 0.0763 0.0755 0.1049 0.0794 0.0861 0.0707 0.0690 0.0669 0.0678 0.0659 0.0645 0.0645 0.0658 0.0688 0.0776 0.0831 0.0938 0.0933 0.0766 0.0730 0.0678 0.0660 0.0695 0.0639 0.0632 0.0632 0.0668 0.0680 0.0641 0.0668 0.0780 0.0707 0.0664 0.0755 0.0825 0.0697 0.0662 0.0643 0.0631 0.0630 0.0633 0.0628 0.0629 0.0633 0.0636 0.0643 0.0656 0.0663 0.0648 0.0638 0.0634 0.0627 0.0629 0.0627 0.0627 0.0627 0.0633 0.0630 0.0666 0.0640 0.0687 0.0651 0.0642 0.0654 0.0639 0.0629 0.0629 0.0627 0.0627 0.0627 0.0628 0.0628 0.0639 0.0642 0.0676 0.0657 0.0752 0.0671 0.0730 0.0654 0.0650 0.0675 0.0645 0.0677 0.0738 0.0671 0.0677 0.0757 0.0715 0.0661 0.0643 0.0647 0.0641 0.0650 0.0683 0.0670 0.0715 0.0673 0.0696 0.0650
0.0626 0.0627 0.0627 0.0627 0.0630 0.0635 0.0652 0.0756 0.0894 0.0882 0.0997 0.1526 0.1588 0.1367 0.4039 1.0000 0.4043 0.1244 0.1047 0.1431 0.1054 0.1013 0.0970 0.0892 0.1265 0.0826 0.0855 0.0677 0.0664 0.0728 0.0756 0.1049 0.0852 0.1004 0.0790 0.0763 0.0722 0.0737 0.0701 0.0672 0.0675 0.0706 0.0762 0.0902 0.0956 0.1076 0.0971 0.0800 0.0750 0.0683 0.0660 0.0696 0.0637 0.0633 0.0633 0.0663 0.0683 0.0640 0.0657 0.0759 0.0708 0.0658 0.0727 0.0812 0.0703 0.0665 0.0642 0.0631 0.0631 0.0634 0.0627 0.0629 0.0634 0.0637 0.0646 0.0661 0.0667 0.0652 0.0641 0.0635 0.0626 0.0628 0.0626 0.0626 0.0627 0.0633 0.0631 0.0662 0.0640 0.0686 0.0650 0.0642 0.0654 0.0639 0.0630 0.0630 0.0627 0.0627 0.0627 0.0630 0.0629 0.0641 0.0644 0.0682 0.0661 0.0749 0.0667 0.0715 0.0648 0.0641 0.0659 0.0635 0.0653 0.0696 0.0651 0.0656 0.0716 0.0692 0.0651 0.0641 0.0648 0.0641 0.0652 0.0685 0.0668 0.0711 0.0663 0.0681 0.0644
0.0625 0.0626 0.0626 0.0626 0.0627 0.0627 0.0632 0.0650 0.0724 0.0802 0.0837 0.0970 0.1339 0.1449 0.1331 0.4043 1.0000 0.4014 0.1815 0.1935 0.1154 0.1013 0.0931 0.0797 0.0904 0.0702 0.0680 0.0635 0.0634 0.0648 0.0670 0.0776 0.0730 0.0822 0.0722 0.0720 0.0704 0.0712 0.0694 0.0670 0.0669 0.0687 0.0721 0.0765 0.0790 0.0794 0.0733 0.0680 0.0659 0.0640 0.0633 0.0636 0.0626 0.0627 0.0627 0.0633 0.0633 0.0626 0.0632 0.0652 0.0633 0.0628 0.0650 0.0670 0.0640 0.0634 0.0629 0.0626 0.0626 0.0627 0.0627 0.0627 0.0628 0.0631 0.0635 0.0641 0.0638 0.0632 0.0628 0.0627 0.0626 0.0626 0.0626 0.0627 0.0627 0.0627 0.0627 0.0630 0.0627 0.0635 0.0630 0.0630 0.0633 0.0630 0.0627 0.0627 0.0627 0.0627 0.0627 0.0628 0.0627 0.0630 0.0631 0.0636 0.0630 0.0645 0.0631 0.0642 0.0632 0.0632 0.0639 0.0631 0.0641 0.0653 0.0637 0.0641 0.0674 0.0658 0.0644 0.0639 0.0640 0.0636 0.0637 0.0644 0.0636 0.0643 0.0633 0.0639 0.0633
0.0625 0.0626 0.0625 0.0625 0.0627 0.0627 0.0626 0.0631 0.0645 0.0679 0.0705 0.0765 0.0916 0.1014 0.1017 0.1244 0.4014 1.0000 0.4030 0.1395 0.1141 0.0931 0.0854 0.0764 0.0806 0.0695 0.0660 0.0639 0.0639 0.0642 0.0667 0.0713 0.0694 0.0749 0.0686 0.0689 0.0679 0.0686 0.0674 0.0660 0.0661 0.0676 0.0702 0.0723 0.0732 0.0719 0.0678 0.0659 0.0645 0.0636 0.0632 0.0631 0.0628 0.0628 0.0628 0.0632 0.0630 0.0628 0.0631 0.0637 0.0628 0.0628 0.0637 0.0642 0.0632 0.0631 0.0628 0.0626 0.0627 0.0626 0.0626 0.0626 0.0627 0.0627 0.0630 0.0631 0.0630 0.0627 0.0627 0.0626 0.0626 0.0626 0.0626 0.0627 0.0627 0.0627 0.0627 0.0628 0.0628 0.0630 0.0629 0.0629 0.0630 0.0628 0.0627 0.0627 0.0626 0.0626 0.0627 0.0628 0.0627 0.0628 0.0630 0.0631 0.0630 0.0633 0.0630 0.0634 0.0632 0.0631 0.0635 0.0630 0.0637 0.0640 0.0635 0.0638 0.0654 0.0646 0.0639 0.0635 0.0636 0.0633 0.0633 0.0636 0.0633 0.0634 0.0632 0.0633 0.0632
0.0624 0.0625 0.0626 0.0625 0.0627 0.0627 0.0627 0.0628 0.0633 0.0652 0.0667 0.0694 0.0824 0.0951 0.0923 0.1047 0.1815 0.4030 1.0000 0.4011 0.1295 0.0992 0.0903 0.0774 0.0767 0.0675 0.0641 0.0632 0.0632 0.0632 0.0659 0.0678 0.0692 0.0741 0.0685 0.0689 0.0680 0.0681 0.0669 0.0658 0.0657 0.0666 0.0685 0.0695 0.0706 0.0692 0.0662 0.0649 0.0638 0.0632 0.0630 0.0627 0.0626 0.0627 0.0627 0.0628 0.0626 0.0626 0.0627 0.0631 0.0625 0.0627 0.0632 0.0632 0.0627 0.0628 0.0627 0.0625 0.0626 0.0626 0.0626 0.0626 0.0626 0.0626 0.0629 0.0630 0.0627 0.0627 0.0626 0.0625 0.0626 0.0624 0.0626 0.0626 0.0626 0.0626 0.0627 0.0626 0.0627 0.0627 0.0627 0.0627 0.0627 0.0627 0.0627 0.0627 0.0627 0.0626 0.0627 0.0627 0.0627 0.0627 0.0627 0.0627 0.0627 0.0629 0.0629 0.0628 0.0628 0.0628 0.0631 0.0628 0.0633 0.0634 0.0630 0.0633 0.0641 0.0637 0.0633 0.0631 0.0631 0.0631 0.0630 0.0631 0.0630 0.0629 0.0628 0.0630 0.0630
0.0625 0.0626 0.0627 0.0627 0.0628 0.0632 0.0636 0.0647 0.0677 0.0729 0.0801 0.0873 0.1023 0.1265 0.1322 0.1431 0.1935 0.1395 0.4011 1.0000 0.3932 0.1441 0.1292 0.1041 0.1030 0.0768 0.0693 0.0639 0.0640 0.0656 0.0743 0.0838 0.0848 0.0957 0.0778 0.0754 0.0718 0.0706 0.0677 0.0656 0.0652 0.0664 0.0689 0.0733 0.0784 0.0806 0.0766 0.0709 0.0670 0.0647 0.0636 0.0637 0.0627 0.0627 0.0627 0.0633 0.0633 0.0627 0.0630 0.0644 0.0629 0.0627 0.0641 0.0652 0.0634 0.0631 0.0628 0.0627 0.0626 0.0626 0.0625 0.0626 0.0627 0.0628 0.0631 0.0633 0.0630 0.0628 0.0627 0.0626 0.0625 0.0626 0.0625 0.0626 0.0626 0.0627 0.0626 0.0628 0.0627 0.0631 0.0629 0.0628 0.0631 0.0628 0.0627 0.0627 0.0627 0.0627 0.0627 0.0627 0.0627 0.0630 0.0631 0.0635 0.0630 0.0640 0.0631 0.0636 0.0630 0.0630 0.0633 0.0629 0.0635 0.0641 0.0632 0.0632 0.0648 0.0641 0.0632 0.0631 0.0632 0.0631 0.0632 0.0636 0.0632 0.0635 0.0630 0.0633 0.0630
0.0626 0.0626 0.0627 0.0627 0.0628 0.0630 0.0631 0.0635 0.0644 0.0665 0.0706 0.0737 0.0789 0.0922 0.1010 0.1054 0.1154 0.1141 0.1295 0.3932 1.0000 0.3997 0.1500 0.1232 0.1086 0.0809 0.0695 0.0642 0.0650 0.0663 0.0791 0.0829 0.0884 0.0935 0.0761 0.0734 0.0699 0.0683 0.0660 0.0644 0.0642 0.0649 0.0662 0.0686 0.0725 0.0737 0.0721 0.0697 0.0663 0.0646 0.0636 0.0633 0.0627 0.0626 0.0627 0.0629 0.0628 0.0627 0.0627 0.0634 0.0627 0.0626 0.0633 0.0639 0.0630 0.0628 0.0626 0.0626 0.0625 0.0626 0.0625 0.0625 0.0626 0.0626 0.0627 0.0627 0.0627 0.0626 0.0626 0.0625 0.0625 0.0626 0.0626 0.0626 0.0626 0.0627 0.0626 0.0626 0.0627 0.0627 0.0627 0.0627 0.0628 0.0627 0.0627 0.0627 0.0626 0.0627 0.0627 0.0628 0.0627 0.0628 0.0630 0.0630 0.0628 0.0631 0.0629 0.0630 0.0628 0.0628 0.0631 0.0628 0.0633 0.0635 0.0631 0.0632 0.0642 0.0636 0.0632 0.0630 0.0631 0.0629 0.0630 0.0630 0.0630 0.0631 0.0629 0.0631 0.0629
0.0626 0.0627 0.0628 0.0630 0.0633 0.0640 0.0653 0.0662 0.0674 0.0719 0.0799 0.0791 0.0824 0.1008 0.1078 0.1013 0.1013 0.0931 0.0992 0.1441 0.3997 1.0000 0.4108 0.1381 0.1148 0.0839 0.0697 0.0636 0.0640 0.0652 0.0841 0.0872 0.1010 0.1048 0.0821 0.0760 0.0699 0.0675 0.0651 0.0639 0.0636 0.0640 0.0652 0.0679 0.0737 0.0756 0.0764 0.0743 0.0683 0.0659 0.0638 0.0633 0.0626 0.0626 0.0626 0.0628 0.0627 0.0627 0.0627 0.0634 0.0627 0.0627 0.0633 0.0639 0.0629 0.0627 0.0627 0.0626 0.0626 0.0625 0.0625 0.0625 0.0626 0.0627 0.0627 0.0628 0.0628 0.0627 0.0626 0.0626 0.0626 0.0626 0.0626 0.0626 0.0626 0.0627 0.0626 0.0627 0.0627 0.0627 0.0627 0.0627 0.0628 0.0627 0.0627 0.0627 0.0627 0.0627 0.0627 0.0628 0.0627 0.0628 0.0631 0.0632 0.0630 0.0631 0.0628 0.0629 0.0628 0.0628 0.0630 0.0627 0.0631 0.0632 0.0630 0.0630 0.0639 0.0634 0.0630 0.0628 0.0629 0.0629 0.0630 0.0630 0.0631 0.0631 0.0630 0.0632 0.0630
0.0626 0.0627 0.0627 0.0627 0.0631 0.0634 0.0638 0.0644 0.0656 0.0676 0.0738 0.0771 0.0762 0.0883 0.1074 0.0970 0.0931 0.0854 0.0903 0.1292 0.1500 0.4108 1.0000 0.4144 0.1367 0.0947 0.0754 0.0635 0.0645 0.0693 0.0988 0.1040 0.1343 0.1385 0.0971 0.0837 0.0726 0.0685 0.0653 0.0637 0.0635 0.0640 0.0649 0.0687 0.0764 0.0793 0.0829 0.0796 0.0723 0.0679 0.0644 0.0641 0.0627 0.0627 0.0626 0.0627 0.0628 0.0626 0.0627 0.0640 0.0627 0.0626 0.0635 0.0644 0.0630 0.0628 0.0627 0.0626 0.0626 0.0626 0.0625 0.0625 0.0626 0.0626 0.0626 0.0626 0.0627 0.0626 0.0626 0.0626 0.0625 0.0626 0.0626 0.0626 0.0626 0.0627 0.0627 0.0627 0.0626 0.0628 0.0627 0.0627 0.0629 0.0627 0.0627 0.0627 0.0627 0.0627 0.0627 0.0627 0.0627 0.0628 0.0631 0.0635 0.0628 0.0637 0.0630 0.0632 0.0630 0.0628 0.0631 0.0627 0.0631 0.0633 0.0628 0.0630 0.0641 0.0634 0.0630 0.0627 0.0629 0.0629 0.0631 0.0632 0.0632 0.0634 0.0629 0.0634 0.0631
0.0626 0.0627 0.0627 0.0627 0.0631 0.0633 0.0633 0.0644 0.0652 0.0650 0.0710 0.0762 0.0708 0.0778 0.0994 0.0892 0.0797 0.0764 0.0774 0.1041 0.1232 0.1381 0.4144 1.0000 0.3977 0.1421 0.0949 0.0737 0.0816 0.0932 0.1786 0.1452 0.1776 0.1254 0.0888 0.0746 0.0661 0.0647 0.0632 0.0628 0.0627 0.0627 0.0632 0.0653 0.0722 0.0776 0.0891 0.0879 0.0819 0.0764 0.0697 0.0685 0.0632 0.0625 0.0626 0.0639 0.0633 0.0624 0.0628 0.0658 0.0626 0.0624 0.0641 0.0646 0.0628 0.0627 0.0627 0.0625 0.0625 0.0624 0.0624 0.0625 0.0625 0.0626 0.0626 0.0627 0.0627 0.0626 0.0627 0.0625 0.0626 0.0626 0.0626 0.0626 0.0626 0.0626 0.0626 0.0626 0.0627 0.0628 0.0627 0.0627 0.0630 0.0628 0.0627 0.0627 0.0627 0.0627 0.0627 0.0628 0.0627 0.0631 0.0631 0.0639 0.0626 0.0639 0.0627 0.0629 0.0630 0.0627 0.0631 0.0627 0.0631 0.0633 0.0628 0.0630 0.0640 0.0633 0.0629 0.0627 0.0628 0.0627 0.0630 0.0628 0.0630 0.0632 0.0628 0.0637 0.0632
0.0627 0.0630 0.0632 0.0636 0.0651 0.0660 0.0666 0.0738 0.0784 0.0740 0.0897 0.1138 0.0908 0.0949 0.1524 0.1265 0.0904 0.0806 0.0767 0.1030 0.1086 0.1148 0.1367 0.3977 1.0000 0.3914 0.1557 0.0943 0.0949 0.1085 0.1430 0.2105 0.1275 0.1220 0.0816 0.0720 0.0654 0.0653 0.0635 0.0628 0.0627 0.0629 0.0636 0.0698 0.0811 0.0921 0.1155 0.0908 0.0910 0.0824 0.0773 0.0863 0.0673 0.0633 0.0635 0.0755 0.0730 0.0635 0.0678 0.0829 0.0672 0.0640 0.0707 0.0724 0.0645 0.0633 0.0630 0.0625 0.0626 0.0627 0.0625 0.0626 0.0626 0.0627 0.0627 0.0628 0.0631 0.0629 0.0627 0.0627 0.0625 0.0627 0.0626 0.0626 0.0626 0.0629 0.0626 0.0644 0.0630 0.0666 0.0637 0.0635 0.0646 0.0636 0.0628 0.0628 0.0627 0.0627 0.0627 0.0631 0.0631 0.0648 0.0653 0.0712 0.0656 0.0737 0.0644 0.0654 0.0632 0.0628 0.0632 0.0627 0.0630 0.0637 0.0628 0.0628 0.0640 0.0634 0.0628 0.0626 0.0628 0.0628 0.0633 0.0641 0.0644 0.0683 0.0648 0.0686 0.0644
0.0632 0.0635 0.0637 0.0637 0.0649 0.0659 0.0648 0.0675 0.0702 0.0667 0.0708 0.0802 0.0705 0.0702 0.0901 0.0826 0.0702 0.0695 0.0675 0.0768 0.0809 0.0839 0.0947 0.1421 0.3914 1.0000 0.3905 0.1476 0.1675 0.1517 0.1853 0.1348 0.0950 0.0787 0.0641 0.0632 0.0626 0.0627 0.0627 0.0627 0.0627 0.0626 0.0626 0.0631 0.0656 0.0690 0.0859 0.0762 0.0851 0.0820 0.0826 0.0874 0.0713 0.0636 0.0652 0.0813 0.0706 0.0633 0.0707 0.0798 0.0642 0.0634 0.0693 0.0662 0.0627 0.0627 0.0627 0.0624 0.0625 0.0625 0.0626 0.0625 0.0626 0.0626 0.0626 0.0628 0.0628 0.0627 0.0627 0.0626 0.0626 0.0626 0.0627 0.0626 0.0627 0.0626 0.0627 0.0627 0.0627 0.0642 0.0633 0.0635 0.0645 0.0641 0.0633 0.0633 0.0632 0.0630 0.0632 0.0640 0.0640 0.0656 0.0652 0.0672 0.0632 0.0663 0.0627 0.0632 0.0629 0.0627 0.0632 0.0627 0.0632 0.0633 0.0629 0.0630 0.0637 0.0632 0.0628 0.0627 0.0628 0.0627 0.0629 0.0630 0.0633 0.0641 0.0633 0.0654 0.0640
0.0640 0.0648 0.0652 0.0661 0.0700 0.0719 0.0696 0.0768 0.0845 0.0741 0.0784 0.0959 0.0772 0.0724 0.0929 0.0855 0.0680 0.0660 0.0641 0.0693 0.0695 0.0697 0.0754 0.0949 0.1557 0.3905 1.0000 0.4154 0.1459 0.1832 0.1250 0.1685 0.0889 0.0793 0.0657 0.0644 0.0630 0.0633 0.0629 0.0627 0.0627 0.0627 0.0628 0.0654 0.0714 0.0792 0.1107 0.0868 0.1028 0.0947 0.1040 0.1358 0.0947 0.0753 0.0812 0.1292 0.1036 0.0799 0.1001 0.1259 0.0824 0.0752 0.0876 0.0799 0.0664 0.0640 0.0636 0.0628 0.0628 0.0635 0.0627 0.0627 0.0629 0.0627 0.0628 0.0636 0.0645 0.0642 0.0632 0.0635 0.0626 0.0632 0.0626 0.0626 0.0627 0.0634 0.0631 0.0676 0.0657 0.0742 0.0690 0.0679 0.0700 0.0674 0.0641 0.0638 0.0633 0.0630 0.0635 0.0652 0.0656 0.0715 0.0722 0.0841 0.0721 0.0831 0.0679 0.0682 0.0637 0.0631 0.0635 0.0627 0.0631 0.0640 0.0628 0.0628 0.0639 0.0635 0.0629 0.0627 0.0628 0.0628 0.0634 0.0649 0.0661 0.0722 0.0680 0.0742 0.0670
0.0644 0.0655 0.0661 0.0662 0.0693 0.0712 0.0675 0.0698 0.0733 0.0678 0.0675 0.0724 0.0668 0.0641 0.0695 0.0677 0.0635 0.0639 0.0632 0.0639 0.0642 0.0636 0.0635 0.0737 0.0943 0.1476 0.4154 1.0000 0.4482 0.1752 0.1014 0.0975 0.0667 0.0638 0.0627 0.0627 0.0627 0.0627 0.0626 0.0627 0.0627 0.0627 0.0627 0.0629 0.0637 0.0648 0.0764 0.0687 0.0798 0.0789 0.0923 0.1044 0.0959 0.0743 0.0845 0.1256 0.0867 0.0742 0.0960 0.0976 0.0708 0.0704 0.0798 0.0696 0.0639 0.0633 0.0633 0.0627 0.0628 0.0630 0.0627 0.0627 0.0628 0.0628 0.0628 0.0635 0.0636 0.0634 0.0632 0.0630 0.0628 0.0630 0.0628 0.0627 0.0627 0.0631 0.0630 0.0638 0.0643 0.0674 0.0669 0.0677 0.0690 0.0683 0.0654 0.0652 0.0645 0.0639 0.0648 0.0671 0.0680 0.0719 0.0714 0.0735 0.0667 0.0692 0.0646 0.0644 0.0636 0.0631 0.0634 0.0630 0.0633 0.0635 0.0631 0.0631 0.0637 0.0633 0.0630 0.0629 0.0631 0.0630 0.0633 0.0636 0.0644 0.0658 0.0654 0.0683 0.0661
0.0636 0.0642 0.0644 0.0643 0.0662 0.0672 0.0648 0.0661 0.0688 0.0650 0.0648 0.0677 0.0644 0.0632 0.0676 0.0664 0.0634 0.0639 0.0632 0.0640 0.0650 0.0640 0.0645 0.0816 0.0949 0.1675 0.1459 0.4482 1.0000 0.4220 0.1298 0.0975 0.0711 0.0634 0.0626 0.0626 0.0626 0.0627 0.0627 0.0626 0.0627 0.0626 0.0627 0.0626 0.0627 0.0631 0.0711 0.0674 0.0805 0.0807 0.0923 0.0926 0.0828 0.0663 0.0704 0.0926 0.0713 0.0645 0.0737 0.0766 0.0633 0.0635 0.0675 0.0639 0.0627 0.0627 0.0626 0.0625 0.0626 0.0627 0.0626 0.0627 0.0627 0.0627 0.0627 0.0630 0.0631 0.0628 0.0627 0.0627 0.0627 0.0627 0.0627 0.0627 0.0626 0.0628 0.0627 0.0628 0.0630 0.0644 0.0642 0.0652 0.0662 0.0660 0.0646 0.0648 0.0645 0.0639 0.0650 0.0676 0.0676 0.0696 0.0674 0.0679 0.0636 0.0644 0.0630 0.0630 0.0630 0.0627 0.0629 0.0627 0.0628 0.0630 0.0627 0.0628 0.0633 0.0630 0.0627 0.0627 0.0628 0.0628 0.0629 0.0630 0.0633 0.0637 0.0636 0.0652 0.0644
0.0632 0.0636 0.0639 0.0641 0.0661 0.0671 0.0653 0.0684 0.0730 0.0673 0.0685 0.0758 0.0676 0.0658 0.0763 0.0728 0.0648 0.0642 0.0632 0.0656 0.0663 0.0652 0.0693 0.0932 0.1085 0.1517 0.1832 0.1752 0.4220 1.0000 0.3957 0.1533 0.0946 0.0743 0.0643 0.0631 0.0626 0.0627 0.0627 0.0626 0.0627 0.0626 0.0626 0.0627 0.0653 0.0683 0.0952 0.0883 0.1192 0.1150 0.1363 0.1311 0.0984 0.0722 0.0760 0.1117 0.0846 0.0681 0.0798 0.0881 0.0664 0.0644 0.0691 0.0653 0.0629 0.0627 0.0626 0.0625 0.0626 0.0627 0.0626 0.0626 0.0627 0.0627 0.0627 0.0630 0.0632 0.0628 0.0627 0.0627 0.0626 0.0627 0.0626 0.0627 0.0627 0.0627 0.0627 0.0632 0.0634 0.0662 0.0649 0.0658 0.0667 0.0655 0.0636 0.0638 0.0634 0.0631 0.0637 0.0654 0.0652 0.0680 0.0673 0.0710 0.0647 0.0678 0.0635 0.0635 0.0629 0.0627 0.0628 0.0626 0.0627 0.0630 0.0627 0.0627 0.0631 0.0628 0.0627 0.0627 0.0627 0.0626 0.0629 0.0630 0.0633 0.0645 0.0641 0.0666 0.0645
0.0627 0.0630 0.0629 0.0628 0.0635 0.0639 0.0630 0.0637 0.0660 0.0636 0.0643 0.0698 0.0651 0.0644 0.0755 0.0756 0.0670 0.0667 0.0659 0.0743 0.0791 0.0841 0.0988 0.1786 0.1430 0.1853 0.1250 0.1014 0.1298 0.3957 1.0000 0.3889 0.1455 0.0925 0.0758 0.0652 0.0631 0.0631 0.0627 0.0627 0.0627 0.0626 0.0626 0.0628 0.0669 0.0701 0.0952 0.0984 0.1123 0.1072 0.1031 0.0940 0.0721 0.0635 0.0637 0.0780 0.0691 0.0627 0.0646 0.0706 0.0627 0.0625 0.0636 0.0630 0.0626 0.0626 0.0625 0.0625 0.0626 0.0625 0.0625 0.0625 0.0626 0.0626 0.0626 0.0627 0.0628 0.0626 0.0626 0.0625 0.0626 0.0626 0.0626 0.0626 0.0626 0.0626 0.0627 0.0626 0.0628 0.0633 0.0631 0.0635 0.0642 0.0638 0.0631 0.0634 0.0632 0.0629 0.0634 0.0645 0.0641 0.0657 0.0653 0.0671 0.0630 0.0640 0.0627 0.0626 0.0627 0.0626 0.0627 0.0626 0.0627 0.0627 0.0627 0.0627 0.0628 0.0627 0.0627 0.0626 0.0626 0.0626 0.0627 0.0627 0.0628 0.0631 0.0631 0.0645 0.0639
0.0627 0.0628 0.0628 0.0630 0.0641 0.0643 0.0638 0.0678 0.0725 0.0671 0.0724 0.0917 0.0780 0.0756 0.1049 0.1049 0.0776 0.0713 0.0678 0.0838 0.0829 0.0872 0.1040 0.1452 0.2105 0.1348 0.1685 0.0975 0.0975 0.1533 0.3889 1.0000 0.3925 0.1369 0.0994 0.0792 0.0684 0.0671 0.0639 0.0630 0.0631 0.0631 0.0640 0.0712 0.0925 0.1041 0.1860 0.1451 0.1646 0.1301 0.1160 0.1318 0.0830 0.0693 0.0685 0.0956 0.0907 0.0678 0.0726 0.0916 0.0699 0.0642 0.0689 0.0690 0.0633 0.0627 0.0627 0.0626 0.0626 0.0627 0.0626 0.0625 0.0627 0.0627 0.0628 0.0632 0.0637 0.0632 0.0627 0.0628 0.0626 0.0628 0.0626 0.0626 0.0626 0.0629 0.0627 0.0650 0.0636 0.0682 0.0659 0.0651 0.0668 0.0655 0.0632 0.0633 0.0628 0.0627 0.0630 0.0641 0.0641 0.0684 0.0708 0.0809 0.0686 0.0758 0.0647 0.0644 0.0628 0.0627 0.0627 0.0626 0.0627 0.0631 0.0627 0.0627 0.0630 0.0628 0.0627 0.0626 0.0626 0.0626 0.0628 0.0632 0.0639 0.0672 0.0657 0.0713 0.0663
0.0626 0.0627 0.0627 0.0627 0.0628 0.0629 0.0627 0.0633 0.0648 0.0632 0.0644 0.0712 0.0677 0.0663 0.0794 0.0852 0.0730 0.0694 0.0692 0.0848 0.0884 0.1010 0.1343 0.1776 0.1275 0.0950 0.0889 0.0667 0.0711 0.0946 0.1455 0.3925 1.0000 0.3952 0.1470 0.1026 0.0812 0.0724 0.0657 0.0641 0.0638 0.0637 0.0647 0.0715 0.0942 0.1060 0.1364 0.1847 0.1274 0.1073 0.0878 0.0850 0.0660 0.0632 0.0628 0.0694 0.0679 0.0627 0.0632 0.0683 0.0628 0.0626 0.0635 0.0632 0.0626 0.0627 0.0626 0.0626 0.0626 0.0625 0.0626 0.0625 0.0626 0.0627 0.0627 0.0629 0.0630 0.0627 0.0627 0.0626 0.0626 0.0625 0.0627 0.0626 0.0626 0.0626 0.0627 0.0627 0.0627 0.0631 0.0633 0.0632 0.0641 0.0640 0.0630 0.0633 0.0630 0.0628 0.0632 0.0637 0.0639 0.0656 0.0675 0.0699 0.0641 0.0648 0.0630 0.0627 0.0628 0.0626 0.0627 0.0626 0.0627 0.0627 0.0627 0.0627 0.0628 0.0627 0.0627 0.0627 0.0627 0.0626 0.0627 0.0628 0.0630 0.0633 0.0635 0.0661 0.0658
0.0626 0.0627 0.0627 0.0627 0.0631 0.0629 0.0630 0.0642 0.0657 0.0640 0.0661 0.0755 0.0732 0.0712 0.0861 0.1004 0.0822 0.0749 0.0741 0.0957 0.0935 0.1048 0.1385 0.1254 0.1220 0.0787 0.0793 0.0638 0.0634 0.0743 0.0925 0.1369 0.3952 1.0000 0.3988 0.1425 0.1090 0.0951 0.0776 0.0710 0.0693 0.0713 0.0778 0.0974 0.1492 0.1450 0.1560 0.1380 0.0985 0.0819 0.0716 0.0751 0.0639 0.0630 0.0626 0.0668 0.0685 0.0631 0.0640 0.0699 0.0644 0.0633 0.0649 0.0654 0.0633 0.0628 0.0628 0.0627 0.0627 0.0627 0.0626 0.0626 0.0627 0.0628 0.0628 0.0632 0.0635 0.0630 0.0627 0.0627 0.0626 0.0627 0.0627 0.0627 0.0626 0.0628 0.0627 0.0635 0.0631 0.0643 0.0646 0.0640 0.0652 0.0656 0.0636 0.0640 0.0632 0.0630 0.0637 0.0646 0.0652 0.0690 0.0734 0.0779 0.0681 0.0686 0.0640 0.0633 0.0628 0.0627 0.0627 0.0626 0.0627 0.0628 0.0627 0.0627 0.0629 0.0628 0.0627 0.0627 0.0627 0.0627 0.0630 0.0632 0.0639 0.0657 0.0654 0.0699 0.0681
0.0626 0.0628 0.0627 0.0627 0.0630 0.0629 0.0627 0.0635 0.0642 0.0635 0.0641 0.0676 0.0677 0.0658 0.0707 0.0790 0.0722 0.0686 0.0685 0.0778 0.0761 0.0821 0.0971 0.0888 0.0816 0.0641 0.0657 0.0627 0.0626 0.0643 0.0758 0.0994 0.1470 0.3988 1.0000 0.4135 0.1424 0.1093 0.0862 0.0749 0.0712 0.0730 0.0786 0.0977 0.1323 0.1588 0.1244 0.1475 0.0928 0.0777 0.0686 0.0688 0.0633 0.0628 0.0627 0.0642 0.0644 0.0626 0.0630 0.0650 0.0631 0.0628 0.0634 0.0635 0.0629 0.0627 0.0627 0.0627 0.0627 0.0627 0.0627 0.0627 0.0628 0.0628 0.0631 0.0634 0.0635 0.0628 0.0627 0.0626 0.0626 0.0626 0.0626 0.0627 0.0626 0.0627 0.0627 0.0628 0.0630 0.0632 0.0638 0.0635 0.0645 0.0647 0.0634 0.0640 0.0633 0.0632 0.0638 0.0644 0.0648 0.0666 0.0702 0.0703 0.0654 0.0644 0.0635 0.0629 0.0630 0.0627 0.0628 0.0626 0.0627 0.0628 0.0627 0.0627 0.0629 0.0628 0.0627 0.0627 0.0628 0.0628 0.0630 0.0630 0.0634 0.0640 0.0648 0.0678 0.0681
0.0627 0.0628 0.0628 0.0628 0.0631 0.0630 0.0630 0.0635 0.0642 0.0637 0.0641 0.0669 0.0676 0.0659 0.0690 0.0763 0.0720 0.0689 0.0689 0.0754 0.0734 0.0760 0.0837 0.0746 0.0720 0.0632 0.0644 0.0627 0.0626 0.0631 0.0652 0.0792 0.1026 0.1425 0.4135 1.0000 0.4170 0.1384 0.1052 0.0887 0.0800 0.0846 0.0915 0.1118 0.1363 0.1369 0.1018 0.0991 0.0741 0.0675 0.0645 0.0650 0.0628 0.0628 0.0626 0.0632 0.0636 0.0627 0.0627 0.0641 0.0630 0.0629 0.0634 0.0636 0.0632 0.0629 0.0628 0.0627 0.0628 0.0629 0.0627 0.0628 0.0630 0.0630 0.0632 0.0636 0.0637 0.0632 0.0628 0.0627 0.0626 0.0627 0.0627 0.0627 0.0627 0.0628 0.0628 0.0632 0.0632 0.0636 0.0645 0.0638 0.0648 0.0657 0.0641 0.0652 0.0637 0.0638 0.0652 0.0661 0.0666 0.0689 0.0738 0.0725 0.0678 0.0658 0.0641 0.0633 0.0630 0.0628 0.0628 0.0627 0.0627 0.0630 0.0627 0.0627 0.0631 0.0630 0.0628 0.0627 0.0628 0.0628 0.0631 0.0633 0.0641 0.0654 0.0666 0.0706 0.0695
0.0627 0.0628 0.0628 0.0629 0.0631 0.0632 0.0630 0.0635 0.0642 0.0639 0.0640 0.0659 0.0671 0.0654 0.0669 0.0722 0.0704 0.0679 0.0680 0.0718 0.0699 0.0699 0.0726 0.0661 0.0654 0.0626 0.0630 0.0627 0.0626 0.0626 0.0631 0.0684 0.0812 0.1090 0.1424 0.4170 1.0000 0.4053 0.1459 0.1150 0.0974 0.1000 0.1038 0.1201 0.1276 0.1242 0.0866 0.0834 0.0677 0.0644 0.0632 0.0632 0.0627 0.0627 0.0626 0.0628 0.0628 0.0626 0.0627 0.0632 0.0628 0.0628 0.0632 0.0633 0.0631 0.0629 0.0629 0.0628 0.0629 0.0628 0.0630 0.0629 0.0631 0.0631 0.0633 0.0637 0.0636 0.0631 0.0629 0.0627 0.0626 0.0626 0.0627 0.0627 0.0627 0.0627 0.0627 0.0627 0.0632 0.0631 0.0643 0.0639 0.0648 0.0660 0.0646 0.0662 0.0641 0.0644 0.0662 0.0667 0.0668 0.0686 0.0726 0.0695 0.0667 0.0642 0.0639 0.0630 0.0630 0.0628 0.0628 0.0627 0.0629 0.0630 0.0627 0.0628 0.0631 0.0631 0.0629 0.0628 0.0630 0.0629 0.0632 0.0633 0.0641 0.0645 0.0659 0.0677 0.0681
0.0627 0.0630 0.0629 0.0630 0.0633 0.0635 0.0633 0.0640 0.0651 0.0644 0.0643 0.0667 0.0679 0.0658 0.0678 0.0737 0.0712 0.0686 0.0681 0.0706 0.0683 0.0675 0.0685 0.0647 0.0653 0.0627 0.0633 0.0627 0.0627 0.0627 0.0631 0.0671 0.0724 0.0951 0.1093 0.1384 0.4053 1.0000 0.3992 0.1343 0.1218 0.1368 0.1343 0.1502 0.1282 0.1157 0.0811 0.0746 0.0655 0.0636 0.0629 0.0631 0.0627 0.0628 0.0627 0.0628 0.0631 0.0627 0.0628 0.0637 0.0633 0.0631 0.0636 0.0641 0.0636 0.0631 0.0631 0.0630 0.0633 0.0633 0.0633 0.0632 0.0634 0.0634 0.0636 0.0642 0.0646 0.0636 0.0632 0.0630 0.0626 0.0627 0.0627 0.0627 0.0627 0.0628 0.0630 0.0632 0.0639 0.0641 0.0662 0.0653 0.0667 0.0688 0.0664 0.0688 0.0653 0.0653 0.0681 0.0694 0.0696 0.0729 0.0793 0.0736 0.0696 0.0653 0.0647 0.0633 0.0632 0.0630 0.0631 0.0628 0.0631 0.0634 0.0630 0.0629 0.0635 0.0635 0.0631 0.0631 0.0632 0.0632 0.0637 0.0641 0.0653 0.0657 0.0669 0.0687 0.0681
0.0628 0.0630 0.0629 0.0629 0.0633 0.0636 0.0633 0.0638 0.0648 0.0642 0.0640 0.0653 0.0668 0.0651 0.0659 0.0701 0.0694 0.0674 0.0669 0.0677 0.0660 0.0651 0.0653 0.0632 0.0635 0.0627 0.0629 0.0626 0.0627 0.0627 0.0627 0.0639 0.0657 0.0776 0.0862 0.1052 0.1459 0.3992 1.0000 0.4007 0.1534 0.1555 0.1468 0.1392 0.1138 0.1006 0.0739 0.0688 0.0640 0.0631 0.0627 0.0628 0.0627 0.0627 0.0627 0.0628 0.0627 0.0627 0.0628 0.0633 0.0630 0.0630 0.0634 0.0637 0.0633 0.0630 0.0632 0.0632 0.0636 0.0635 0.0635 0.0635 0.0635 0.0635 0.0636 0.0641 0.0644 0.0635 0.0632 0.0630 0.0628 0.0627 0.0627 0.0627 0.0627 0.0627 0.0628 0.0628 0.0636 0.0635 0.0653 0.0652 0.0662 0.0682 0.0668 0.0694 0.0658 0.0660 0.0696 0.0698 0.0695 0.0717 0.0755 0.0701 0.0679 0.0643 0.0644 0.0632 0.0631 0.0628 0.0630 0.0628 0.0631 0.0632 0.0630 0.0630 0.0635 0.0633 0.0632 0.0631 0.0633 0.0633 0.0638 0.0640 0.0652 0.0651 0.0667 0.0675 0.0678
0.0627 0.0630 0.0630 0.0630 0.0634 0.0636 0.0634 0.0639 0.0648 0.0641 0.0639 0.0646 0.0659 0.0644 0.0645 0.0672 0.0670 0.0660 0.0658 0.0656 0.0644 0.0639 0.0637 0.0628 0.0628 0.0627 0.0627 0.0627 0.0626 0.0626 0.0627 0.0630 0.0641 0.0710 0.0749 0.0887 0.1150 0.1343 0.4007 1.0000 0.4080 0.1405 0.1180 0.1021 0.0840 0.0769 0.0648 0.0641 0.0629 0.0627 0.0627 0.0625 0.0626 0.0627 0.0627 0.0626 0.0627 0.0627 0.0627 0.0627 0.0627 0.0627 0.0630 0.0631 0.0631 0.0631 0.0632 0.0632 0.0636 0.0633 0.0634 0.0635 0.0635 0.0634 0.0635 0.0637 0.0638 0.0633 0.0631 0.0627 0.0628 0.0627 0.0627 0.0627 0.0627 0.0627 0.0627 0.0627 0.0632 0.0632 0.0644 0.0649 0.0655 0.0673 0.0674 0.0701 0.0669 0.0676 0.0717 0.0703 0.0696 0.0699 0.0719 0.0665 0.0654 0.0633 0.0637 0.0630 0.0631 0.0629 0.0631 0.0630 0.0632 0.0632 0.0630 0.0631 0.0636 0.0635 0.0633 0.0633 0.0634 0.0635 0.0639 0.0640 0.0648 0.0642 0.0652 0.0654 0.0661
0.0629 0.0631 0.0631 0.0631 0.0634 0.0635 0.0633 0.0638 0.0646 0.0639 0.0637 0.0649 0.0656 0.0642 0.0645 0.0675 0.0669 0.0661 0.0657 0.0652 0.0642 0.0636 0.0635 0.0627 0.0627 0.0627 0.0627 0.0627 0.0627 0.0627 0.0627 0.0631 0.0638 0.0693 0.0712 0.0800 0.0974 0.1218 0.1534 0.4080 1.0000 0.4243 0.1548 0.1154 0.0857 0.0765 0.0650 0.0639 0.0630 0.0627 0.0626 0.0625 0.0627 0.0627 0.0627 0.0626 0.0626 0.0626 0.0627 0.0628 0.0628 0.0627 0.0632 0.0635 0.0634 0.0633 0.0635 0.0636 0.0642 0.0639 0.0640 0.0639 0.0639 0.0640 0.0642 0.0645 0.0646 0.0636 0.0632 0.0629 0.0628 0.0628 0.0628 0.0627 0.0628 0.0627 0.0628 0.0628 0.0635 0.0636 0.0656 0.0662 0.0670 0.0695 0.0690 0.0715 0.0680 0.0685 0.0734 0.0727 0.0729 0.0738 0.0779 0.0695 0.0672 0.0640 0.0642 0.0631 0.0632 0.0630 0.0632 0.0630 0.0632 0.0633 0.0631 0.0632 0.0637 0.0636 0.0633 0.0633 0.0636 0.0637 0.0644 0.0646 0.0658 0.0648 0.0661 0.0661 0.0663
0.0630 0.0630 0.0630 0.0631 0.0635 0.0635 0.0633 0.0640 0.0650 0.0640 0.0639 0.0655 0.0662 0.0645 0.0658 0.0706 0.0687 0.0676 0.0666 0.0664 0.0649 0.0640 0.0640 0.0627 0.0629 0.0626 0.0627 0.0627 0.0626 0.0626 0.0626 0.0631 0.0637 0.0713 0.0730 0.0846 0.1000 0.1368 0.1555 0.1405 0.4243 1.0000 0.4225 0.1564 0.1023 0.0855 0.0671 0.0645 0.0630 0.0627 0.0626 0.0626 0.0626 0.0627 0.0627 0.0627 0.0626 0.0626 0.0627 0.0633 0.0631 0.0630 0.0635 0.0641 0.0637 0.0634 0.0637 0.0640 0.0645 0.0642 0.0641 0.0640 0.0641 0.0641 0.0644 0.0648 0.0650 0.0639 0.0634 0.0631 0.0628 0.0629 0.0628 0.0627 0.0627 0.0628 0.0630 0.0630 0.0639 0.0641 0.0664 0.0664 0.0675 0.0705 0.0688 0.0711 0.0675 0.0677 0.0724 0.0735 0.0738 0.0760 0.0813 0.0723 0.0688 0.0644 0.0645 0.0633 0.0632 0.0630 0.0632 0.0629 0.0633 0.0636 0.0632 0.0631 0.0639 0.0636 0.0632 0.0632 0.0636 0.0638 0.0645 0.0652 0.0669 0.0662 0.0677 0.0681 0.0679
0.0628 0.0631 0.0630 0.0632 0.0637 0.0637 0.0635 0.0647 0.0659 0.0646 0.0649 0.0677 0.0679 0.0657 0.0688 0.0762 0.0721 0.0702 0.0685 0.0689 0.0662 0.0652 0.0649 0.0632 0.0636 0.0626 0.0628 0.0627 0.0627 0.0626 0.0626 0.0640 0.0647 0.0778 0.0786 0.0915 0.1038 0.1343 0.1468 0.1180 0.1548 0.4225 1.0000 0.4058 0.1256 0.0954 0.0735 0.0663 0.0634 0.0630 0.0627 0.0627 0.0626 0.0627 0.0627 0.0628 0.0630 0.0627 0.0629 0.0645 0.0636 0.0631 0.0642 0.0653 0.0640 0.0634 0.0639 0.0640 0.0646 0.0646 0.0641 0.0640 0.0642 0.0641 0.0642 0.0649 0.0653 0.0641 0.0635 0.0633 0.0628 0.0631 0.0628 0.0628 0.0628 0.0630 0.0631 0.0634 0.0644 0.0652 0.0680 0.0671 0.0688 0.0723 0.0689 0.0716 0.0674 0.0671 0.0716 0.0742 0.0754 0.0798 0.0882 0.0781 0.0722 0.0661 0.0653 0.0636 0.0634 0.0631 0.0633 0.0629 0.0633 0.0638 0.0632 0.0632 0.0640 0.0637 0.0632 0.0632 0.0635 0.0638 0.0651 0.0661 0.0686 0.0686 0.0706 0.0719 0.0700
0.0630 0.0631 0.0630 0.0635 0.0644 0.0641 0.0640 0.0662 0.0684 0.0657 0.0671 0.0751 0.0724 0.0690 0.0776 0.0902 0.0765 0.0723 0.0695 0.0733 0.0686 0.0679 0.0687 0.0653 0.0698 0.0631 0.0654 0.0629 0.0626 0.0627 0.0628 0.0712 0.0715 0.0974 0.0977 0.1118 0.1201 0.1502 0.1392 0.1021 0.1154 0.1564 0.4058 1.0000 0.3950 0.1492 0.0999 0.0803 0.0681 0.0654 0.0639 0.0660 0.0630 0.0630 0.0627 0.0643 0.0655 0.0631 0.0640 0.0706 0.0666 0.0639 0.0666 0.0702 0.0655 0.0640 0.0644 0.0643 0.0650 0.0663 0.0644 0.0639 0.0644 0.0640 0.0641 0.0655 0.0671 0.0661 0.0645 0.0647 0.0630 0.0636 0.0628 0.0628 0.0628 0.0634 0.0635 0.0662 0.0671 0.0712 0.0742 0.0709 0.0744 0.0782 0.0699 0.0724 0.0667 0.0659 0.0702 0.0749 0.0772 0.0906 0.1023 0.0999 0.0855 0.0754 0.0698 0.0653 0.0636 0.0632 0.0635 0.0630 0.0633 0.0645 0.0633 0.0632 0.0643 0.0640 0.0631 0.0630 0.0635 0.0640 0.0659 0.0693 0.0743 0.0792 0.0804 0.0840 0.0749
