1.0000 0.3997 0.1316 0.0956 0.0743 0.0644 0.0626 0.0623 0.0628 0.0640 0.0836 0.0869 0.1194 0.1322 0.1198 0.0954 0.0905 0.0772 0.0748 0.0679 0.0706 0.0756 0.0796 0.0692 0.0715 0.0653 0.0642 0.0636 0.0627 0.0628 0.0627 0.0625 0.0625 0.0624 0.0624 0.0624 0.0624 0.0623 0.0624 0.0624 0.0623 0.0623 0.0623 0.0624 0.0624 0.0626 0.0626 0.0624 0.0625 0.0626 0.0625 0.0624 0.0626 0.0627 0.0627 0.0629 0.0639 0.0644 0.0684 0.0648 0.0691 0.0636 0.0640 0.0634 0.0627 0.0626 0.0626 0.0627 0.0645 0.0651 0.0650 0.0660 0.0635 0.0637 0.0632 0.0631 0.0637 0.0635 0.0646 0.0632 0.0631 0.0632 0.0627 0.0628 0.0627 0.0626 0.0628 0.0630 0.0635
0.3997 1.0000 0.4013 0.1411 0.0945 0.0740 0.0632 0.0626 0.0651 0.0685 0.0976 0.1058 0.1394 0.1817 0.1272 0.1023 0.1047 0.0826 0.0829 0.0726 0.0791 0.0895 0.1034 0.0788 0.0845 0.0680 0.0654 0.0642 0.0630 0.0632 0.0630 0.0626 0.0626 0.0626 0.0626 0.0624 0.0624 0.0624 0.0624 0.0624 0.0624 0.0624 0.0624 0.0625 0.0624 0.0627 0.0626 0.0624 0.0626 0.0627 0.0625 0.0625 0.0627 0.0627 0.0627 0.0630 0.0645 0.0667 0.0754 0.0697 0.0811 0.0657 0.0674 0.0640 0.0630 0.0631 0.0632 0.0643 0.0710 0.0711 0.0701 0.0708 0.0648 0.0644 0.0632 0.0633 0.0641 0.0639 0.0670 0.0640 0.0637 0.0644 0.0629 0.0632 0.0631 0.0626 0.0627 0.0629 0.0634
0.1316 0.4013 1.0000 0.3926 0.1433 0.0936 0.0701 0.0676 0.0888 0.0956 0.1895 0.1488 0.1786 0.1450 0.1031 0.0864 0.0851 0.0695 0.0706 0.0658 0.0701 0.0762 0.0903 0.0705 0.0801 0.0655 0.0639 0.0633 0.0625 0.0627 0.0626 0.0624 0.0625 0.0624 0.0624 0.0624 0.0625 0.0624 0.0624 0.0624 0.0625 0.0626 0.0625 0.0625 0.0624 0.0625 0.0625 0.0624 0.0624 0.0625 0.0624 0.0624 0.0623 0.0623 0.0623 0.0624 0.0627 0.0635 0.0692 0.0675 0.0828 0.0662 0.0760 0.0675 0.0652 0.0657 0.0645 0.0673 0.0736 0.0709 0.0670 0.0663 0.0628 0.0629 0.0625 0.0626 0.0628 0.0628 0.0649 0.0634 0.0635 0.0655 0.0632 0.0640 0.0644 0.0634 0.0635 0.0641 0.0647
0.0956 0.1411 0.3926 1.0000 0.3949 0.1390 0.0904 0.0831 0.0985 0.1042 0.1435 0.1993 0.1278 0.1454 0.0909 0.0811 0.0918 0.0745 0.0789 0.0723 0.0861 0.0991 0.1388 0.0912 0.1160 0.0755 0.0672 0.0639 0.0626 0.0633 0.0632 0.0623 0.0623 0.0626 0.0624 0.0623 0.0623 0.0623 0.0623 0.0623 0.0623 0.0624 0.0624 0.0625 0.0623 0.0625 0.0624 0.0623 0.0626 0.0626 0.0623 0.0624 0.0630 0.0626 0.0624 0.0628 0.0650 0.0706 0.0859 0.0907 0.1319 0.0884 0.1095 0.0762 0.0721 0.0785 0.0749 0.0879 0.1101 0.1020 0.0873 0.0777 0.0654 0.0637 0.0627 0.0628 0.0635 0.0641 0.0716 0.0675 0.0685 0.0776 0.0667 0.0676 0.0680 0.0638 0.0635 0.0646 0.0655
0.0743 0.0945 0.1433 0.3949 1.0000 0.3981 0.1251 0.1154 0.2002 0.1493 0.1832 0.1347 0.0943 0.0856 0.0663 0.0655 0.0690 0.0642 0.0653 0.0642 0.0683 0.0698 0.0849 0.0674 0.0800 0.0642 0.0632 0.0629 0.0627 0.0627 0.0626 0.0626 0.0626 0.0624 0.0626 0.0625 0.0625 0.0624 0.0624 0.0624 0.0625 0.0625 0.0626 0.0626 0.0625 0.0626 0.0626 0.0625 0.0626 0.0627 0.0625 0.0625 0.0626 0.0626 0.0626 0.0625 0.0626 0.0628 0.0660 0.0682 0.0900 0.0748 0.1093 0.0763 0.0797 0.0892 0.0764 0.0859 0.0866 0.0787 0.0672 0.0650 0.0624 0.0627 0.0626 0.0626 0.0627 0.0628 0.0647 0.0646 0.0666 0.0758 0.0688 0.0712 0.0769 0.0679 0.0671 0.0693 0.0701
0.0644 0.0740 0.0936 0.1390 0.3981 1.0000 0.4024 0.2005 0.1903 0.2012 0.1314 0.1630 0.0890 0.0833 0.0660 0.0667 0.0703 0.0642 0.0660 0.0651 0.0719 0.0754 0.0953 0.0729 0.0916 0.0683 0.0648 0.0632 0.0625 0.0629 0.0629 0.0623 0.0623 0.0625 0.0623 0.0623 0.0623 0.0624 0.0623 0.0623 0.0623 0.0624 0.0624 0.0626 0.0624 0.0626 0.0624 0.0623 0.0626 0.0626 0.0623 0.0624 0.0627 0.0625 0.0625 0.0624 0.0628 0.0653 0.0725 0.0855 0.1296 0.1151 0.2454 0.1118 0.1235 0.1600 0.1156 0.1380 0.1264 0.1046 0.0775 0.0682 0.0627 0.0625 0.0625 0.0626 0.0626 0.0630 0.0674 0.0695 0.0762 0.1028 0.0827 0.0844 0.0890 0.0709 0.0684 0.0705 0.0712
0.0626 0.0632 0.0701 0.0904 0.1251 0.4024 1.0000 0.4032 0.1412 0.1161 0.0847 0.0874 0.0637 0.0632 0.0626 0.0627 0.0633 0.0631 0.0636 0.0644 0.0666 0.0657 0.0730 0.0657 0.0752 0.0657 0.0645 0.0636 0.0631 0.0635 0.0632 0.0628 0.0628 0.0628 0.0627 0.0627 0.0627 0.0626 0.0626 0.0626 0.0627 0.0626 0.0627 0.0626 0.0626 0.0627 0.0626 0.0626 0.0627 0.0629 0.0626 0.0627 0.0629 0.0628 0.0627 0.0627 0.0631 0.0643 0.0660 0.0711 0.0884 0.0842 0.1357 0.0845 0.1045 0.1319 0.1002 0.1270 0.1039 0.1023 0.0745 0.0693 0.0632 0.0627 0.0626 0.0628 0.0629 0.0638 0.0677 0.0727 0.0816 0.1080 0.0978 0.1026 0.1197 0.0876 0.0822 0.0834 0.0812
0.0623 0.0626 0.0676 0.0831 0.1154 0.2005 0.4032 1.0000 0.4340 0.1838 0.0969 0.0942 0.0653 0.0633 0.0627 0.0626 0.0631 0.0627 0.0628 0.0631 0.0644 0.0635 0.0679 0.0634 0.0690 0.0639 0.0634 0.0631 0.0626 0.0627 0.0626 0.0625 0.0626 0.0624 0.0625 0.0625 0.0626 0.0626 0.0624 0.0624 0.0625 0.0625 0.0626 0.0626 0.0624 0.0626 0.0625 0.0625 0.0626 0.0627 0.0626 0.0626 0.0626 0.0625 0.0626 0.0626 0.0626 0.0628 0.0635 0.0676 0.0865 0.0925 0.1892 0.1166 0.1838 0.2122 0.1191 0.1237 0.0922 0.0819 0.0651 0.0635 0.0624 0.0625 0.0625 0.0626 0.0626 0.0627 0.0643 0.0668 0.0724 0.0910 0.0825 0.0861 0.0905 0.0741 0.0719 0.0731 0.0741
0.0628 0.0651 0.0888 0.0985 0.2002 0.1903 0.1412 0.4340 1.0000 0.4251 0.1329 0.1003 0.0728 0.0643 0.0627 0.0632 0.0635 0.0626 0.0628 0.0628 0.0640 0.0632 0.0659 0.0627 0.0659 0.0629 0.0629 0.0628 0.0626 0.0626 0.0626 0.0625 0.0625 0.0624 0.0625 0.0625 0.0626 0.0625 0.0625 0.0626 0.0625 0.0626 0.0626 0.0625 0.0625 0.0626 0.0625 0.0626 0.0627 0.0627 0.0626 0.0626 0.0626 0.0626 0.0626 0.0625 0.0625 0.0626 0.0626 0.0634 0.0734 0.0735 0.1232 0.0961 0.1264 0.1167 0.0829 0.0830 0.0731 0.0680 0.0627 0.0627 0.0625 0.0625 0.0626 0.0626 0.0626 0.0626 0.0630 0.0635 0.0651 0.0737 0.0692 0.0718 0.0766 0.0680 0.0672 0.0680 0.0696
0.0640 0.0685 0.0956 0.1042 0.1493 0.2012 0.1161 0.1838 0.4251 1.0000 0.3950 0.1545 0.0953 0.0763 0.0655 0.0694 0.0691 0.0636 0.0644 0.0639 0.0679 0.0670 0.0736 0.0637 0.0694 0.0633 0.0629 0.0627 0.0625 0.0626 0.0624 0.0625 0.0625 0.0624 0.0624 0.0624 0.0625 0.0626 0.0624 0.0624 0.0624 0.0624 0.0624 0.0624 0.0625 0.0626 0.0624 0.0624 0.0626 0.0626 0.0625 0.0626 0.0626 0.0625 0.0625 0.0624 0.0625 0.0626 0.0634 0.0662 0.0879 0.0893 0.1727 0.1482 0.1799 0.1238 0.0932 0.0884 0.0819 0.0714 0.0640 0.0629 0.0624 0.0624 0.0625 0.0624 0.0625 0.0626 0.0632 0.0635 0.0645 0.0728 0.0669 0.0697 0.0723 0.0660 0.0655 0.0659 0.0674
0.0836 0.0976 0.1895 0.1435 0.1832 0.1314 0.0847 0.0969 0.1329 0.3950 1.0000 0.3907 0.1404 0.0956 0.0796 0.0762 0.0738 0.0643 0.0650 0.0632 0.0662 0.0684 0.0728 0.0632 0.0670 0.0626 0.0626 0.0626 0.0625 0.0624 0.0625 0.0626 0.0626 0.0624 0.0626 0.0625 0.0625 0.0625 0.0625 0.0624 0.0624 0.0625 0.0625 0.0625 0.0624 0.0626 0.0625 0.0625 0.0626 0.0626 0.0625 0.0625 0.0624 0.0625 0.0626 0.0625 0.0627 0.0626 0.0640 0.0642 0.0822 0.0722 0.1091 0.0998 0.0952 0.0791 0.0697 0.0677 0.0713 0.0652 0.0631 0.0627 0.0624 0.0624 0.0625 0.0625 0.0626 0.0626 0.0629 0.0627 0.0631 0.0670 0.0639 0.0657 0.0681 0.0645 0.0645 0.0649 0.0655
0.0869 0.1058 0.1488 0.1993 0.1347 0.1630 0.0874 0.0942 0.1003 0.1545 0.3907 1.0000 0.3945 0.1418 0.1046 0.1020 0.1051 0.0783 0.0824 0.0718 0.0860 0.1022 0.1090 0.0775 0.0850 0.0658 0.0633 0.0627 0.0624 0.0627 0.0626 0.0624 0.0624 0.0625 0.0625 0.0624 0.0624 0.0625 0.0624 0.0624 0.0624 0.0624 0.0624 0.0625 0.0624 0.0625 0.0625 0.0624 0.0625 0.0625 0.0624 0.0624 0.0626 0.0624 0.0624 0.0623 0.0630 0.0653 0.0782 0.0831 0.1387 0.1020 0.1574 0.1306 0.1004 0.0867 0.0840 0.0815 0.0996 0.0810 0.0741 0.0672 0.0630 0.0626 0.0624 0.0626 0.0626 0.0625 0.0645 0.0642 0.0654 0.0765 0.0662 0.0697 0.0689 0.0641 0.0638 0.0642 0.0650
0.1194 0.1394 0.1786 0.1278 0.0943 0.0890 0.0637 0.0653 0.0728 0.0953 0.1404 0.3945 1.0000 0.3954 0.1770 0.1431 0.1148 0.0822 0.0830 0.0681 0.0738 0.0903 0.0820 0.0672 0.0677 0.0624 0.0624 0.0625 0.0625 0.0624 0.0624 0.0625 0.0624 0.0624 0.0624 0.0624 0.0624 0.0624 0.0624 0.0624 0.0624 0.0624 0.0624 0.0624 0.0624 0.0625 0.0625 0.0625 0.0625 0.0625 0.0626 0.0626 0.0625 0.0625 0.0625 0.0624 0.0625 0.0625 0.0688 0.0661 0.0936 0.0736 0.0899 0.0941 0.0729 0.0653 0.0661 0.0637 0.0704 0.0645 0.0639 0.0633 0.0624 0.0625 0.0624 0.0624 0.0625 0.0626 0.0627 0.0626 0.0627 0.0653 0.0628 0.0641 0.0642 0.0632 0.0632 0.0634 0.0637
0.1322 0.1817 0.1450 0.1454 0.0856 0.0833 0.0632 0.0633 0.0643 0.0763 0.0956 0.1418 0.3954 1.0000 0.4022 0.1322 0.1480 0.1040 0.1165 0.0870 0.0970 0.1468 0.1137 0.0861 0.0802 0.0658 0.0635 0.0630 0.0624 0.0627 0.0627 0.0624 0.0624 0.0626 0.0624 0.0624 0.0624 0.0624 0.0623 0.0624 0.0624 0.0624 0.0624 0.0624 0.0623 0.0625 0.0625 0.0624 0.0625 0.0625 0.0624 0.0624 0.0626 0.0624 0.0624 0.0627 0.0657 0.0698 0.0925 0.0823 0.1278 0.0835 0.0857 0.0817 0.0656 0.0637 0.0659 0.0652 0.0782 0.0716 0.0710 0.0693 0.0642 0.0634 0.0627 0.0627 0.0629 0.0629 0.0644 0.0636 0.0637 0.0688 0.0637 0.0658 0.0644 0.0633 0.0632 0.0632 0.0636
0.1198 0.1272 0.1031 0.0909 0.0663 0.0660 0.0626 0.0627 0.0627 0.0655 0.0796 0.1046 0.1770 0.4022 1.0000 0.4088 0.1458 0.1020 0.0977 0.0744 0.0753 0.0995 0.0804 0.0714 0.0670 0.0634 0.0627 0.0627 0.0625 0.0626 0.0625 0.0625 0.0624 0.0624 0.0624 0.0624 0.0624 0.0624 0.0624 0.0624 0.0625 0.0625 0.0625 0.0624 0.0625 0.0626 0.0624 0.0624 0.0624 0.0625 0.0624 0.0625 0.0624 0.0625 0.0624 0.0624 0.0628 0.0632 0.0712 0.0652 0.0833 0.0677 0.0679 0.0721 0.0632 0.0626 0.0633 0.0626 0.0653 0.0637 0.0636 0.0639 0.0627 0.0627 0.0625 0.0625 0.0626 0.0626 0.0629 0.0628 0.0628 0.0642 0.0630 0.0640 0.0634 0.0632 0.0632 0.0632 0.0635
0.0954 0.1023 0.0864 0.0811 0.0655 0.0667 0.0627 0.0626 0.0632 0.0694 0.0762 0.1020 0.1431 0.1322 0.4088 1.0000 0.4011 0.1246 0.1017 0.0766 0.0742 0.0980 0.0745 0.0680 0.0642 0.0627 0.0626 0.0626 0.0624 0.0624 0.0624 0.0624 0.0623 0.0623 0.0623 0.0624 0.0624 0.0623 0.0623 0.0624 0.0625 0.0624 0.0624 0.0624 0.0624 0.0625 0.0624 0.0624 0.0624 0.0625 0.0624 0.0624 0.0624 0.0624 0.0625 0.0624 0.0627 0.0627 0.0695 0.0640 0.0784 0.0674 0.0680 0.0743 0.0644 0.0628 0.0636 0.0627 0.0644 0.0637 0.0632 0.0635 0.0626 0.0626 0.0625 0.0626 0.0626 0.0626 0.0628 0.0628 0.0628 0.0639 0.0628 0.0641 0.0634 0.0633 0.0632 0.0635 0.0636
0.0905 0.1047 0.0851 0.0918 0.0690 0.0703 0.0633 0.0631 0.0635 0.0691 0.0738 0.1051 0.1148 0.1480 0.1458 0.4011 1.0000 0.4007 0.1516 0.1076 0.1024 0.1558 0.0964 0.0806 0.0693 0.0637 0.0628 0.0628 0.0624 0.0625 0.0626 0.0624 0.0624 0.0624 0.0624 0.0624 0.0624 0.0625 0.0625 0.0625 0.0626 0.0626 0.0626 0.0626 0.0625 0.0626 0.0624 0.0624 0.0625 0.0626 0.0624 0.0624 0.0625 0.0626 0.0624 0.0626 0.0650 0.0662 0.0854 0.0746 0.1016 0.0798 0.0743 0.0776 0.0650 0.0633 0.0647 0.0640 0.0701 0.0690 0.0661 0.0678 0.0633 0.0632 0.0627 0.0627 0.0628 0.0627 0.0636 0.0631 0.0634 0.0663 0.0634 0.0658 0.0641 0.0636 0.0635 0.0636 0.0639
0.0772 0.0826 0.0695 0.0745 0.0642 0.0642 0.0631 0.0627 0.0626 0.0636 0.0643 0.0783 0.0822 0.1040 0.1020 0.1246 0.4007 1.0000 0.3989 0.1242 0.1018 0.1269 0.0852 0.0723 0.0650 0.0629 0.0626 0.0627 0.0626 0.0624 0.0626 0.0624 0.0624 0.0623 0.0623 0.0624 0.0624 0.0624 0.0624 0.0624 0.0625 0.0626 0.0625 0.0625 0.0625 0.0626 0.0625 0.0624 0.0624 0.0626 0.0624 0.0624 0.0624 0.0627 0.0626 0.0626 0.0646 0.0647 0.0806 0.0703 0.0891 0.0786 0.0701 0.0774 0.0652 0.0633 0.0645 0.0634 0.0662 0.0670 0.0637 0.0668 0.0628 0.0632 0.0626 0.0627 0.0627 0.0627 0.0632 0.0630 0.0632 0.0650 0.0633 0.0653 0.0641 0.0639 0.0638 0.0640 0.0643
0.0748 0.0829 0.0706 0.0789 0.0653 0.0660 0.0636 0.0628 0.0628 0.0644 0.0650 0.0824 0.0830 0.1165 0.0977 0.1017 0.1516 0.3989 1.0000 0.3985 0.1684 0.1928 0.1033 0.0824 0.0673 0.0629 0.0625 0.0627 0.0624 0.0624 0.0626 0.0624 0.0624 0.0624 0.0625 0.0624 0.0625 0.0624 0.0624 0.0625 0.0624 0.0625 0.0625 0.0626 0.0626 0.0626 0.0624 0.0624 0.0624 0.0626 0.0624 0.0624 0.0626 0.0628 0.0625 0.0626 0.0660 0.0676 0.0950 0.0844 0.1155 0.1041 0.0814 0.0893 0.0688 0.0648 0.0684 0.0659 0.0733 0.0743 0.0664 0.0718 0.0636 0.0634 0.0627 0.0627 0.0629 0.0627 0.0638 0.0632 0.0636 0.0671 0.0638 0.0663 0.0642 0.0635 0.0635 0.0637 0.0641
0.0679 0.0726 0.0658 0.0723 0.0642 0.0651 0.0644 0.0631 0.0628 0.0639 0.0632 0.0718 0.0681 0.0870 0.0744 0.0766 0.1076 0.1242 0.3985 1.0000 0.4118 0.1331 0.0994 0.0776 0.0658 0.0631 0.0626 0.0628 0.0626 0.0624 0.0626 0.0624 0.0624 0.0625 0.0625 0.0625 0.0624 0.0625 0.0625 0.0625 0.0626 0.0625 0.0625 0.0625 0.0626 0.0626 0.0625 0.0625 0.0626 0.0628 0.0625 0.0625 0.0626 0.0629 0.0626 0.0624 0.0639 0.0639 0.0830 0.0794 0.1033 0.1119 0.0869 0.1016 0.0739 0.0680 0.0744 0.0688 0.0752 0.0738 0.0651 0.0692 0.0629 0.0632 0.0627 0.0627 0.0629 0.0628 0.0643 0.0639 0.0649 0.0700 0.0653 0.0688 0.0657 0.0645 0.0645 0.0649 0.0652
0.0706 0.0791 0.0701 0.0861 0.0683 0.0719 0.0666 0.0644 0.0640 0.0679 0.0662 0.0860 0.0738 0.0970 0.0753 0.0742 0.1024 0.1018 0.1684 0.4118 1.0000 0.3975 0.1356 0.0952 0.0765 0.0647 0.0628 0.0630 0.0626 0.0624 0.0627 0.0625 0.0624 0.0625 0.0625 0.0624 0.0625 0.0624 0.0624 0.0624 0.0624 0.0624 0.0624 0.0625 0.0624 0.0627 0.0624 0.0624 0.0626 0.0628 0.0624 0.0624 0.0629 0.0631 0.0625 0.0627 0.0661 0.0690 0.1008 0.1055 0.1488 0.1693 0.1128 0.1182 0.0810 0.0758 0.0877 0.0802 0.0979 0.0901 0.0748 0.0775 0.0644 0.0642 0.0630 0.0630 0.0635 0.0632 0.0665 0.0644 0.0652 0.0727 0.0648 0.0690 0.0660 0.0641 0.0639 0.0642 0.0646
0.0756 0.0895 0.0762 0.0991 0.0698 0.0754 0.0657 0.0635 0.0632 0.0670 0.0684 0.1022 0.0903 0.1468 0.0995 0.0980 0.1558 0.1269 0.1928 0.1331 0.3975 1.0000 0.3990 0.1297 0.0931 0.0731 0.0635 0.0636 0.0625 0.0626 0.0637 0.0624 0.0622 0.0626 0.0624 0.0624 0.0624 0.0624 0.0623 0.0624 0.0624 0.0624 0.0624 0.0624 0.0624 0.0624 0.0624 0.0624 0.0624 0.0627 0.0624 0.0623 0.0645 0.0642 0.0626 0.0639 0.0821 0.0899 0.1616 0.1428 0.1711 0.1416 0.0906 0.0820 0.0657 0.0651 0.0711 0.0724 0.0950 0.0965 0.0862 0.0952 0.0690 0.0679 0.0633 0.0635 0.0642 0.0636 0.0696 0.0653 0.0649 0.0719 0.0634 0.0661 0.0645 0.0630 0.0630 0.0633 0.0637
0.0796 0.1034 0.0903 0.1388 0.0849 0.0953 0.0730 0.0679 0.0659 0.0736 0.0728 0.1090 0.0820 0.1137 0.0804 0.0745 0.0964 0.0852 0.1033 0.0994 0.1356 0.3990 1.0000 0.3954 0.1495 0.0970 0.0742 0.0674 0.0627 0.0682 0.0706 0.0627 0.0625 0.0649 0.0628 0.0624 0.0624 0.0625 0.0623 0.0624 0.0624 0.0624 0.0624 0.0624 0.0624 0.0626 0.0624 0.0623 0.0627 0.0635 0.0622 0.0627 0.0697 0.0670 0.0632 0.0689 0.0935 0.1055 0.1472 0.2080 0.1420 0.1364 0.0864 0.0749 0.0644 0.0656 0.0725 0.0745 0.1104 0.0922 0.0973 0.0890 0.0697 0.0679 0.0628 0.0630 0.0641 0.0636 0.0727 0.0676 0.0674 0.0784 0.0651 0.0678 0.0659 0.0632 0.0631 0.0633 0.0639
0.0692 0.0788 0.0705 0.0912 0.0674 0.0729 0.0657 0.0634 0.0627 0.0637 0.0632 0.0775 0.0672 0.0861 0.0714 0.0680 0.0806 0.0723 0.0824 0.0776 0.0952 0.1297 0.3954 1.0000 0.3903 0.1442 0.0978 0.0842 0.0706 0.0915 0.0927 0.0670 0.0662 0.0764 0.0656 0.0627 0.0632 0.0633 0.0624 0.0624 0.0624 0.0626 0.0625 0.0627 0.0624 0.0629 0.0627 0.0627 0.0659 0.0699 0.0654 0.0695 0.0923 0.0870 0.0770 0.0962 0.1617 0.1416 0.1712 0.1410 0.0997 0.0851 0.0651 0.0634 0.0626 0.0625 0.0631 0.0635 0.0818 0.0779 0.0920 0.0959 0.0789 0.0810 0.0661 0.0653 0.0664 0.0641 0.0703 0.0648 0.0640 0.0685 0.0631 0.0640 0.0637 0.0627 0.0627 0.0629 0.0633
0.0715 0.0845 0.0801 0.1160 0.0800 0.0916 0.0752 0.0690 0.0659 0.0694 0.0670 0.0850 0.0677 0.0802 0.0670 0.0642 0.0693 0.0650 0.0673 0.0658 0.0765 0.0931 0.1495 0.3903 1.0000 0.3957 0.1214 0.0932 0.0782 0.1031 0.0996 0.0677 0.0677 0.0784 0.0647 0.0622 0.0627 0.0627 0.0622 0.0623 0.0623 0.0623 0.0624 0.0624 0.0624 0.0627 0.0623 0.0624 0.0661 0.0687 0.0636 0.0687 0.0950 0.0822 0.0762 0.1048 0.1467 0.1948 0.1400 0.1892 0.0966 0.0857 0.0663 0.0627 0.0622 0.0631 0.0650 0.0689 0.1013 0.0874 0.1218 0.0989 0.0870 0.0820 0.0668 0.0667 0.0690 0.0671 0.0809 0.0710 0.0678 0.0772 0.0645 0.0655 0.0650 0.0629 0.0628 0.0632 0.0637
0.0653 0.0680 0.0655 0.0755 0.0642 0.0683 0.0657 0.0639 0.0629 0.0633 0.0626 0.0658 0.0624 0.0658 0.0634 0.0627 0.0637 0.0629 0.0629 0.0631 0.0647 0.0731 0.0970 0.1442 0.3957 1.0000 0.3970 0.1305 0.1154 0.2216 0.1883 0.1016 0.1039 0.1279 0.0908 0.0730 0.0747 0.0715 0.0632 0.0625 0.0626 0.0624 0.0624 0.0648 0.0626 0.0652 0.0634 0.0652 0.0824 0.0850 0.0740 0.0926 0.1482 0.1083 0.0994 0.1560 0.1608 0.1493 0.1002 0.1025 0.0705 0.0658 0.0626 0.0626 0.0624 0.0626 0.0625 0.0626 0.0726 0.0684 0.0900 0.0808 0.0798 0.0804 0.0668 0.0651 0.0659 0.0638 0.0699 0.0644 0.0637 0.0666 0.0630 0.0633 0.0631 0.0626 0.0627 0.0627 0.0630
0.0642 0.0654 0.0639 0.0672 0.0632 0.0648 0.0645 0.0634 0.0629 0.0629 0.0626 0.0633 0.0624 0.0635 0.0627 0.0626 0.0628 0.0626 0.0625 0.0626 0.0628 0.0635 0.0742 0.0978 0.1214 0.3970 1.0000 0.4054 0.1910 0.2167 0.1421 0.1073 0.1027 0.0941 0.0775 0.0678 0.0651 0.0630 0.0623 0.0624 0.0624 0.0624 0.0624 0.0626 0.0624 0.0631 0.0623 0.0623 0.0692 0.0703 0.0649 0.0751 0.1011 0.0840 0.0852 0.1309 0.1153 0.1242 0.0788 0.0816 0.0633 0.0626 0.0623 0.0626 0.0625 0.0625 0.0625 0.0622 0.0653 0.0635 0.0760 0.0707 0.0760 0.0785 0.0677 0.0655 0.0661 0.0641 0.0669 0.0637 0.0631 0.0641 0.0628 0.0634 0.0632 0.0627 0.0628 0.0630 0.0632
0.0636 0.0642 0.0633 0.0639 0.0629 0.0632 0.0636 0.0631 0.0628 0.0627 0.0626 0.0627 0.0625 0.0630 0.0627 0.0626 0.0628 0.0627 0.0627 0.0628 0.0630 0.0636 0.0674 0.0842 0.0932 0.1305 0.4054 1.0000 0.4069 0.1401 0.1775 0.1481 0.1022 0.0925 0.0901 0.0751 0.0657 0.0637 0.0625 0.0624 0.0626 0.0626 0.0626 0.0638 0.0626 0.0642 0.0629 0.0626 0.0697 0.0699 0.0635 0.0679 0.0847 0.0689 0.0673 0.0888 0.0798 0.0866 0.0651 0.0699 0.0625 0.0626 0.0623 0.0625 0.0624 0.0624 0.0626 0.0624 0.0634 0.0627 0.0692 0.0654 0.0698 0.0705 0.0655 0.0645 0.0658 0.0641 0.0659 0.0632 0.0629 0.0632 0.0627 0.0628 0.0628 0.0627 0.0627 0.0628 0.0630
0.0627 0.0630 0.0625 0.0626 0.0627 0.0625 0.0631 0.0626 0.0626 0.0625 0.0625 0.0624 0.0625 0.0624 0.0625 0.0624 0.0624 0.0626 0.0624 0.0626 0.0626 0.0625 0.0627 0.0706 0.0782 0.1154 0.1910 0.4069 1.0000 0.4032 0.1394 0.1708 0.1502 0.1007 0.0912 0.0882 0.0750 0.0652 0.0631 0.0623 0.0623 0.0624 0.0623 0.0628 0.0623 0.0626 0.0623 0.0623 0.0673 0.0651 0.0627 0.0719 0.0828 0.0670 0.0699 0.0931 0.0754 0.0802 0.0628 0.0649 0.0622 0.0624 0.0624 0.0625 0.0624 0.0624 0.0625 0.0624 0.0624 0.0622 0.0648 0.0626 0.0645 0.0656 0.0635 0.0632 0.0641 0.0630 0.0637 0.0627 0.0627 0.0627 0.0627 0.0627 0.0627 0.0626 0.0626 0.0627 0.0628
0.0628 0.0632 0.0627 0.0633 0.0627 0.0629 0.0635 0.0627 0.0626 0.0626 0.0624 0.0627 0.0624 0.0627 0.0626 0.0624 0.0625 0.0624 0.0624 0.0624 0.0624 0.0626 0.0682 0.0915 0.1031 0.2216 0.2167 0.1401 0.4032 1.0000 0.4004 0.1417 0.1765 0.1540 0.1031 0.0916 0.0904 0.0774 0.0654 0.0630 0.0624 0.0627 0.0626 0.0671 0.0625 0.0643 0.0628 0.0673 0.0871 0.0778 0.0729 0.1049 0.1347 0.0915 0.0985 0.1582 0.1091 0.1175 0.0743 0.0787 0.0635 0.0630 0.0623 0.0624 0.0623 0.0623 0.0624 0.0623 0.0647 0.0632 0.0744 0.0667 0.0698 0.0695 0.0643 0.0639 0.0659 0.0639 0.0674 0.0633 0.0629 0.0635 0.0627 0.0628 0.0629 0.0625 0.0626 0.0627 0.0628
0.0627 0.0630 0.0626 0.0632 0.0626 0.0629 0.0632 0.0626 0.0626 0.0624 0.0625 0.0626 0.0624 0.0627 0.0625 0.0624 0.0626 0.0626 0.0626 0.0626 0.0627 0.0637 0.0706 0.0927 0.0996 0.1883 0.1421 0.1775 0.1394 0.4004 1.0000 0.4030 0.1397 0.1787 0.1555 0.1013 0.0914 0.0925 0.0759 0.0651 0.0628 0.0638 0.0647 0.0776 0.0657 0.0739 0.0671 0.0728 0.1085 0.0941 0.0748 0.0970 0.1407 0.0861 0.0791 0.1095 0.0930 0.1061 0.0720 0.0816 0.0650 0.0634 0.0623 0.0624 0.0623 0.0624 0.0625 0.0626 0.0665 0.0651 0.0799 0.0700 0.0749 0.0710 0.0655 0.0660 0.0703 0.0675 0.0737 0.0649 0.0641 0.0643 0.0627 0.0627 0.0627 0.0626 0.0625 0.0627 0.0627
0.0625 0.0626 0.0624 0.0623 0.0626 0.0623 0.0628 0.0625 0.0625 0.0625 0.0626 0.0624 0.0625 0.0624 0.0625 0.0624 0.0624 0.0624 0.0624 0.0624 0.0625 0.0624 0.0627 0.0670 0.0677 0.1016 0.1073 0.1481 0.1708 0.1417 0.4030 1.0000 0.4063 0.1394 0.1748 0.1525 0.1015 0.0907 0.0882 0.0743 0.0641 0.0649 0.0635 0.0705 0.0627 0.0661 0.0627 0.0642 0.0816 0.0701 0.0630 0.0763 0.0881 0.0653 0.0649 0.0787 0.0668 0.0723 0.0621 0.0648 0.0620 0.0626 0.0623 0.0625 0.0624 0.0624 0.0624 0.0624 0.0627 0.0624 0.0656 0.0627 0.0652 0.0642 0.0634 0.0639 0.0667 0.0645 0.0662 0.0628 0.0627 0.0627 0.0625 0.0626 0.0626 0.0624 0.0626 0.0626 0.0627
0.0625 0.0626 0.0625 0.0623 0.0626 0.0623 0.0628 0.0626 0.0625 0.0625 0.0626 0.0624 0.0624 0.0624 0.0624 0.0623 0.0624 0.0624 0.0624 0.0624 0.0624 0.0622 0.0625 0.0662 0.0677 0.1039 0.1027 0.1022 0.1502 0.1765 0.1397 0.4063 1.0000 0.4025 0.1411 0.1713 0.1489 0.1003 0.0888 0.0849 0.0706 0.0695 0.0653 0.0752 0.0632 0.0641 0.0626 0.0695 0.0866 0.0683 0.0671 0.0966 0.0960 0.0690 0.0746 0.0932 0.0706 0.0752 0.0622 0.0652 0.0621 0.0626 0.0623 0.0624 0.0625 0.0624 0.0625 0.0624 0.0626 0.0622 0.0653 0.0625 0.0641 0.0634 0.0628 0.0630 0.0648 0.0635 0.0658 0.0626 0.0628 0.0627 0.0626 0.0626 0.0626 0.0625 0.0626 0.0626 0.0626
0.0624 0.0626 0.0624 0.0626 0.0624 0.0625 0.0628 0.0624 0.0624 0.0624 0.0624 0.0625 0.0624 0.0626 0.0624 0.0623 0.0624 0.0623 0.0624 0.0625 0.0625 0.0626 0.0649 0.0764 0.0784 0.1279 0.0941 0.0925 0.1007 0.1540 0.1787 0.1394 0.4025 1.0000 0.4038 0.1397 0.1711 0.1526 0.0993 0.0883 0.0808 0.0810 0.0782 0.1094 0.0758 0.0802 0.0723 0.0940 0.1453 0.0974 0.0879 0.1438 0.1571 0.0904 0.0881 0.1103 0.0840 0.0931 0.0684 0.0760 0.0640 0.0634 0.0623 0.0624 0.0623 0.0625 0.0625 0.0625 0.0663 0.0644 0.0761 0.0666 0.0699 0.0658 0.0635 0.0643 0.0679 0.0669 0.0741 0.0651 0.0641 0.0641 0.0626 0.0626 0.0626 0.0625 0.0626 0.0626 0.0625
0.0624 0.0626 0.0624 0.0624 0.0626 0.0623 0.0627 0.0625 0.0625 0.0624 0.0626 0.0625 0.0624 0.0624 0.0624 0.0623 0.0624 0.0623 0.0625 0.0625 0.0625 0.0624 0.0628 0.0656 0.0647 0.0908 0.0775 0.0901 0.0912 0.1031 0.1555 0.1748 0.1411 0.4038 1.0000 0.4086 0.1420 0.1714 0.1452 0.1006 0.0865 0.0873 0.0806 0.1082 0.0752 0.0817 0.0686 0.0807 0.1213 0.0850 0.0706 0.0943 0.1024 0.0693 0.0661 0.0749 0.0654 0.0703 0.0627 0.0663 0.0624 0.0626 0.0624 0.0625 0.0624 0.0625 0.0625 0.0626 0.0634 0.0629 0.0685 0.0645 0.0684 0.0654 0.0645 0.0656 0.0691 0.0675 0.0715 0.0645 0.0639 0.0633 0.0627 0.0626 0.0626 0.0626 0.0625 0.0626 0.0626
0.0624 0.0624 0.0624 0.0623 0.0625 0.0623 0.0627 0.0625 0.0625 0.0624 0.0625 0.0624 0.0624 0.0624 0.0624 0.0624 0.0624 0.0624 0.0624 0.0625 0.0624 0.0624 0.0624 0.0627 0.0622 0.0730 0.0678 0.0751 0.0882 0.0916 0.1013 0.1525 0.1713 0.1397 0.4086 1.0000 0.4074 0.1393 0.1628 0.1397 0.0958 0.0914 0.0762 0.0869 0.0645 0.0660 0.0621 0.0679 0.0848 0.0646 0.0627 0.0786 0.0755 0.0625 0.0633 0.0668 0.0626 0.0640 0.0622 0.0630 0.0621 0.0624 0.0622 0.0625 0.0625 0.0626 0.0625 0.0624 0.0626 0.0622 0.0635 0.0623 0.0635 0.0628 0.0628 0.0632 0.0647 0.0635 0.0649 0.0626 0.0627 0.0624 0.0626 0.0626 0.0626 0.0625 0.0624 0.0626 0.0626
0.0624 0.0624 0.0625 0.0623 0.0625 0.0623 0.0627 0.0626 0.0626 0.0625 0.0625 0.0624 0.0624 0.0624 0.0624 0.0624 0.0624 0.0624 0.0625 0.0624 0.0625 0.0624 0.0624 0.0632 0.0627 0.0747 0.0651 0.0657 0.0750 0.0904 0.0914 0.1015 0.1489 0.1711 0.1420 0.4074 1.0000 0.4019 0.1402 0.1559 0.1283 0.1227 0.0991 0.1192 0.0762 0.0712 0.0660 0.0874 0.1037 0.0704 0.0713 0.1035 0.0868 0.0658 0.0685 0.0733 0.0637 0.0662 0.0623 0.0644 0.0624 0.0626 0.0623 0.0624 0.0624 0.0626 0.0625 0.0624 0.0628 0.0624 0.0647 0.0627 0.0642 0.0631 0.0631 0.0635 0.0650 0.0640 0.0660 0.0630 0.0630 0.0626 0.0625 0.0625 0.0626 0.0625 0.0626 0.0626 0.0626
0.0623 0.0624 0.0624 0.0623 0.0624 0.0624 0.0626 0.0626 0.0625 0.0626 0.0625 0.0625 0.0624 0.0624 0.0624 0.0623 0.0625 0.0624 0.0624 0.0625 0.0624 0.0624 0.0625 0.0633 0.0627 0.0715 0.0630 0.0637 0.0652 0.0774 0.0925 0.0907 0.1003 0.1526 0.1714 0.1393 0.4019 1.0000 0.4017 0.1364 0.1436 0.1402 0.1268 0.1673 0.0944 0.0888 0.0751 0.1032 0.1380 0.0835 0.0765 0.1057 0.0928 0.0679 0.0663 0.0696 0.0637 0.0661 0.0626 0.0653 0.0625 0.0628 0.0623 0.0625 0.0623 0.0625 0.0626 0.0626 0.0637 0.0632 0.0668 0.0639 0.0661 0.0641 0.0637 0.0645 0.0667 0.0657 0.0687 0.0641 0.0639 0.0632 0.0626 0.0626 0.0626 0.0624 0.0625 0.0626 0.0626
0.0624 0.0624 0.0624 0.0623 0.0624 0.0623 0.0626 0.0624 0.0625 0.0624 0.0625 0.0624 0.0624 0.0623 0.0624 0.0623 0.0625 0.0624 0.0624 0.0625 0.0624 0.0623 0.0623 0.0624 0.0622 0.0632 0.0623 0.0625 0.0631 0.0654 0.0759 0.0882 0.0888 0.0993 0.1452 0.1628 0.1402 0.4017 1.0000 0.4070 0.1428 0.1279 0.1000 0.1032 0.0725 0.0710 0.0640 0.0744 0.0865 0.0653 0.0629 0.0733 0.0680 0.0624 0.0624 0.0628 0.0623 0.0624 0.0623 0.0626 0.0622 0.0625 0.0623 0.0625 0.0625 0.0624 0.0625 0.0624 0.0626 0.0624 0.0632 0.0626 0.0638 0.0631 0.0632 0.0637 0.0648 0.0638 0.0645 0.0629 0.0631 0.0627 0.0626 0.0625 0.0626 0.0625 0.0626 0.0626 0.0626
0.0624 0.0624 0.0624 0.0623 0.0624 0.0623 0.0626 0.0624 0.0626 0.0624 0.0624 0.0624 0.0624 0.0624 0.0624 0.0624 0.0625 0.0624 0.0625 0.0625 0.0624 0.0624 0.0624 0.0624 0.0623 0.0625 0.0624 0.0624 0.0623 0.0630 0.0651 0.0743 0.0849 0.0883 0.1006 0.1397 0.1559 0.1364 0.4070 1.0000 0.4187 0.1555 0.1022 0.0940 0.0681 0.0653 0.0624 0.0695 0.0740 0.0626 0.0625 0.0689 0.0640 0.0622 0.0624 0.0624 0.0623 0.0623 0.0623 0.0623 0.0623 0.0625 0.0622 0.0626 0.0625 0.0624 0.0625 0.0624 0.0625 0.0624 0.0626 0.0624 0.0630 0.0628 0.0630 0.0631 0.0637 0.0630 0.0633 0.0627 0.0627 0.0627 0.0627 0.0626 0.0626 0.0625 0.0625 0.0626 0.0626
0.0623 0.0624 0.0625 0.0623 0.0625 0.0623 0.0627 0.0625 0.0625 0.0624 0.0624 0.0624 0.0624 0.0624 0.0625 0.0625 0.0626 0.0625 0.0624 0.0626 0.0624 0.0624 0.0624 0.0624 0.0623 0.0626 0.0624 0.0626 0.0623 0.0624 0.0628 0.0641 0.0706 0.0808 0.0865 0.0958 0.1283 0.1436 0.1428 0.4187 1.0000 0.4126 0.1434 0.1131 0.0794 0.0690 0.0645 0.0784 0.0795 0.0637 0.0638 0.0716 0.0645 0.0624 0.0626 0.0626 0.0624 0.0624 0.0624 0.0626 0.0623 0.0626 0.0622 0.0626 0.0626 0.0624 0.0625 0.0625 0.0626 0.0625 0.0627 0.0625 0.0629 0.0627 0.0628 0.0630 0.0636 0.0631 0.0633 0.0627 0.0628 0.0626 0.0626 0.0626 0.0626 0.0625 0.0625 0.0627 0.0627
0.0623 0.0624 0.0626 0.0624 0.0625 0.0624 0.0626 0.0625 0.0626 0.0624 0.0625 0.0624 0.0624 0.0624 0.0625 0.0624 0.0626 0.0626 0.0625 0.0625 0.0624 0.0624 0.0624 0.0626 0.0623 0.0624 0.0624 0.0626 0.0624 0.0627 0.0638 0.0649 0.0695 0.0810 0.0873 0.0914 0.1227 0.1402 0.1279 0.1555 0.4126 1.0000 0.4026 0.1389 0.0960 0.0768 0.0678 0.0896 0.0863 0.0645 0.0644 0.0727 0.0644 0.0622 0.0623 0.0626 0.0623 0.0624 0.0624 0.0625 0.0623 0.0625 0.0623 0.0625 0.0626 0.0625 0.0626 0.0625 0.0626 0.0625 0.0627 0.0625 0.0628 0.0626 0.0627 0.0628 0.0632 0.0627 0.0629 0.0626 0.0627 0.0625 0.0626 0.0626 0.0626 0.0625 0.0625 0.0626 0.0627
0.0623 0.0624 0.0625 0.0624 0.0626 0.0624 0.0627 0.0626 0.0626 0.0624 0.0625 0.0624 0.0624 0.0624 0.0625 0.0624 0.0626 0.0625 0.0625 0.0625 0.0624 0.0624 0.0624 0.0625 0.0624 0.0624 0.0624 0.0626 0.0623 0.0626 0.0647 0.0635 0.0653 0.0782 0.0806 0.0762 0.0991 0.1268 0.1000 0.1022 0.1434 0.4026 1.0000 0.3950 0.1314 0.0969 0.0819 0.1101 0.1012 0.0697 0.0683 0.0769 0.0661 0.0624 0.0625 0.0625 0.0624 0.0624 0.0624 0.0626 0.0623 0.0626 0.0624 0.0626 0.0625 0.0625 0.0626 0.0624 0.0626 0.0624 0.0627 0.0625 0.0627 0.0626 0.0627 0.0627 0.0630 0.0627 0.0628 0.0626 0.0629 0.0626 0.0627 0.0627 0.0626 0.0626 0.0626 0.0627 0.0627
0.0624 0.0625 0.0625 0.0625 0.0626 0.0626 0.0626 0.0626 0.0625 0.0624 0.0625 0.0625 0.0624 0.0624 0.0624 0.0624 0.0626 0.0625 0.0626 0.0625 0.0625 0.0624 0.0624 0.0627 0.0624 0.0648 0.0626 0.0638 0.0628 0.0671 0.0776 0.0705 0.0752 0.1094 0.1082 0.0869 0.1192 0.1673 0.1032 0.0940 0.1131 0.1389 0.3950 1.0000 0.3937 0.1311 0.1101 0.1846 0.1880 0.1005 0.0963 0.1170 0.0926 0.0715 0.0679 0.0666 0.0634 0.0632 0.0623 0.0636 0.0622 0.0628 0.0624 0.0625 0.0625 0.0625 0.0625 0.0624 0.0634 0.0626 0.0644 0.0627 0.0636 0.0629 0.0630 0.0631 0.0636 0.0631 0.0639 0.0627 0.0633 0.0627 0.0627 0.0627 0.0626 0.0625 0.0625 0.0627 0.0627
0.0624 0.0624 0.0624 0.0623 0.0625 0.0624 0.0626 0.0624 0.0625 0.0625 0.0624 0.0624 0.0624 0.0623 0.0625 0.0624 0.0625 0.0625 0.0626 0.0626 0.0624 0.0624 0.0624 0.0624 0.0624 0.0626 0.0624 0.0626 0.0623 0.0625 0.0657 0.0627 0.0632 0.0758 0.0752 0.0645 0.0762 0.0944 0.0725 0.0681 0.0794 0.0960 0.1314 0.3937 1.0000 0.4056 0.1903 0.2210 0.1477 0.1110 0.1051 0.0954 0.0794 0.0694 0.0646 0.0627 0.0624 0.0624 0.0624 0.0626 0.0624 0.0625 0.0624 0.0625 0.0625 0.0624 0.0625 0.0623 0.0625 0.0623 0.0627 0.0624 0.0629 0.0627 0.0628 0.0628 0.0631 0.0627 0.0629 0.0626 0.0627 0.0625 0.0626 0.0626 0.0626 0.0624 0.0626 0.0626 0.0626
0.0626 0.0627 0.0625 0.0625 0.0626 0.0626 0.0627 0.0626 0.0626 0.0626 0.0626 0.0625 0.0625 0.0625 0.0626 0.0625 0.0626 0.0626 0.0626 0.0626 0.0627 0.0624 0.0626 0.0629 0.0627 0.0652 0.0631 0.0642 0.0626 0.0643 0.0739 0.0661 0.0641 0.0802 0.0817 0.0660 0.0712 0.0888 0.0710 0.0653 0.0690 0.0768 0.0969 0.1311 0.4056 1.0000 0.4088 0.1408 0.1806 0.1605 0.1042 0.0929 0.0928 0.0787 0.0664 0.0638 0.0635 0.0633 0.0626 0.0636 0.0624 0.0631 0.0626 0.0628 0.0627 0.0627 0.0631 0.0630 0.0638 0.0631 0.0643 0.0632 0.0639 0.0634 0.0635 0.0637 0.0648 0.0636 0.0644 0.0630 0.0633 0.0629 0.0627 0.0627 0.0627 0.0626 0.0626 0.0627 0.0627
0.0626 0.0626 0.0625 0.0624 0.0626 0.0624 0.0626 0.0625 0.0625 0.0624 0.0625 0.0625 0.0625 0.0625 0.0624 0.0624 0.0624 0.0625 0.0624 0.0625 0.0624 0.0624 0.0624 0.0627 0.0623 0.0634 0.0623 0.0629 0.0623 0.0628 0.0671 0.0627 0.0626 0.0723 0.0686 0.0621 0.0660 0.0751 0.0640 0.0624 0.0645 0.0678 0.0819 0.1101 0.1903 0.4088 1.0000 0.4029 0.1404 0.1737 0.1531 0.1021 0.0905 0.0887 0.0742 0.0649 0.0633 0.0626 0.0624 0.0628 0.0624 0.0626 0.0624 0.0626 0.0625 0.0626 0.0627 0.0626 0.0628 0.0626 0.0632 0.0626 0.0633 0.0633 0.0635 0.0636 0.0646 0.0633 0.0635 0.0627 0.0628 0.0627 0.0626 0.0626 0.0626 0.0624 0.0626 0.0627 0.0627
0.0624 0.0624 0.0624 0.0623 0.0625 0.0623 0.0626 0.0625 0.0626 0.0624 0.0625 0.0624 0.0625 0.0624 0.0624 0.0624 0.0624 0.0624 0.0624 0.0625 0.0624 0.0624 0.0623 0.0627 0.0624 0.0652 0.0623 0.0626 0.0623 0.0673 0.0728 0.0642 0.0695 0.0940 0.0807 0.0679 0.0874 0.1032 0.0744 0.0695 0.0784 0.0896 0.1101 0.1846 0.2210 0.1408 0.4029 1.0000 0.3999 0.1398 0.1759 0.1560 0.1028 0.0899 0.0839 0.0722 0.0650 0.0630 0.0622 0.0630 0.0623 0.0626 0.0624 0.0624 0.0624 0.0625 0.0626 0.0624 0.0627 0.0623 0.0636 0.0624 0.0632 0.0635 0.0633 0.0629 0.0639 0.0628 0.0633 0.0624 0.0627 0.0627 0.0626 0.0625 0.0626 0.0624 0.0624 0.0626 0.0625
0.0625 0.0626 0.0624 0.0626 0.0626 0.0626 0.0627 0.0626 0.0627 0.0626 0.0626 0.0625 0.0625 0.0625 0.0624 0.0624 0.0625 0.0624 0.0624 0.0626 0.0626 0.0624 0.0627 0.0659 0.0661 0.0824 0.0692 0.0697 0.0673 0.0871 0.1085 0.0816 0.0866 0.1453 0.1213 0.0848 0.1037 0.1380 0.0865 0.0740 0.0795 0.0863 0.1012 0.1880 0.1477 0.1806 0.1404 0.3999 1.0000 0.4045 0.1400 0.1736 0.1596 0.1030 0.0875 0.0857 0.0764 0.0701 0.0632 0.0677 0.0627 0.0635 0.0626 0.0626 0.0624 0.0626 0.0628 0.0630 0.0660 0.0639 0.0713 0.0643 0.0663 0.0654 0.0641 0.0638 0.0657 0.0640 0.0666 0.0633 0.0634 0.0633 0.0627 0.0626 0.0626 0.0625 0.0624 0.0626 0.0624
0.0626 0.0627 0.0625 0.0626 0.0627 0.0626 0.0629 0.0627 0.0627 0.0626 0.0626 0.0625 0.0625 0.0625 0.0625 0.0625 0.0626 0.0626 0.0626 0.0628 0.0628 0.0627 0.0635 0.0699 0.0687 0.0850 0.0703 0.0699 0.0651 0.0778 0.0941 0.0701 0.0683 0.0974 0.0850 0.0646 0.0704 0.0835 0.0653 0.0626 0.0637 0.0645 0.0697 0.1005 0.1110 0.1605 0.1737 0.1398 0.4045 1.0000 0.4031 0.1388 0.1698 0.1523 0.1007 0.0897 0.0860 0.0753 0.0650 0.0681 0.0628 0.0633 0.0624 0.0626 0.0625 0.0626 0.0628 0.0630 0.0652 0.0646 0.0741 0.0678 0.0731 0.0728 0.0696 0.0691 0.0727 0.0682 0.0697 0.0649 0.0638 0.0632 0.0627 0.0626 0.0626 0.0626 0.0625 0.0626 0.0626
0.0625 0.0625 0.0624 0.0623 0.0625 0.0623 0.0626 0.0626 0.0626 0.0625 0.0625 0.0624 0.0626 0.0624 0.0624 0.0624 0.0624 0.0624 0.0624 0.0625 0.0624 0.0624 0.0622 0.0654 0.0636 0.0740 0.0649 0.0635 0.0627 0.0729 0.0748 0.0630 0.0671 0.0879 0.0706 0.0627 0.0713 0.0765 0.0629 0.0625 0.0638 0.0644 0.0683 0.0963 0.1051 0.1042 0.1531 0.1759 0.1400 0.4031 1.0000 0.4049 0.1364 0.1603 0.1340 0.0947 0.0816 0.0703 0.0630 0.0641 0.0622 0.0626 0.0623 0.0625 0.0624 0.0626 0.0627 0.0625 0.0628 0.0623 0.0667 0.0636 0.0688 0.0718 0.0693 0.0670 0.0687 0.0650 0.0647 0.0631 0.0627 0.0627 0.0626 0.0625 0.0624 0.0624 0.0624 0.0625 0.0624
0.0624 0.0625 0.0624 0.0624 0.0625 0.0624 0.0627 0.0626 0.0626 0.0626 0.0625 0.0624 0.0626 0.0624 0.0625 0.0624 0.0624 0.0624 0.0624 0.0625 0.0624 0.0623 0.0627 0.0695 0.0687 0.0926 0.0751 0.0679 0.0719 0.1049 0.0970 0.0763 0.0966 0.1438 0.0943 0.0786 0.1035 0.1057 0.0733 0.0689 0.0716 0.0727 0.0769 0.1170 0.0954 0.0929 0.1021 0.1560 0.1736 0.1388 0.4049 1.0000 0.4034 0.1378 0.1463 0.1240 0.0947 0.0788 0.0648 0.0669 0.0624 0.0627 0.0624 0.0625 0.0624 0.0624 0.0626 0.0625 0.0641 0.0627 0.0716 0.0645 0.0696 0.0726 0.0676 0.0652 0.0670 0.0646 0.0658 0.0634 0.0630 0.0630 0.0626 0.0625 0.0625 0.0624 0.0624 0.0625 0.0625
0.0626 0.0627 0.0623 0.0630 0.0626 0.0627 0.0629 0.0626 0.0626 0.0626 0.0624 0.0626 0.0625 0.0626 0.0624 0.0624 0.0625 0.0624 0.0626 0.0626 0.0629 0.0645 0.0697 0.0923 0.0950 0.1482 0.1011 0.0847 0.0828 0.1347 0.1407 0.0881 0.0960 0.1571 0.1024 0.0755 0.0868 0.0928 0.0680 0.0640 0.0645 0.0644 0.0661 0.0926 0.0794 0.0928 0.0905 0.1028 0.1596 0.1698 0.1364 0.4034 1.0000 0.4026 0.1396 0.1520 0.1382 0.1114 0.0803 0.0824 0.0655 0.0637 0.0624 0.0624 0.0624 0.0625 0.0626 0.0628 0.0700 0.0693 0.0940 0.0783 0.0882 0.0888 0.0746 0.0705 0.0739 0.0696 0.0739 0.0672 0.0640 0.0644 0.0626 0.0624 0.0625 0.0623 0.0623 0.0624 0.0625
0.0627 0.0627 0.0623 0.0626 0.0626 0.0625 0.0628 0.0625 0.0626 0.0625 0.0625 0.0624 0.0625 0.0624 0.0625 0.0624 0.0626 0.0627 0.0628 0.0629 0.0631 0.0642 0.0670 0.0870 0.0822 0.1083 0.0840 0.0689 0.0670 0.0915 0.0861 0.0653 0.0690 0.0904 0.0693 0.0625 0.0658 0.0679 0.0624 0.0622 0.0624 0.0622 0.0624 0.0715 0.0694 0.0787 0.0887 0.0899 0.1030 0.1523 0.1603 0.1378 0.4026 1.0000 0.4061 0.1434 0.1468 0.1028 0.0786 0.0735 0.0630 0.0627 0.0624 0.0625 0.0625 0.0625 0.0624 0.0623 0.0639 0.0642 0.0802 0.0770 0.0978 0.1089 0.0910 0.0811 0.0806 0.0719 0.0701 0.0672 0.0633 0.0635 0.0627 0.0625 0.0626 0.0624 0.0623 0.0624 0.0624
0.0627 0.0627 0.0623 0.0624 0.0626 0.0625 0.0627 0.0626 0.0626 0.0625 0.0626 0.0624 0.0625 0.0624 0.0624 0.0625 0.0624 0.0626 0.0625 0.0626 0.0625 0.0626 0.0632 0.0770 0.0762 0.0994 0.0852 0.0673 0.0699 0.0985 0.0791 0.0649 0.0746 0.0881 0.0661 0.0633 0.0685 0.0663 0.0624 0.0624 0.0626 0.0623 0.0625 0.0679 0.0646 0.0664 0.0742 0.0839 0.0875 0.1007 0.1340 0.1463 0.1396 0.4061 1.0000 0.4124 0.1314 0.0981 0.0729 0.0675 0.0622 0.0624 0.0624 0.0625 0.0625 0.0624 0.0625 0.0624 0.0626 0.0625 0.0720 0.0709 0.0881 0.1067 0.0896 0.0766 0.0742 0.0678 0.0651 0.0644 0.0627 0.0629 0.0626 0.0626 0.0624 0.0623 0.0623 0.0624 0.0625
0.0629 0.0630 0.0624 0.0628 0.0625 0.0624 0.0627 0.0626 0.0625 0.0624 0.0625 0.0623 0.0624 0.0627 0.0624 0.0624 0.0626 0.0626 0.0626 0.0624 0.0627 0.0639 0.0689 0.0962 0.1048 0.1560 0.1309 0.0888 0.0931 0.1582 0.1095 0.0787 0.0932 0.1103 0.0749 0.0668 0.0733 0.0696 0.0628 0.0624 0.0626 0.0626 0.0625 0.0666 0.0627 0.0638 0.0649 0.0722 0.0857 0.0897 0.0947 0.1240 0.1520 0.1434 0.4124 1.0000 0.4103 0.1375 0.0916 0.0802 0.0636 0.0627 0.0624 0.0624 0.0625 0.0624 0.0624 0.0623 0.0645 0.0652 0.0897 0.0862 0.1060 0.1233 0.0921 0.0804 0.0786 0.0727 0.0697 0.0681 0.0628 0.0635 0.0624 0.0624 0.0624 0.0624 0.0624 0.0624 0.0624
0.0639 0.0645 0.0627 0.0650 0.0626 0.0628 0.0631 0.0626 0.0625 0.0625 0.0627 0.0630 0.0625 0.0657 0.0628 0.0627 0.0650 0.0646 0.0660 0.0639 0.0661 0.0821 0.0935 0.1617 0.1467 0.1608 0.1153 0.0798 0.0754 0.1091 0.0930 0.0668 0.0706 0.0840 0.0654 0.0626 0.0637 0.0637 0.0623 0.0623 0.0624 0.0623 0.0624 0.0634 0.0624 0.0635 0.0633 0.0650 0.0764 0.0860 0.0816 0.0947 0.1382 0.1468 0.1314 0.4103 1.0000 0.3992 0.1364 0.1027 0.0756 0.0639 0.0623 0.0625 0.0625 0.0625 0.0624 0.0625 0.0681 0.0716 0.1058 0.1115 0.1327 0.1582 0.1017 0.0897 0.0866 0.0799 0.0792 0.0750 0.0641 0.0659 0.0626 0.0624 0.0626 0.0624 0.0625 0.0625 0.0625
0.0644 0.0667 0.0635 0.0706 0.0628 0.0653 0.0643 0.0628 0.0626 0.0626 0.0626 0.0653 0.0625 0.0698 0.0632 0.0627 0.0662 0.0647 0.0676 0.0639 0.0690 0.0899 0.1055 0.1416 0.1948 0.1493 0.1242 0.0866 0.0802 0.1175 0.1061 0.0723 0.0752 0.0931 0.0703 0.0640 0.0662 0.0661 0.0624 0.0623 0.0624 0.0624 0.0624 0.0632 0.0624 0.0633 0.0626 0.0630 0.0701 0.0753 0.0703 0.0788 0.1114 0.1028 0.0981 0.1375 0.3992 1.0000 0.3967 0.1459 0.0948 0.0732 0.0633 0.0627 0.0624 0.0623 0.0624 0.0641 0.0883 0.0946 0.1699 0.1573 0.1631 0.1358 0.0945 0.0932 0.0921 0.0902 0.0972 0.0970 0.0737 0.0789 0.0638 0.0630 0.0631 0.0626 0.0627 0.0627 0.0627
0.0684 0.0754 0.0692 0.0859 0.0660 0.0725 0.0660 0.0635 0.0626 0.0634 0.0640 0.0782 0.0688 0.0925 0.0712 0.0695 0.0854 0.0806 0.0950 0.0830 0.1008 0.1616 0.1472 0.1712 0.1400 0.1002 0.0788 0.0651 0.0628 0.0743 0.0720 0.0621 0.0622 0.0684 0.0627 0.0622 0.0623 0.0626 0.0623 0.0623 0.0624 0.0624 0.0624 0.0623 0.0624 0.0626 0.0624 0.0622 0.0632 0.0650 0.0630 0.0648 0.0803 0.0786 0.0729 0.0916 0.1364 0.3967 1.0000 0.3936 0.1479 0.0909 0.0725 0.0635 0.0625 0.0626 0.0627 0.0691 0.0949 0.1154 0.1461 0.2179 0.1276 0.1207 0.0860 0.0885 0.0904 0.0877 0.1040 0.0908 0.0764 0.0794 0.0638 0.0628 0.0632 0.0624 0.0624 0.0626 0.0628
0.0648 0.0697 0.0675 0.0907 0.0682 0.0855 0.0711 0.0676 0.0634 0.0662 0.0642 0.0831 0.0661 0.0823 0.0652 0.0640 0.0746 0.0703 0.0844 0.0794 0.1055 0.1428 0.2080 0.1410 0.1892 0.1025 0.0816 0.0699 0.0649 0.0787 0.0816 0.0648 0.0652 0.0760 0.0663 0.0630 0.0644 0.0653 0.0626 0.0623 0.0626 0.0625 0.0626 0.0636 0.0626 0.0636 0.0628 0.0630 0.0677 0.0681 0.0641 0.0669 0.0824 0.0735 0.0675 0.0802 0.1027 0.1459 0.3936 1.0000 0.3950 0.1389 0.0935 0.0740 0.0637 0.0700 0.0805 0.0951 0.1730 0.1472 0.1782 0.1279 0.0907 0.0777 0.0647 0.0676 0.0691 0.0732 0.0968 0.0963 0.0925 0.1141 0.0791 0.0740 0.0717 0.0640 0.0635 0.0644 0.0648
0.0691 0.0811 0.0828 0.1319 0.0900 0.1296 0.0884 0.0865 0.0734 0.0879 0.0822 0.1387 0.0936 0.1278 0.0833 0.0784 0.1016 0.0891 0.1155 0.1033 0.1488 0.1711 0.1420 0.0997 0.0966 0.0705 0.0633 0.0625 0.0622 0.0635 0.0650 0.0620 0.0621 0.0640 0.0624 0.0621 0.0624 0.0625 0.0622 0.0623 0.0623 0.0623 0.0623 0.0622 0.0624 0.0624 0.0624 0.0623 0.0627 0.0628 0.0622 0.0624 0.0655 0.0630 0.0622 0.0636 0.0756 0.0948 0.1479 0.3950 1.0000 0.3943 0.1375 0.0978 0.0780 0.0837 0.0909 0.1118 0.1482 0.2095 0.1306 0.1362 0.0822 0.0723 0.0644 0.0692 0.0725 0.0757 0.1148 0.0906 0.0959 0.0992 0.0752 0.0716 0.0685 0.0631 0.0628 0.0633 0.0635
0.0636 0.0657 0.0662 0.0884 0.0748 0.1151 0.0842 0.0925 0.0735 0.0893 0.0722 0.1020 0.0736 0.0835 0.0677 0.0674 0.0798 0.0786 0.1041 0.1119 0.1693 0.1416 0.1364 0.0851 0.0857 0.0658 0.0626 0.0626 0.0624 0.0630 0.0634 0.0626 0.0626 0.0634 0.0626 0.0624 0.0626 0.0628 0.0625 0.0625 0.0626 0.0625 0.0626 0.0628 0.0625 0.0631 0.0626 0.0626 0.0635 0.0633 0.0626 0.0627 0.0637 0.0627 0.0624 0.0627 0.0639 0.0732 0.0909 0.1389 0.3943 1.0000 0.3935 0.1397 0.1011 0.1170 0.1592 0.1434 0.1791 0.1294 0.0928 0.0804 0.0630 0.0625 0.0626 0.0627 0.0626 0.0627 0.0757 0.0706 0.0833 0.0985 0.0840 0.0877 0.0839 0.0693 0.0672 0.0680 0.0671
0.0640 0.0674 0.0760 0.1095 0.1093 0.2454 0.1357 0.1892 0.1232 0.1727 0.1091 0.1574 0.0899 0.0857 0.0679 0.0680 0.0743 0.0701 0.0814 0.0869 0.1128 0.0906 0.0864 0.0651 0.0663 0.0626 0.0623 0.0623 0.0624 0.0623 0.0623 0.0623 0.0623 0.0623 0.0624 0.0622 0.0623 0.0623 0.0623 0.0622 0.0622 0.0623 0.0624 0.0624 0.0624 0.0626 0.0624 0.0624 0.0626 0.0624 0.0623 0.0624 0.0624 0.0624 0.0624 0.0624 0.0623 0.0633 0.0725 0.0935 0.1375 0.3935 1.0000 0.3967 0.1777 0.2068 0.1710 0.1999 0.1386 0.1355 0.0821 0.0742 0.0626 0.0623 0.0624 0.0625 0.0624 0.0632 0.0791 0.0706 0.0923 0.1001 0.0867 0.0944 0.0850 0.0698 0.0672 0.0674 0.0669
0.0634 0.0640 0.0675 0.0762 0.0763 0.1118 0.0845 0.1166 0.0961 0.1482 0.0998 0.1306 0.0941 0.0817 0.0721 0.0743 0.0776 0.0774 0.0893 0.1016 0.1182 0.0820 0.0749 0.0634 0.0627 0.0626 0.0626 0.0625 0.0625 0.0624 0.0624 0.0625 0.0624 0.0624 0.0625 0.0625 0.0624 0.0625 0.0625 0.0626 0.0626 0.0625 0.0626 0.0625 0.0625 0.0628 0.0626 0.0624 0.0626 0.0626 0.0625 0.0625 0.0624 0.0625 0.0625 0.0624 0.0625 0.0627 0.0635 0.0740 0.0978 0.1397 0.3967 1.0000 0.4092 0.1297 0.1297 0.1033 0.0872 0.0806 0.0632 0.0628 0.0627 0.0624 0.0626 0.0624 0.0625 0.0624 0.0635 0.0622 0.0658 0.0684 0.0669 0.0738 0.0708 0.0667 0.0659 0.0654 0.0651
