1.0000 0.3964 0.1446 0.1002 0.0793 0.0692 0.0633 0.0635 0.0696 0.0716 0.0971 0.1011 0.0950 0.0983 0.0847 0.0783 0.0693 0.0697 0.0658 0.0737 0.0681 0.0699 0.0724 0.0656 0.0632 0.0631 0.0628 0.0627 0.0628 0.0624 0.0626 0.0623 0.0621 0.0622 0.0622 0.0620 0.0620 0.0621 0.0619 0.0620 0.0620 0.0622 0.0623 0.0622 0.0622 0.0620 0.0620 0.0623 0.0621 0.0619 0.0621 0.0623 0.0619 0.0619 0.0622 0.0620 0.0619 0.0623
0.3964 1.0000 0.3979 0.1304 0.0949 0.0776 0.0654 0.0671 0.0845 0.0873 0.1377 0.1297 0.1085 0.1036 0.0834 0.0782 0.0684 0.0703 0.0655 0.0794 0.0719 0.0787 0.0818 0.0708 0.0662 0.0644 0.0648 0.0635 0.0632 0.0624 0.0623 0.0620 0.0621 0.0622 0.0620 0.0619 0.0620 0.0620 0.0619 0.0619 0.0619 0.0620 0.0623 0.0621 0.0620 0.0620 0.0620 0.0623 0.0622 0.0620 0.0621 0.0623 0.0619 0.0620 0.0624 0.0620 0.0618 0.0619
0.1446 0.3979 1.0000 0.3911 0.1338 0.1014 0.0798 0.0806 0.0995 0.1013 0.1409 0.1756 0.1402 0.1195 0.0982 0.0945 0.0796 0.0856 0.0771 0.1073 0.0862 0.1039 0.0913 0.0801 0.0756 0.0678 0.0733 0.0683 0.0690 0.0648 0.0636 0.0624 0.0632 0.0633 0.0622 0.0622 0.0621 0.0621 0.0621 0.0620 0.0622 0.0623 0.0631 0.0627 0.0622 0.0624 0.0622 0.0633 0.0623 0.0620 0.0628 0.0627 0.0620 0.0621 0.0631 0.0621 0.0620 0.0620
0.1002 0.1304 0.3911 1.0000 0.3902 0.1381 0.1024 0.1151 0.1876 0.1452 0.1721 0.1408 0.0982 0.0802 0.0694 0.0688 0.0652 0.0676 0.0664 0.0837 0.0768 0.1064 0.0894 0.0873 0.0853 0.0710 0.0783 0.0680 0.0674 0.0632 0.0627 0.0622 0.0626 0.0628 0.0622 0.0622 0.0622 0.0621 0.0621 0.0622 0.0622 0.0623 0.0636 0.0636 0.0624 0.0626 0.0622 0.0658 0.0629 0.0622 0.0649 0.0654 0.0621 0.0627 0.0661 0.0628 0.0622 0.0630
0.0793 0.0949 0.1338 0.3902 1.0000 0.3928 0.1815 0.1949 0.1754 0.1928 0.1320 0.1696 0.1150 0.0852 0.0740 0.0725 0.0718 0.0796 0.0847 0.1245 0.1159 0.2235 0.1190 0.1340 0.1567 0.1073 0.1287 0.0918 0.0862 0.0699 0.0646 0.0631 0.0676 0.0653 0.0623 0.0626 0.0636 0.0630 0.0626 0.0623 0.0635 0.0637 0.0692 0.0686 0.0642 0.0663 0.0653 0.0794 0.0664 0.0636 0.0786 0.0772 0.0633 0.0666 0.0789 0.0653 0.0624 0.0649
0.0692 0.0776 0.1014 0.1381 0.3928 1.0000 0.3954 0.1306 0.1353 0.1080 0.0857 0.0927 0.0745 0.0655 0.0636 0.0642 0.0648 0.0677 0.0728 0.0905 0.0862 0.1216 0.0811 0.0910 0.1148 0.0942 0.1239 0.0952 0.0910 0.0750 0.0672 0.0656 0.0729 0.0696 0.0643 0.0642 0.0653 0.0642 0.0637 0.0633 0.0658 0.0669 0.0743 0.0753 0.0693 0.0746 0.0736 0.0983 0.0799 0.0727 0.0983 0.1029 0.0732 0.0782 0.1009 0.0773 0.0671 0.0708
0.0633 0.0654 0.0798 0.1024 0.1815 0.3954 1.0000 0.4060 0.1374 0.1204 0.0821 0.0931 0.0733 0.0648 0.0630 0.0632 0.0634 0.0660 0.0716 0.0893 0.0953 0.1582 0.0948 0.1231 0.1803 0.1257 0.1628 0.1022 0.0935 0.0734 0.0649 0.0641 0.0727 0.0680 0.0632 0.0638 0.0667 0.0653 0.0640 0.0633 0.0665 0.0674 0.0750 0.0766 0.0710 0.0791 0.0794 0.1169 0.0862 0.0804 0.1244 0.1280 0.0826 0.0926 0.1326 0.0887 0.0728 0.0799
0.0635 0.0671 0.0806 0.1151 0.1949 0.1306 0.4060 1.0000 0.4170 0.2034 0.1015 0.0997 0.0758 0.0651 0.0626 0.0627 0.0626 0.0640 0.0665 0.0809 0.0870 0.1557 0.1040 0.1443 0.1672 0.1037 0.1100 0.0776 0.0749 0.0653 0.0627 0.0624 0.0657 0.0643 0.0623 0.0626 0.0642 0.0635 0.0626 0.0626 0.0637 0.0647 0.0685 0.0694 0.0659 0.0676 0.0668 0.0831 0.0687 0.0660 0.0856 0.0883 0.0675 0.0737 0.0980 0.0756 0.0664 0.0728
0.0696 0.0845 0.0995 0.1876 0.1754 0.1353 0.1374 0.4170 1.0000 0.4094 0.1269 0.0978 0.0738 0.0643 0.0622 0.0623 0.0622 0.0631 0.0633 0.0713 0.0701 0.1018 0.0809 0.1002 0.1016 0.0757 0.0811 0.0654 0.0659 0.0623 0.0620 0.0619 0.0627 0.0627 0.0620 0.0622 0.0627 0.0622 0.0622 0.0622 0.0624 0.0632 0.0651 0.0660 0.0639 0.0635 0.0626 0.0692 0.0635 0.0622 0.0708 0.0743 0.0632 0.0652 0.0805 0.0684 0.0630 0.0675
0.0716 0.0873 0.1013 0.1452 0.1928 0.1080 0.1204 0.2034 0.4094 1.0000 0.3916 0.1515 0.1024 0.0786 0.0662 0.0646 0.0637 0.0685 0.0696 0.0922 0.0875 0.1368 0.1118 0.1389 0.1137 0.0872 0.0960 0.0727 0.0720 0.0637 0.0622 0.0621 0.0636 0.0634 0.0622 0.0624 0.0628 0.0625 0.0624 0.0624 0.0635 0.0649 0.0683 0.0691 0.0649 0.0650 0.0632 0.0700 0.0633 0.0627 0.0725 0.0718 0.0631 0.0659 0.0784 0.0668 0.0631 0.0668
0.0971 0.1377 0.1409 0.1721 0.1320 0.0857 0.0821 0.1015 0.1269 0.3916 1.0000 0.3939 0.1319 0.0970 0.0759 0.0673 0.0649 0.0713 0.0671 0.0843 0.0723 0.0878 0.0825 0.0823 0.0743 0.0674 0.0732 0.0646 0.0665 0.0626 0.0622 0.0621 0.0626 0.0631 0.0621 0.0620 0.0623 0.0621 0.0620 0.0620 0.0621 0.0627 0.0638 0.0642 0.0630 0.0625 0.0620 0.0631 0.0620 0.0620 0.0633 0.0633 0.0619 0.0621 0.0653 0.0625 0.0618 0.0630
0.1011 0.1297 0.1756 0.1408 0.1696 0.0927 0.0931 0.0997 0.0978 0.1515 0.3939 1.0000 0.3932 0.1393 0.1019 0.0842 0.0772 0.0947 0.0848 0.1286 0.0944 0.1083 0.0979 0.0868 0.0815 0.0783 0.0962 0.0789 0.0839 0.0700 0.0654 0.0627 0.0652 0.0655 0.0622 0.0623 0.0623 0.0622 0.0623 0.0622 0.0626 0.0632 0.0655 0.0651 0.0631 0.0633 0.0625 0.0658 0.0624 0.0623 0.0653 0.0639 0.0620 0.0628 0.0654 0.0626 0.0619 0.0625
0.0950 0.1085 0.1402 0.0982 0.1150 0.0745 0.0733 0.0758 0.0738 0.1024 0.1319 0.3932 1.0000 0.3935 0.1452 0.1149 0.1022 0.1342 0.1011 0.1394 0.0967 0.0943 0.0841 0.0724 0.0693 0.0704 0.0855 0.0798 0.0914 0.0763 0.0717 0.0645 0.0691 0.0725 0.0637 0.0628 0.0633 0.0623 0.0623 0.0622 0.0633 0.0642 0.0678 0.0654 0.0633 0.0627 0.0624 0.0640 0.0623 0.0620 0.0632 0.0624 0.0620 0.0622 0.0627 0.0620 0.0618 0.0619
0.0983 0.1036 0.1195 0.0802 0.0852 0.0655 0.0648 0.0651 0.0643 0.0786 0.0970 0.1393 0.3935 1.0000 0.4009 0.1247 0.1031 0.1219 0.0879 0.1086 0.0783 0.0730 0.0706 0.0638 0.0631 0.0647 0.0705 0.0719 0.0825 0.0708 0.0715 0.0634 0.0646 0.0698 0.0628 0.0622 0.0623 0.0622 0.0622 0.0622 0.0626 0.0633 0.0652 0.0635 0.0626 0.0622 0.0621 0.0623 0.0622 0.0621 0.0622 0.0621 0.0620 0.0620 0.0621 0.0619 0.0618 0.0618
0.0847 0.0834 0.0982 0.0694 0.0740 0.0636 0.0630 0.0626 0.0622 0.0662 0.0759 0.1019 0.1452 0.4009 1.0000 0.3938 0.1533 0.1772 0.1017 0.1063 0.0754 0.0674 0.0655 0.0623 0.0624 0.0636 0.0693 0.0734 0.0910 0.0799 0.0838 0.0668 0.0682 0.0795 0.0655 0.0626 0.0625 0.0622 0.0624 0.0622 0.0628 0.0638 0.0660 0.0638 0.0625 0.0622 0.0621 0.0624 0.0622 0.0620 0.0622 0.0622 0.0620 0.0619 0.0620 0.0619 0.0618 0.0619
0.0783 0.0782 0.0945 0.0688 0.0725 0.0642 0.0632 0.0627 0.0623 0.0646 0.0673 0.0842 0.1149 0.1247 0.3938 1.0000 0.4078 0.1379 0.0985 0.0960 0.0729 0.0658 0.0641 0.0622 0.0624 0.0633 0.0684 0.0765 0.1013 0.0944 0.1066 0.0781 0.0816 0.1040 0.0767 0.0670 0.0654 0.0628 0.0633 0.0624 0.0640 0.0649 0.0673 0.0639 0.0628 0.0623 0.0623 0.0631 0.0622 0.0621 0.0624 0.0622 0.0620 0.0620 0.0622 0.0620 0.0619 0.0619
0.0693 0.0684 0.0796 0.0652 0.0718 0.0648 0.0634 0.0626 0.0622 0.0637 0.0649 0.0772 0.1022 0.1031 0.1533 0.4078 1.0000 0.4007 0.1354 0.1063 0.0807 0.0667 0.0637 0.0620 0.0622 0.0639 0.0722 0.0904 0.1266 0.1273 0.1474 0.0945 0.0966 0.1231 0.0838 0.0705 0.0672 0.0636 0.0654 0.0634 0.0670 0.0696 0.0738 0.0672 0.0644 0.0632 0.0629 0.0645 0.0626 0.0621 0.0626 0.0623 0.0621 0.0620 0.0622 0.0619 0.0620 0.0619
0.0697 0.0703 0.0856 0.0676 0.0796 0.0677 0.0660 0.0640 0.0631 0.0685 0.0713 0.0947 0.1342 0.1219 0.1772 0.1379 0.4007 1.0000 0.3988 0.1355 0.0961 0.0736 0.0654 0.0622 0.0634 0.0668 0.0797 0.1032 0.1296 0.1172 0.1157 0.0809 0.0852 0.0956 0.0706 0.0647 0.0639 0.0626 0.0644 0.0631 0.0672 0.0715 0.0789 0.0691 0.0646 0.0635 0.0626 0.0646 0.0623 0.0620 0.0628 0.0623 0.0620 0.0622 0.0622 0.0619 0.0618 0.0619
0.0658 0.0655 0.0771 0.0664 0.0847 0.0728 0.0716 0.0665 0.0633 0.0696 0.0671 0.0848 0.1011 0.0879 0.1017 0.0985 0.1354 0.3988 1.0000 0.3941 0.1452 0.0932 0.0760 0.0639 0.0683 0.0818 0.0970 0.1566 0.1601 0.1514 0.1289 0.0917 0.1004 0.1011 0.0725 0.0682 0.0677 0.0649 0.0709 0.0681 0.0801 0.0888 0.1069 0.0831 0.0716 0.0694 0.0657 0.0714 0.0634 0.0632 0.0668 0.0633 0.0620 0.0625 0.0627 0.0619 0.0619 0.0619
0.0737 0.0794 0.1073 0.0837 0.1245 0.0905 0.0893 0.0809 0.0713 0.0922 0.0843 0.1286 0.1394 0.1086 0.1063 0.0960 0.1063 0.1355 0.3941 1.0000 0.3907 0.1304 0.0977 0.0770 0.0823 0.0965 0.1141 0.1447 0.1526 0.1086 0.0883 0.0725 0.0826 0.0776 0.0639 0.0634 0.0632 0.0626 0.0648 0.0643 0.0719 0.0781 0.0937 0.0783 0.0683 0.0680 0.0642 0.0713 0.0633 0.0628 0.0679 0.0640 0.0620 0.0628 0.0634 0.0620 0.0619 0.0620
0.0681 0.0719 0.0862 0.0768 0.1159 0.0862 0.0953 0.0870 0.0701 0.0875 0.0723 0.0944 0.0967 0.0783 0.0754 0.0729 0.0807 0.0961 0.1452 0.3907 1.0000 0.3925 0.1377 0.1006 0.1124 0.1580 0.1448 0.1893 0.1211 0.0946 0.0737 0.0661 0.0742 0.0688 0.0622 0.0626 0.0632 0.0628 0.0660 0.0658 0.0763 0.0828 0.1078 0.0877 0.0730 0.0748 0.0672 0.0760 0.0650 0.0657 0.0784 0.0690 0.0632 0.0671 0.0702 0.0630 0.0622 0.0631
0.0699 0.0787 0.1039 0.1064 0.2235 0.1216 0.1582 0.1557 0.1018 0.1368 0.0878 0.1083 0.0943 0.0730 0.0674 0.0658 0.0667 0.0736 0.0932 0.1304 0.3925 1.0000 0.3912 0.1682 0.1859 0.1653 0.1845 0.1289 0.1059 0.0796 0.0656 0.0638 0.0712 0.0656 0.0622 0.0627 0.0626 0.0623 0.0636 0.0633 0.0693 0.0733 0.0905 0.0847 0.0716 0.0781 0.0706 0.0848 0.0679 0.0703 0.0959 0.0812 0.0660 0.0778 0.0869 0.0659 0.0630 0.0664
0.0724 0.0818 0.0913 0.0894 0.1190 0.0811 0.0948 0.1040 0.0809 0.1118 0.0825 0.0979 0.0841 0.0706 0.0655 0.0641 0.0637 0.0654 0.0760 0.0977 0.1377 0.3912 1.0000 0.4020 0.1298 0.1293 0.1011 0.0881 0.0728 0.0636 0.0620 0.0620 0.0626 0.0622 0.0620 0.0619 0.0620 0.0621 0.0624 0.0624 0.0644 0.0661 0.0749 0.0721 0.0658 0.0689 0.0641 0.0699 0.0639 0.0659 0.0833 0.0747 0.0653 0.0787 0.0886 0.0679 0.0655 0.0721
0.0656 0.0708 0.0801 0.0873 0.1340 0.0910 0.1231 0.1443 0.1002 0.1389 0.0823 0.0868 0.0724 0.0638 0.0623 0.0622 0.0620 0.0622 0.0639 0.0770 0.1006 0.1682 0.4020 1.0000 0.4055 0.1479 0.1065 0.0803 0.0678 0.0626 0.0620 0.0621 0.0624 0.0621 0.0619 0.0620 0.0621 0.0622 0.0621 0.0622 0.0630 0.0641 0.0710 0.0713 0.0659 0.0721 0.0680 0.0806 0.0701 0.0754 0.1108 0.0979 0.0784 0.1071 0.1361 0.0864 0.0770 0.0886
0.0632 0.0662 0.0756 0.0853 0.1567 0.1148 0.1803 0.1672 0.1016 0.1137 0.0743 0.0815 0.0693 0.0631 0.0624 0.0624 0.0622 0.0634 0.0683 0.0823 0.1124 0.1859 0.1298 0.4055 1.0000 0.4046 0.1695 0.0987 0.0792 0.0655 0.0627 0.0624 0.0643 0.0627 0.0619 0.0620 0.0622 0.0621 0.0626 0.0624 0.0651 0.0672 0.0785 0.0785 0.0703 0.0790 0.0729 0.0899 0.0723 0.0782 0.1198 0.0962 0.0757 0.1008 0.1175 0.0777 0.0713 0.0811
0.0631 0.0644 0.0678 0.0710 0.1073 0.0942 0.1257 0.1037 0.0757 0.0872 0.0674 0.0783 0.0704 0.0647 0.0636 0.0633 0.0639 0.0668 0.0818 0.0965 0.1580 0.1653 0.1293 0.1479 0.4046 1.0000 0.3945 0.1359 0.0926 0.0727 0.0631 0.0625 0.0668 0.0642 0.0620 0.0623 0.0627 0.0625 0.0636 0.0632 0.0679 0.0712 0.0869 0.0837 0.0729 0.0773 0.0694 0.0833 0.0663 0.0700 0.0994 0.0788 0.0663 0.0812 0.0895 0.0666 0.0646 0.0714
0.0628 0.0648 0.0733 0.0783 0.1287 0.1239 0.1628 0.1100 0.0811 0.0960 0.0732 0.0962 0.0855 0.0705 0.0693 0.0684 0.0722 0.0797 0.0970 0.1141 0.1448 0.1845 0.1011 0.1065 0.1695 0.3945 1.0000 0.3943 0.1409 0.1000 0.0760 0.0696 0.0891 0.0768 0.0636 0.0657 0.0664 0.0644 0.0683 0.0659 0.0773 0.0811 0.1027 0.1015 0.0853 0.0959 0.0923 0.1259 0.0824 0.0843 0.1308 0.0957 0.0724 0.0851 0.0929 0.0676 0.0639 0.0670
0.0627 0.0635 0.0683 0.0680 0.0918 0.0952 0.1022 0.0776 0.0654 0.0727 0.0646 0.0789 0.0798 0.0719 0.0734 0.0765 0.0904 0.1032 0.1566 0.1447 0.1893 0.1289 0.0881 0.0803 0.0987 0.1359 0.3943 1.0000 0.3947 0.1324 0.0959 0.0825 0.1005 0.0893 0.0672 0.0677 0.0679 0.0650 0.0708 0.0672 0.0811 0.0864 0.1133 0.0977 0.0817 0.0793 0.0770 0.0948 0.0678 0.0667 0.0865 0.0718 0.0626 0.0665 0.0699 0.0622 0.0620 0.0628
0.0628 0.0632 0.0690 0.0674 0.0862 0.0910 0.0935 0.0749 0.0659 0.0720 0.0665 0.0839 0.0914 0.0825 0.0910 0.1013 0.1266 0.1296 0.1601 0.1526 0.1211 0.1059 0.0728 0.0678 0.0792 0.0926 0.1409 0.3947 1.0000 0.3956 0.1349 0.1050 0.1380 0.1312 0.0838 0.0799 0.0772 0.0685 0.0749 0.0663 0.0765 0.0787 0.0909 0.0821 0.0746 0.0747 0.0798 0.1043 0.0714 0.0668 0.0819 0.0710 0.0628 0.0636 0.0650 0.0620 0.0619 0.0622
0.0624 0.0624 0.0648 0.0632 0.0699 0.0750 0.0734 0.0653 0.0623 0.0637 0.0626 0.0700 0.0763 0.0708 0.0799 0.0944 0.1273 0.1172 0.1514 0.1086 0.0946 0.0796 0.0636 0.0626 0.0655 0.0727 0.1000 0.1324 0.3956 1.0000 0.3984 0.1877 0.2112 0.1456 0.1031 0.1014 0.0897 0.0780 0.0927 0.0748 0.0912 0.0993 0.1088 0.0918 0.0827 0.0794 0.0918 0.1169 0.0770 0.0686 0.0800 0.0706 0.0628 0.0631 0.0634 0.0620 0.0619 0.0619
0.0626 0.0623 0.0636 0.0627 0.0646 0.0672 0.0649 0.0627 0.0620 0.0622 0.0622 0.0654 0.0717 0.0715 0.0838 0.1066 0.1474 0.1157 0.1289 0.0883 0.0737 0.0656 0.0620 0.0620 0.0627 0.0631 0.0760 0.0959 0.1349 0.3984 1.0000 0.4006 0.1420 0.1723 0.1345 0.1029 0.0835 0.0702 0.0808 0.0653 0.0716 0.0757 0.0760 0.0688 0.0670 0.0649 0.0729 0.0879 0.0676 0.0628 0.0666 0.0654 0.0620 0.0621 0.0623 0.0621 0.0618 0.0619
0.0623 0.0620 0.0624 0.0622 0.0631 0.0656 0.0641 0.0624 0.0619 0.0621 0.0621 0.0627 0.0645 0.0634 0.0668 0.0781 0.0945 0.0809 0.0917 0.0725 0.0661 0.0638 0.0620 0.0621 0.0624 0.0625 0.0696 0.0825 0.1050 0.1877 0.4006 1.0000 0.3961 0.1385 0.1556 0.1539 0.1098 0.0945 0.1198 0.0813 0.0921 0.0954 0.0851 0.0755 0.0765 0.0725 0.0904 0.1088 0.0787 0.0662 0.0727 0.0697 0.0626 0.0624 0.0627 0.0620 0.0618 0.0617
0.0621 0.0621 0.0632 0.0626 0.0676 0.0729 0.0727 0.0657 0.0627 0.0636 0.0626 0.0652 0.0691 0.0646 0.0682 0.0816 0.0966 0.0852 0.1004 0.0826 0.0742 0.0712 0.0626 0.0624 0.0643 0.0668 0.0891 0.1005 0.1380 0.2112 0.1420 0.3961 1.0000 0.3928 0.1419 0.1667 0.1364 0.1123 0.1403 0.0906 0.1022 0.1049 0.0918 0.0846 0.0903 0.0907 0.1259 0.1679 0.1050 0.0829 0.0952 0.0876 0.0677 0.0657 0.0668 0.0632 0.0620 0.0619
0.0622 0.0622 0.0633 0.0628 0.0653 0.0696 0.0680 0.0643 0.0627 0.0634 0.0631 0.0655 0.0725 0.0698 0.0795 0.1040 0.1231 0.0956 0.1011 0.0776 0.0688 0.0656 0.0622 0.0621 0.0627 0.0642 0.0768 0.0893 0.1312 0.1456 0.1723 0.1385 0.3928 1.0000 0.4010 0.1316 0.1153 0.0865 0.0924 0.0681 0.0712 0.0725 0.0690 0.0662 0.0673 0.0672 0.0849 0.1031 0.0822 0.0661 0.0714 0.0734 0.0636 0.0624 0.0629 0.0625 0.0619 0.0619
0.0622 0.0620 0.0622 0.0622 0.0623 0.0643 0.0632 0.0623 0.0620 0.0622 0.0621 0.0622 0.0637 0.0628 0.0655 0.0767 0.0838 0.0706 0.0725 0.0639 0.0622 0.0622 0.0620 0.0619 0.0619 0.0620 0.0636 0.0672 0.0838 0.1031 0.1345 0.1556 0.1419 0.4010 1.0000 0.4013 0.1282 0.0952 0.1001 0.0696 0.0701 0.0699 0.0653 0.0636 0.0653 0.0643 0.0800 0.0895 0.0801 0.0642 0.0659 0.0696 0.0630 0.0620 0.0622 0.0624 0.0619 0.0619
0.0620 0.0619 0.0622 0.0622 0.0626 0.0642 0.0638 0.0626 0.0622 0.0624 0.0620 0.0623 0.0628 0.0622 0.0626 0.0670 0.0705 0.0647 0.0682 0.0634 0.0626 0.0627 0.0619 0.0620 0.0620 0.0623 0.0657 0.0677 0.0799 0.1014 0.1029 0.1539 0.1667 0.1316 0.4013 1.0000 0.3898 0.1535 0.1771 0.0969 0.0936 0.0876 0.0720 0.0694 0.0781 0.0789 0.1156 0.1220 0.1121 0.0783 0.0789 0.0824 0.0688 0.0641 0.0642 0.0637 0.0620 0.0619
0.0620 0.0620 0.0621 0.0622 0.0636 0.0653 0.0667 0.0642 0.0627 0.0628 0.0623 0.0623 0.0633 0.0623 0.0625 0.0654 0.0672 0.0639 0.0677 0.0632 0.0632 0.0626 0.0620 0.0621 0.0622 0.0627 0.0664 0.0679 0.0772 0.0897 0.0835 0.1098 0.1364 0.1153 0.1282 0.3898 1.0000 0.4013 0.1346 0.0938 0.0846 0.0762 0.0664 0.0655 0.0746 0.0800 0.1251 0.1332 0.1347 0.0904 0.0879 0.0912 0.0751 0.0672 0.0663 0.0654 0.0628 0.0621
0.0621 0.0620 0.0621 0.0621 0.0630 0.0642 0.0653 0.0635 0.0622 0.0625 0.0621 0.0622 0.0623 0.0622 0.0622 0.0628 0.0636 0.0626 0.0649 0.0626 0.0628 0.0623 0.0621 0.0622 0.0621 0.0625 0.0644 0.0650 0.0685 0.0780 0.0702 0.0945 0.1123 0.0865 0.0952 0.1535 0.4013 1.0000 0.3963 0.1289 0.1039 0.0923 0.0715 0.0718 0.0882 0.0941 0.1556 0.1260 0.1401 0.1007 0.0889 0.0880 0.0779 0.0689 0.0659 0.0648 0.0630 0.0620
0.0619 0.0619 0.0621 0.0621 0.0626 0.0637 0.0640 0.0626 0.0622 0.0624 0.0620 0.0623 0.0623 0.0622 0.0624 0.0633 0.0654 0.0644 0.0709 0.0648 0.0660 0.0636 0.0624 0.0621 0.0626 0.0636 0.0683 0.0708 0.0749 0.0927 0.0808 0.1198 0.1403 0.0924 0.1001 0.1771 0.1346 0.3963 1.0000 0.3949 0.1524 0.1231 0.0870 0.0873 0.1127 0.1086 0.1506 0.1142 0.1049 0.0987 0.0885 0.0756 0.0697 0.0668 0.0639 0.0626 0.0621 0.0619
0.0620 0.0619 0.0620 0.0622 0.0623 0.0633 0.0633 0.0626 0.0622 0.0624 0.0620 0.0622 0.0622 0.0622 0.0622 0.0624 0.0634 0.0631 0.0681 0.0643 0.0658 0.0633 0.0624 0.0622 0.0624 0.0632 0.0659 0.0672 0.0663 0.0748 0.0653 0.0813 0.0906 0.0681 0.0696 0.0969 0.0938 0.1289 0.3949 1.0000 0.4118 0.1355 0.0952 0.0960 0.1214 0.1111 0.1312 0.0929 0.0898 0.1055 0.0850 0.0703 0.0706 0.0704 0.0636 0.0624 0.0626 0.0621
0.0620 0.0619 0.0622 0.0622 0.0635 0.0658 0.0665 0.0637 0.0624 0.0635 0.0621 0.0626 0.0633 0.0626 0.0628 0.0640 0.0670 0.0672 0.0801 0.0719 0.0763 0.0693 0.0644 0.0630 0.0651 0.0679 0.0773 0.0811 0.0765 0.0912 0.0716 0.0921 0.1022 0.0712 0.0701 0.0936 0.0846 0.1039 0.1524 0.4118 1.0000 0.4214 0.1323 0.1318 0.1654 0.1404 0.1396 0.0969 0.0873 0.1088 0.0974 0.0716 0.0702 0.0749 0.0649 0.0624 0.0627 0.0624
0.0622 0.0620 0.0623 0.0623 0.0637 0.0669 0.0674 0.0647 0.0632 0.0649 0.0627 0.0632 0.0642 0.0633 0.0638 0.0649 0.0696 0.0715 0.0888 0.0781 0.0828 0.0733 0.0661 0.0641 0.0672 0.0712 0.0811 0.0864 0.0787 0.0993 0.0757 0.0954 0.1049 0.0725 0.0699 0.0876 0.0762 0.0923 0.1231 0.1355 0.4214 1.0000 0.4122 0.1678 0.1662 0.1227 0.1119 0.0860 0.0740 0.0892 0.0877 0.0671 0.0656 0.0705 0.0640 0.0622 0.0622 0.0623
0.0623 0.0623 0.0631 0.0636 0.0692 0.0743 0.0750 0.0685 0.0651 0.0683 0.0638 0.0655 0.0678 0.0652 0.0660 0.0673 0.0738 0.0789 0.1069 0.0937 0.1078 0.0905 0.0749 0.0710 0.0785 0.0869 0.1027 0.1133 0.0909 0.1088 0.0760 0.0851 0.0918 0.0690 0.0653 0.0720 0.0664 0.0715 0.0870 0.0952 0.1323 0.4122 1.0000 0.4037 0.1357 0.1057 0.0898 0.0758 0.0674 0.0808 0.0854 0.0657 0.0645 0.0709 0.0646 0.0624 0.0622 0.0626
0.0622 0.0621 0.0627 0.0636 0.0686 0.0753 0.0766 0.0694 0.0660 0.0691 0.0642 0.0651 0.0654 0.0635 0.0638 0.0639 0.0672 0.0691 0.0831 0.0783 0.0877 0.0847 0.0721 0.0713 0.0785 0.0837 0.1015 0.0977 0.0821 0.0918 0.0688 0.0755 0.0846 0.0662 0.0636 0.0694 0.0655 0.0718 0.0873 0.0960 0.1318 0.1678 0.4037 1.0000 0.4076 0.1434 0.1016 0.0816 0.0718 0.0948 0.0961 0.0676 0.0670 0.0788 0.0661 0.0624 0.0626 0.0630
0.0622 0.0620 0.0622 0.0624 0.0642 0.0693 0.0710 0.0659 0.0639 0.0649 0.0630 0.0631 0.0633 0.0626 0.0625 0.0628 0.0644 0.0646 0.0716 0.0683 0.0730 0.0716 0.0658 0.0659 0.0703 0.0729 0.0853 0.0817 0.0746 0.0827 0.0670 0.0765 0.0903 0.0673 0.0653 0.0781 0.0746 0.0882 0.1127 0.1214 0.1654 0.1662 0.1357 0.4076 1.0000 0.3975 0.1283 0.0929 0.0829 0.1119 0.1055 0.0707 0.0708 0.0829 0.0660 0.0620 0.0628 0.0631
0.0620 0.0620 0.0624 0.0626 0.0663 0.0746 0.0791 0.0676 0.0635 0.0650 0.0625 0.0633 0.0627 0.0622 0.0622 0.0623 0.0632 0.0635 0.0694 0.0680 0.0748 0.0781 0.0689 0.0721 0.0790 0.0773 0.0959 0.0793 0.0747 0.0794 0.0649 0.0725 0.0907 0.0672 0.0643 0.0789 0.0800 0.0941 0.1086 0.1111 0.1404 0.1227 0.1057 0.1434 0.3975 1.0000 0.3920 0.1240 0.1146 0.2172 0.1949 0.1033 0.1057 0.1330 0.0935 0.0748 0.0758 0.0720
0.0620 0.0620 0.0622 0.0622 0.0653 0.0736 0.0794 0.0668 0.0626 0.0632 0.0620 0.0625 0.0624 0.0621 0.0621 0.0623 0.0629 0.0626 0.0657 0.0642 0.0672 0.0706 0.0641 0.0680 0.0729 0.0694 0.0923 0.0770 0.0798 0.0918 0.0729 0.0904 0.1259 0.0849 0.0800 0.1156 0.1251 0.1556 0.1506 0.1312 0.1396 0.1119 0.0898 0.1016 0.1283 0.3920 1.0000 0.3954 0.1988 0.2186 0.1537 0.1121 0.1049 0.0963 0.0794 0.0690 0.0649 0.0627
0.0623 0.0623 0.0633 0.0658 0.0794 0.0983 0.1169 0.0831 0.0692 0.0700 0.0631 0.0658 0.0640 0.0623 0.0624 0.0631 0.0645 0.0646 0.0714 0.0713 0.0760 0.0848 0.0699 0.0806 0.0899 0.0833 0.1259 0.0948 0.1043 0.1169 0.0879 0.1088 0.1679 0.1031 0.0895 0.1220 0.1332 0.1260 0.1142 0.0929 0.0969 0.0860 0.0758 0.0816 0.0929 0.1240 0.3954 1.0000 0.3963 0.1403 0.1820 0.1606 0.1032 0.0935 0.0926 0.0780 0.0654 0.0627
0.0621 0.0622 0.0623 0.0629 0.0664 0.0799 0.0862 0.0687 0.0635 0.0633 0.0620 0.0624 0.0623 0.0622 0.0622 0.0622 0.0626 0.0623 0.0634 0.0633 0.0650 0.0679 0.0639 0.0701 0.0723 0.0663 0.0824 0.0678 0.0714 0.0770 0.0676 0.0787 0.1050 0.0822 0.0801 0.1121 0.1347 0.1401 0.1049 0.0898 0.0873 0.0740 0.0674 0.0718 0.0829 0.1146 0.1988 0.3963 1.0000 0.3970 0.1423 0.1795 0.1545 0.1030 0.0917 0.0917 0.0773 0.0655
0.0619 0.0620 0.0620 0.0622 0.0636 0.0727 0.0804 0.0660 0.0622 0.0627 0.0620 0.0623 0.0620 0.0621 0.0620 0.0621 0.0621 0.0620 0.0632 0.0628 0.0657 0.0703 0.0659 0.0754 0.0782 0.0700 0.0843 0.0667 0.0668 0.0686 0.0628 0.0662 0.0829 0.0661 0.0642 0.0783 0.0904 0.1007 0.0987 0.1055 0.1088 0.0892 0.0808 0.0948 0.1119 0.2172 0.2186 0.1403 0.3970 1.0000 0.3976 0.1397 0.1807 0.1578 0.1023 0.0919 0.0900 0.0769
0.0621 0.0621 0.0628 0.0649 0.0786 0.0983 0.1244 0.0856 0.0708 0.0725 0.0633 0.0653 0.0632 0.0622 0.0622 0.0624 0.0626 0.0628 0.0668 0.0679 0.0784 0.0959 0.0833 0.1108 0.1198 0.0994 0.1308 0.0865 0.0819 0.0800 0.0666 0.0727 0.0952 0.0714 0.0659 0.0789 0.0879 0.0889 0.0885 0.0850 0.0974 0.0877 0.0854 0.0961 0.1055 0.1949 0.1537 0.1820 0.1423 0.3976 1.0000 0.4013 0.1416 0.1801 0.1558 0.1029 0.0900 0.0876
0.0623 0.0623 0.0627 0.0654 0.0772 0.1029 0.1280 0.0883 0.0743 0.0718 0.0633 0.0639 0.0624 0.0621 0.0622 0.0622 0.0623 0.0623 0.0633 0.0640 0.0690 0.0812 0.0747 0.0979 0.0962 0.0788 0.0957 0.0718 0.0710 0.0706 0.0654 0.0697 0.0876 0.0734 0.0696 0.0824 0.0912 0.0880 0.0756 0.0703 0.0716 0.0671 0.0657 0.0676 0.0707 0.1033 0.1121 0.1606 0.1795 0.1397 0.4013 1.0000 0.3968 0.1411 0.1781 0.1533 0.1001 0.0881
0.0619 0.0619 0.0620 0.0621 0.0633 0.0732 0.0826 0.0675 0.0632 0.0631 0.0619 0.0620 0.0620 0.0620 0.0620 0.0620 0.0621 0.0620 0.0620 0.0620 0.0632 0.0660 0.0653 0.0784 0.0757 0.0663 0.0724 0.0626 0.0628 0.0628 0.0620 0.0626 0.0677 0.0636 0.0630 0.0688 0.0751 0.0779 0.0697 0.0706 0.0702 0.0656 0.0645 0.0670 0.0708 0.1057 0.1049 0.1032 0.1545 0.1807 0.1416 0.3968 1.0000 0.3965 0.1389 0.1731 0.1543 0.1012
0.0619 0.0620 0.0621 0.0627 0.0666 0.0782 0.0926 0.0737 0.0652 0.0659 0.0621 0.0628 0.0622 0.0620 0.0619 0.0620 0.0620 0.0622 0.0625 0.0628 0.0671 0.0778 0.0787 0.1071 0.1008 0.0812 0.0851 0.0665 0.0636 0.0631 0.0621 0.0624 0.0657 0.0624 0.0620 0.0641 0.0672 0.0689 0.0668 0.0704 0.0749 0.0705 0.0709 0.0788 0.0829 0.1330 0.0963 0.0935 0.1030 0.1578 0.1801 0.1411 0.3965 1.0000 0.4018 0.1413 0.1706 0.1483
0.0622 0.0624 0.0631 0.0661 0.0789 0.1009 0.1326 0.0980 0.0805 0.0784 0.0653 0.0654 0.0627 0.0621 0.0620 0.0622 0.0622 0.0622 0.0627 0.0634 0.0702 0.0869 0.0886 0.1361 0.1175 0.0895 0.0929 0.0699 0.0650 0.0634 0.0623 0.0627 0.0668 0.0629 0.0622 0.0642 0.0663 0.0659 0.0639 0.0636 0.0649 0.0640 0.0646 0.0661 0.0660 0.0935 0.0794 0.0926 0.0917 0.1023 0.1558 0.1781 0.1389 0.4018 1.0000 0.4005 0.1397 0.1536
0.0620 0.0620 0.0621 0.0628 0.0653 0.0773 0.0887 0.0756 0.0684 0.0668 0.0625 0.0626 0.0620 0.0619 0.0619 0.0620 0.0619 0.0619 0.0619 0.0620 0.0630 0.0659 0.0679 0.0864 0.0777 0.0666 0.0676 0.0622 0.0620 0.0620 0.0621 0.0620 0.0632 0.0625 0.0624 0.0637 0.0654 0.0648 0.0626 0.0624 0.0624 0.0622 0.0624 0.0624 0.0620 0.0748 0.0690 0.0780 0.0917 0.0919 0.1029 0.1533 0.1731 0.1413 0.4005 1.0000 0.4042 0.1346
0.0619 0.0618 0.0620 0.0622 0.0624 0.0671 0.0728 0.0664 0.0630 0.0631 0.0618 0.0619 0.0618 0.0618 0.0618 0.0619 0.0620 0.0618 0.0619 0.0619 0.0622 0.0630 0.0655 0.0770 0.0713 0.0646 0.0639 0.0620 0.0619 0.0619 0.0618 0.0618 0.0620 0.0619 0.0619 0.0620 0.0628 0.0630 0.0621 0.0626 0.0627 0.0622 0.0622 0.0626 0.0628 0.0758 0.0649 0.0654 0.0773 0.0900 0.0900 0.1001 0.1543 0.1706 0.1397 0.4042 1.0000 0.3935
0.0623 0.0619 0.0620 0.0630 0.0649 0.0708 0.0799 0.0728 0.0675 0.0668 0.0630 0.0625 0.0619 0.0618 0.0619 0.0619 0.0619 0.0619 0.0619 0.0620 0.0631 0.0664 0.0721 0.0886 0.0811 0.0714 0.0670 0.0628 0.0622 0.0619 0.0619 0.0617 0.0619 0.0619 0.0619 0.0619 0.0621 0.0620 0.0619 0.0621 0.0624 0.0623 0.0626 0.0630 0.0631 0.0720 0.0627 0.0627 0.0655 0.0769 0.0876 0.0881 0.1012 0.1483 0.1536 0.1346 0.3935 1.0000
