1.0000 0.4112 0.1423 0.1168 0.1005 0.0872 0.0805 0.0731 0.0715 0.0664 0.0648 0.0637 0.0630 0.0628 0.0626 0.0626 0.0626 0.0626 0.0626 0.0626 0.0627 0.0627 0.0626 0.0626 0.0627 0.0627 0.0630 0.0630 0.0645 0.0639 0.0676 0.0663 0.0680 0.0666 0.0662 0.0652 0.0644 0.0639 0.0635 0.0633 0.0629 0.0628 0.0627 0.0627 0.0627 0.0627 0.0627 0.0627 0.0628 0.0631 0.0633 0.0634 0.0633 0.0632 0.0632 0.0632 0.0631 0.0632 0.0631 0.0631 0.0633 0.0636 0.0637 0.0639 0.0642 0.0642 0.0642 0.0640 0.0647 0.0643 0.0653 0.0642 0.0658 0.0642 0.0650 0.0644 0.0649 0.0651 0.0646 0.0643 0.0637 0.0635 0.0631 0.0631 0.0631 0.0631 0.0630 0.0630 0.0627 0.0629 0.0629 0.0627 0.0627 0.0627 0.0627 0.0626 0.0626 0.0626 0.0626 0.0627 0.0626 0.0626 0.0626 0.0626 0.0626 0.0626 0.0626 0.0627 0.0628 0.0632 0.0641 0.0659 0.0687 0.0714 0.0710 0.0718 0.0715 0.0695 0.0679 0.0667 0.0658 0.0646 0.0638 0.0633 0.0630 0.0627 0.0628 0.0628 0.0630 0.0628 0.0631 0.0632 0.0635 0.0639 0.0645 0.0656 0.0668 0.0683 0.0715 0.0685 0.0676 0.0662 0.0648 0.0658 0.0645 0.0640 0.0641 0.0634 0.0636 0.0631 0.0634 0.0631 0.0632 0.0633 0.0632 0.0632 0.0634 0.0635 0.0635 0.0637 0.0636 0.0637 0.0639 0.0639 0.0638 0.0638 0.0641 0.0636 0.0636 0.0636 0.0635 0.0634 0.0633 0.0633 0.0630 0.0630 0.0629 0.0630 0.0632 0.0632 0.0629 0.0632 0.0630 0.0633 0.0631 0.0629 0.0630 0.0631 0.0630 0.0630 0.0630 0.0631 0.0632 0.0632 0.0633 0.0634 0.0635 0.0639 0.0635 0.0636 0.0653 0.0649 0.0640 0.0653 0.0666 0.0655 0.0652 0.0659 0.0654 0.0668 0.0667 0.0650 0.0659 0.0660 0.0642 0.0641 0.0641 0.0640 0.0636 0.0637 0.0633 0.0635 0.0632 0.0632 0.0632 0.0633 0.0633 0.0634 0.0639
0.4112 1.0000 0.4168 0.1475 0.1248 0.1037 0.0891 0.0768 0.0742 0.0673 0.0649 0.0637 0.0628 0.0628 0.0626 0.0626 0.0626 0.0627 0.0627 0.0627 0.0627 0.0627 0.0627 0.0627 0.0628 0.0627 0.0630 0.0631 0.0650 0.0641 0.0686 0.0670 0.0690 0.0672 0.0667 0.0653 0.0644 0.0640 0.0634 0.0633 0.0630 0.0629 0.0627 0.0627 0.0627 0.0628 0.0628 0.0628 0.0629 0.0632 0.0633 0.0634 0.0633 0.0633 0.0633 0.0632 0.0632 0.0632 0.0632 0.0632 0.0634 0.0637 0.0638 0.0639 0.0642 0.0641 0.0642 0.0640 0.0647 0.0641 0.0654 0.0641 0.0659 0.0642 0.0654 0.0647 0.0653 0.0656 0.0651 0.0645 0.0639 0.0636 0.0632 0.0631 0.0631 0.0630 0.0630 0.0630 0.0628 0.0628 0.0630 0.0627 0.0627 0.0627 0.0627 0.0626 0.0627 0.0627 0.0627 0.0627 0.0627 0.0627 0.0626 0.0626 0.0626 0.0626 0.0627 0.0626 0.0629 0.0632 0.0644 0.0666 0.0703 0.0741 0.0730 0.0741 0.0732 0.0707 0.0687 0.0673 0.0662 0.0648 0.0637 0.0632 0.0630 0.0628 0.0627 0.0627 0.0629 0.0629 0.0631 0.0631 0.0635 0.0639 0.0645 0.0659 0.0671 0.0692 0.0737 0.0696 0.0683 0.0669 0.0650 0.0661 0.0645 0.0641 0.0640 0.0634 0.0636 0.0631 0.0634 0.0630 0.0632 0.0632 0.0633 0.0634 0.0636 0.0639 0.0639 0.0640 0.0640 0.0641 0.0642 0.0641 0.0641 0.0641 0.0643 0.0640 0.0639 0.0639 0.0637 0.0635 0.0634 0.0633 0.0630 0.0631 0.0630 0.0630 0.0631 0.0631 0.0630 0.0632 0.0631 0.0633 0.0632 0.0630 0.0631 0.0633 0.0631 0.0631 0.0632 0.0632 0.0632 0.0633 0.0634 0.0634 0.0636 0.0639 0.0636 0.0638 0.0654 0.0650 0.0641 0.0656 0.0668 0.0658 0.0655 0.0663 0.0659 0.0676 0.0675 0.0653 0.0666 0.0667 0.0644 0.0641 0.0640 0.0639 0.0635 0.0637 0.0635 0.0636 0.0634 0.0633 0.0633 0.0634 0.0633 0.0633 0.0636
0.1423 0.4168 1.0000 0.4032 0.1400 0.1223 0.1057 0.0843 0.0800 0.0695 0.0664 0.0641 0.0630 0.0628 0.0627 0.0627 0.0627 0.0627 0.0627 0.0627 0.0628 0.0627 0.0627 0.0628 0.0628 0.0628 0.0632 0.0632 0.0657 0.0649 0.0715 0.0698 0.0719 0.0692 0.0679 0.0659 0.0650 0.0642 0.0636 0.0633 0.0630 0.0630 0.0628 0.0628 0.0628 0.0628 0.0629 0.0629 0.0630 0.0632 0.0634 0.0633 0.0633 0.0632 0.0633 0.0632 0.0632 0.0633 0.0632 0.0632 0.0635 0.0637 0.0639 0.0640 0.0644 0.0642 0.0644 0.0642 0.0651 0.0645 0.0661 0.0647 0.0670 0.0649 0.0661 0.0654 0.0661 0.0664 0.0657 0.0649 0.0641 0.0637 0.0633 0.0632 0.0632 0.0631 0.0629 0.0630 0.0628 0.0628 0.0629 0.0627 0.0628 0.0628 0.0627 0.0627 0.0627 0.0627 0.0627 0.0627 0.0627 0.0627 0.0627 0.0627 0.0627 0.0626 0.0626 0.0627 0.0630 0.0636 0.0650 0.0686 0.0737 0.0784 0.0767 0.0768 0.0754 0.0720 0.0697 0.0683 0.0672 0.0653 0.0641 0.0633 0.0630 0.0628 0.0627 0.0628 0.0629 0.0629 0.0631 0.0632 0.0636 0.0642 0.0649 0.0667 0.0685 0.0707 0.0759 0.0709 0.0696 0.0679 0.0658 0.0673 0.0651 0.0646 0.0642 0.0636 0.0637 0.0632 0.0635 0.0631 0.0633 0.0634 0.0634 0.0636 0.0639 0.0641 0.0642 0.0642 0.0642 0.0643 0.0644 0.0644 0.0644 0.0644 0.0646 0.0642 0.0642 0.0642 0.0639 0.0637 0.0635 0.0634 0.0631 0.0631 0.0630 0.0631 0.0632 0.0632 0.0630 0.0632 0.0631 0.0633 0.0632 0.0631 0.0631 0.0632 0.0631 0.0632 0.0633 0.0632 0.0633 0.0633 0.0634 0.0634 0.0637 0.0640 0.0638 0.0641 0.0658 0.0654 0.0647 0.0663 0.0673 0.0664 0.0661 0.0670 0.0667 0.0686 0.0684 0.0662 0.0675 0.0674 0.0649 0.0644 0.0641 0.0639 0.0637 0.0639 0.0636 0.0637 0.0636 0.0635 0.0635 0.0635 0.0635 0.0635 0.0638
0.1168 0.1475 0.4032 1.0000 0.4065 0.1441 0.1277 0.0962 0.0875 0.0716 0.0679 0.0642 0.0630 0.0627 0.0626 0.0626 0.0626 0.0626 0.0627 0.0627 0.0627 0.0627 0.0627 0.0627 0.0627 0.0627 0.0632 0.0631 0.0659 0.0652 0.0734 0.0717 0.0738 0.0706 0.0687 0.0663 0.0653 0.0641 0.0635 0.0632 0.0629 0.0628 0.0627 0.0627 0.0627 0.0627 0.0627 0.0628 0.0630 0.0632 0.0633 0.0633 0.0633 0.0632 0.0632 0.0632 0.0632 0.0633 0.0631 0.0632 0.0633 0.0635 0.0636 0.0637 0.0642 0.0641 0.0641 0.0643 0.0652 0.0648 0.0663 0.0648 0.0672 0.0651 0.0662 0.0655 0.0658 0.0660 0.0652 0.0646 0.0639 0.0636 0.0632 0.0631 0.0632 0.0630 0.0628 0.0628 0.0627 0.0628 0.0628 0.0627 0.0627 0.0627 0.0627 0.0627 0.0627 0.0627 0.0627 0.0627 0.0627 0.0627 0.0627 0.0627 0.0627 0.0626 0.0626 0.0626 0.0628 0.0638 0.0652 0.0698 0.0760 0.0818 0.0791 0.0785 0.0765 0.0719 0.0694 0.0680 0.0670 0.0652 0.0642 0.0632 0.0631 0.0627 0.0628 0.0627 0.0628 0.0628 0.0630 0.0631 0.0635 0.0643 0.0646 0.0668 0.0693 0.0716 0.0774 0.0716 0.0701 0.0680 0.0658 0.0674 0.0650 0.0649 0.0643 0.0637 0.0638 0.0633 0.0637 0.0632 0.0634 0.0635 0.0635 0.0636 0.0639 0.0642 0.0642 0.0643 0.0643 0.0643 0.0645 0.0644 0.0644 0.0644 0.0648 0.0643 0.0643 0.0642 0.0640 0.0637 0.0635 0.0634 0.0631 0.0630 0.0629 0.0629 0.0630 0.0631 0.0629 0.0631 0.0631 0.0633 0.0631 0.0630 0.0631 0.0631 0.0631 0.0631 0.0632 0.0631 0.0633 0.0633 0.0633 0.0633 0.0635 0.0638 0.0636 0.0640 0.0654 0.0650 0.0645 0.0661 0.0667 0.0661 0.0661 0.0667 0.0668 0.0685 0.0685 0.0664 0.0677 0.0674 0.0649 0.0642 0.0639 0.0637 0.0635 0.0636 0.0634 0.0635 0.0635 0.0634 0.0634 0.0635 0.0634 0.0636 0.0637
0.1005 0.1248 0.1400 0.4065 1.0000 0.4243 0.1439 0.1045 0.0926 0.0720 0.0670 0.0638 0.0627 0.0627 0.0626 0.0626 0.0626 0.0626 0.0627 0.0626 0.0627 0.0627 0.0627 0.0627 0.0627 0.0627 0.0631 0.0629 0.0658 0.0647 0.0742 0.0720 0.0743 0.0706 0.0689 0.0662 0.0649 0.0638 0.0633 0.0631 0.0628 0.0627 0.0627 0.0627 0.0627 0.0627 0.0627 0.0627 0.0628 0.0630 0.0632 0.0632 0.0631 0.0631 0.0631 0.0631 0.0631 0.0631 0.0630 0.0630 0.0631 0.0633 0.0635 0.0636 0.0640 0.0639 0.0639 0.0638 0.0645 0.0642 0.0657 0.0642 0.0664 0.0645 0.0659 0.0651 0.0654 0.0655 0.0650 0.0644 0.0637 0.0635 0.0631 0.0630 0.0631 0.0630 0.0628 0.0628 0.0627 0.0628 0.0628 0.0626 0.0627 0.0627 0.0627 0.0626 0.0627 0.0627 0.0626 0.0627 0.0627 0.0627 0.0627 0.0627 0.0626 0.0625 0.0626 0.0626 0.0627 0.0633 0.0645 0.0695 0.0764 0.0840 0.0799 0.0796 0.0760 0.0715 0.0689 0.0674 0.0664 0.0646 0.0637 0.0630 0.0629 0.0627 0.0627 0.0627 0.0628 0.0628 0.0629 0.0630 0.0632 0.0636 0.0641 0.0661 0.0687 0.0720 0.0792 0.0723 0.0696 0.0676 0.0652 0.0666 0.0644 0.0642 0.0640 0.0635 0.0637 0.0632 0.0637 0.0631 0.0633 0.0635 0.0635 0.0636 0.0639 0.0641 0.0641 0.0642 0.0643 0.0644 0.0646 0.0646 0.0645 0.0646 0.0649 0.0644 0.0642 0.0641 0.0638 0.0636 0.0633 0.0632 0.0630 0.0630 0.0628 0.0628 0.0630 0.0630 0.0628 0.0630 0.0629 0.0632 0.0630 0.0629 0.0630 0.0630 0.0629 0.0630 0.0631 0.0631 0.0631 0.0631 0.0631 0.0631 0.0632 0.0634 0.0633 0.0634 0.0644 0.0642 0.0639 0.0650 0.0655 0.0653 0.0654 0.0661 0.0661 0.0679 0.0683 0.0660 0.0674 0.0675 0.0648 0.0641 0.0637 0.0636 0.0635 0.0636 0.0632 0.0634 0.0632 0.0632 0.0633 0.0634 0.0634 0.0636 0.0636
0.0872 0.1037 0.1223 0.1441 0.4243 1.0000 0.4224 0.1345 0.1106 0.0811 0.0714 0.0644 0.0629 0.0627 0.0626 0.0626 0.0627 0.0627 0.0627 0.0627 0.0627 0.0627 0.0627 0.0627 0.0627 0.0627 0.0631 0.0630 0.0669 0.0667 0.0833 0.0808 0.0828 0.0759 0.0721 0.0680 0.0664 0.0641 0.0635 0.0632 0.0628 0.0627 0.0627 0.0627 0.0627 0.0627 0.0627 0.0627 0.0628 0.0631 0.0632 0.0631 0.0631 0.0631 0.0631 0.0631 0.0631 0.0632 0.0631 0.0631 0.0631 0.0633 0.0635 0.0635 0.0642 0.0642 0.0642 0.0644 0.0650 0.0653 0.0667 0.0653 0.0679 0.0658 0.0670 0.0658 0.0659 0.0659 0.0654 0.0648 0.0640 0.0636 0.0632 0.0632 0.0633 0.0632 0.0629 0.0630 0.0628 0.0628 0.0628 0.0627 0.0627 0.0627 0.0627 0.0627 0.0627 0.0627 0.0627 0.0627 0.0627 0.0627 0.0627 0.0627 0.0626 0.0625 0.0627 0.0626 0.0627 0.0637 0.0653 0.0741 0.0841 0.0940 0.0880 0.0852 0.0796 0.0732 0.0706 0.0690 0.0683 0.0654 0.0644 0.0631 0.0630 0.0627 0.0627 0.0627 0.0628 0.0628 0.0629 0.0630 0.0633 0.0643 0.0646 0.0677 0.0716 0.0749 0.0825 0.0738 0.0711 0.0685 0.0659 0.0677 0.0650 0.0651 0.0643 0.0640 0.0639 0.0636 0.0641 0.0635 0.0636 0.0641 0.0640 0.0640 0.0642 0.0644 0.0643 0.0645 0.0646 0.0648 0.0650 0.0650 0.0650 0.0650 0.0653 0.0648 0.0648 0.0645 0.0641 0.0636 0.0635 0.0633 0.0630 0.0630 0.0628 0.0628 0.0629 0.0629 0.0628 0.0630 0.0630 0.0632 0.0630 0.0629 0.0630 0.0631 0.0630 0.0630 0.0630 0.0630 0.0631 0.0631 0.0631 0.0631 0.0632 0.0633 0.0633 0.0634 0.0642 0.0642 0.0642 0.0652 0.0654 0.0660 0.0662 0.0664 0.0669 0.0684 0.0689 0.0670 0.0681 0.0685 0.0655 0.0644 0.0640 0.0637 0.0636 0.0637 0.0633 0.0635 0.0632 0.0633 0.0633 0.0635 0.0635 0.0636 0.0638
0.0805 0.0891 0.1057 0.1277 0.1439 0.4224 1.0000 0.4056 0.1497 0.0991 0.0829 0.0661 0.0632 0.0627 0.0626 0.0626 0.0626 0.0627 0.0627 0.0627 0.0627 0.0626 0.0626 0.0627 0.0627 0.0627 0.0631 0.0633 0.0703 0.0720 0.0975 0.0953 0.0932 0.0839 0.0753 0.0709 0.0695 0.0644 0.0636 0.0630 0.0628 0.0627 0.0626 0.0627 0.0627 0.0627 0.0627 0.0627 0.0628 0.0630 0.0631 0.0631 0.0630 0.0630 0.0631 0.0630 0.0630 0.0632 0.0631 0.0632 0.0631 0.0633 0.0635 0.0634 0.0642 0.0645 0.0646 0.0662 0.0662 0.0681 0.0686 0.0677 0.0698 0.0676 0.0678 0.0664 0.0661 0.0660 0.0653 0.0646 0.0639 0.0636 0.0632 0.0632 0.0639 0.0633 0.0630 0.0633 0.0630 0.0627 0.0627 0.0627 0.0627 0.0626 0.0627 0.0627 0.0626 0.0627 0.0627 0.0627 0.0627 0.0627 0.0626 0.0626 0.0626 0.0626 0.0626 0.0626 0.0628 0.0657 0.0682 0.0850 0.0991 0.1090 0.0986 0.0891 0.0809 0.0737 0.0719 0.0707 0.0706 0.0668 0.0659 0.0632 0.0633 0.0627 0.0628 0.0627 0.0628 0.0628 0.0630 0.0632 0.0633 0.0652 0.0650 0.0684 0.0735 0.0749 0.0817 0.0725 0.0709 0.0679 0.0665 0.0678 0.0654 0.0666 0.0647 0.0652 0.0644 0.0648 0.0652 0.0653 0.0647 0.0655 0.0650 0.0647 0.0648 0.0647 0.0645 0.0646 0.0648 0.0648 0.0652 0.0652 0.0650 0.0650 0.0653 0.0648 0.0650 0.0647 0.0642 0.0636 0.0634 0.0633 0.0630 0.0630 0.0628 0.0628 0.0628 0.0629 0.0627 0.0630 0.0630 0.0632 0.0630 0.0630 0.0631 0.0631 0.0630 0.0630 0.0630 0.0630 0.0630 0.0631 0.0631 0.0631 0.0632 0.0633 0.0634 0.0636 0.0642 0.0641 0.0647 0.0652 0.0650 0.0663 0.0667 0.0661 0.0671 0.0672 0.0679 0.0671 0.0672 0.0674 0.0655 0.0642 0.0639 0.0637 0.0636 0.0637 0.0633 0.0634 0.0634 0.0634 0.0634 0.0636 0.0635 0.0635 0.0639
0.0731 0.0768 0.0843 0.0962 0.1045 0.1345 0.4056 1.0000 0.3965 0.1411 0.1185 0.0810 0.0698 0.0633 0.0626 0.0627 0.0626 0.0626 0.0626 0.0626 0.0627 0.0626 0.0627 0.0627 0.0627 0.0627 0.0634 0.0653 0.0846 0.0948 0.1513 0.1393 0.1197 0.0966 0.0793 0.0782 0.0808 0.0674 0.0657 0.0633 0.0630 0.0627 0.0627 0.0627 0.0627 0.0627 0.0627 0.0627 0.0627 0.0629 0.0630 0.0630 0.0630 0.0630 0.0630 0.0630 0.0630 0.0633 0.0630 0.0633 0.0631 0.0632 0.0635 0.0635 0.0649 0.0656 0.0664 0.0721 0.0706 0.0792 0.0765 0.0791 0.0795 0.0766 0.0725 0.0687 0.0669 0.0661 0.0651 0.0645 0.0639 0.0637 0.0635 0.0637 0.0659 0.0637 0.0633 0.0648 0.0638 0.0627 0.0632 0.0638 0.0627 0.0627 0.0632 0.0629 0.0627 0.0627 0.0627 0.0627 0.0627 0.0626 0.0626 0.0626 0.0626 0.0626 0.0626 0.0631 0.0638 0.0752 0.0787 0.1091 0.1195 0.1118 0.1072 0.0855 0.0788 0.0724 0.0721 0.0732 0.0757 0.0710 0.0719 0.0643 0.0649 0.0628 0.0634 0.0628 0.0628 0.0634 0.0633 0.0647 0.0647 0.0699 0.0676 0.0721 0.0793 0.0758 0.0810 0.0716 0.0724 0.0694 0.0695 0.0716 0.0683 0.0725 0.0674 0.0703 0.0663 0.0697 0.0679 0.0707 0.0668 0.0686 0.0663 0.0653 0.0652 0.0648 0.0644 0.0650 0.0650 0.0649 0.0652 0.0653 0.0649 0.0649 0.0654 0.0650 0.0657 0.0653 0.0649 0.0641 0.0637 0.0635 0.0631 0.0628 0.0630 0.0628 0.0628 0.0628 0.0628 0.0631 0.0633 0.0633 0.0630 0.0632 0.0633 0.0632 0.0630 0.0632 0.0630 0.0628 0.0631 0.0632 0.0631 0.0631 0.0632 0.0631 0.0634 0.0642 0.0643 0.0643 0.0657 0.0655 0.0646 0.0670 0.0676 0.0660 0.0684 0.0664 0.0676 0.0686 0.0672 0.0668 0.0664 0.0642 0.0640 0.0638 0.0637 0.0639 0.0640 0.0636 0.0641 0.0636 0.0635 0.0637 0.0635 0.0635 0.0639
0.0715 0.0742 0.0800 0.0875 0.0926 0.1106 0.1497 0.3965 1.0000 0.4057 0.1362 0.0949 0.0743 0.0640 0.0626 0.0626 0.0627 0.0625 0.0626 0.0626 0.0626 0.0626 0.0626 0.0626 0.0626 0.0627 0.0660 0.0702 0.0986 0.1064 0.1393 0.1495 0.1028 0.0891 0.0730 0.0706 0.0740 0.0641 0.0641 0.0627 0.0627 0.0626 0.0626 0.0626 0.0627 0.0626 0.0627 0.0627 0.0627 0.0628 0.0630 0.0630 0.0628 0.0628 0.0630 0.0629 0.0628 0.0631 0.0628 0.0630 0.0627 0.0628 0.0630 0.0630 0.0639 0.0642 0.0642 0.0688 0.0661 0.0743 0.0686 0.0729 0.0703 0.0705 0.0670 0.0657 0.0648 0.0645 0.0640 0.0637 0.0633 0.0633 0.0633 0.0633 0.0649 0.0635 0.0630 0.0638 0.0633 0.0628 0.0629 0.0632 0.0626 0.0627 0.0628 0.0626 0.0626 0.0626 0.0626 0.0626 0.0626 0.0626 0.0626 0.0626 0.0626 0.0626 0.0626 0.0627 0.0632 0.0782 0.0871 0.1229 0.1530 0.1376 0.1167 0.0905 0.0813 0.0751 0.0765 0.0776 0.0792 0.0712 0.0701 0.0632 0.0634 0.0627 0.0628 0.0627 0.0628 0.0629 0.0629 0.0637 0.0633 0.0655 0.0645 0.0666 0.0702 0.0679 0.0718 0.0662 0.0662 0.0646 0.0648 0.0654 0.0646 0.0668 0.0646 0.0671 0.0641 0.0674 0.0652 0.0695 0.0658 0.0686 0.0665 0.0654 0.0654 0.0651 0.0645 0.0651 0.0650 0.0648 0.0651 0.0650 0.0645 0.0644 0.0650 0.0644 0.0647 0.0644 0.0640 0.0635 0.0632 0.0631 0.0628 0.0628 0.0627 0.0627 0.0627 0.0627 0.0626 0.0628 0.0629 0.0631 0.0628 0.0629 0.0631 0.0630 0.0628 0.0628 0.0628 0.0627 0.0628 0.0629 0.0628 0.0628 0.0629 0.0628 0.0628 0.0632 0.0632 0.0631 0.0637 0.0635 0.0632 0.0646 0.0651 0.0641 0.0651 0.0643 0.0652 0.0656 0.0655 0.0654 0.0654 0.0641 0.0642 0.0642 0.0638 0.0645 0.0636 0.0635 0.0635 0.0633 0.0633 0.0634 0.0632 0.0633 0.0636
0.0664 0.0673 0.0695 0.0716 0.0720 0.0811 0.0991 0.1411 0.4057 1.0000 0.4001 0.1366 0.0916 0.0742 0.0629 0.0626 0.0626 0.0626 0.0626 0.0626 0.0626 0.0626 0.0627 0.0627 0.0627 0.0633 0.0817 0.0908 0.1597 0.1508 0.1810 0.1352 0.0924 0.0778 0.0663 0.0681 0.0746 0.0636 0.0644 0.0627 0.0627 0.0626 0.0626 0.0627 0.0627 0.0627 0.0627 0.0627 0.0627 0.0628 0.0629 0.0628 0.0628 0.0628 0.0628 0.0628 0.0628 0.0630 0.0627 0.0629 0.0627 0.0628 0.0630 0.0629 0.0637 0.0638 0.0642 0.0705 0.0657 0.0783 0.0684 0.0763 0.0705 0.0721 0.0670 0.0653 0.0646 0.0643 0.0639 0.0638 0.0635 0.0635 0.0636 0.0635 0.0658 0.0635 0.0629 0.0655 0.0643 0.0627 0.0635 0.0656 0.0627 0.0626 0.0640 0.0631 0.0626 0.0625 0.0626 0.0626 0.0626 0.0626 0.0626 0.0626 0.0627 0.0626 0.0627 0.0640 0.0691 0.0917 0.1103 0.1383 0.1896 0.1278 0.1181 0.0886 0.0800 0.0750 0.0780 0.0820 0.0824 0.0783 0.0742 0.0637 0.0642 0.0626 0.0631 0.0627 0.0628 0.0631 0.0631 0.0643 0.0635 0.0655 0.0644 0.0653 0.0674 0.0651 0.0671 0.0640 0.0645 0.0637 0.0642 0.0644 0.0643 0.0663 0.0643 0.0685 0.0636 0.0711 0.0650 0.0728 0.0655 0.0683 0.0655 0.0644 0.0644 0.0641 0.0638 0.0642 0.0643 0.0640 0.0642 0.0644 0.0641 0.0641 0.0646 0.0642 0.0646 0.0644 0.0641 0.0636 0.0633 0.0632 0.0629 0.0628 0.0628 0.0628 0.0628 0.0627 0.0627 0.0629 0.0630 0.0631 0.0628 0.0628 0.0630 0.0629 0.0628 0.0629 0.0628 0.0627 0.0628 0.0630 0.0628 0.0628 0.0629 0.0628 0.0629 0.0631 0.0631 0.0630 0.0636 0.0633 0.0631 0.0643 0.0646 0.0636 0.0641 0.0634 0.0637 0.0644 0.0641 0.0638 0.0644 0.0635 0.0640 0.0640 0.0633 0.0642 0.0635 0.0636 0.0635 0.0634 0.0633 0.0635 0.0633 0.0634 0.0636
0.0648 0.0649 0.0664 0.0679 0.0670 0.0714 0.0829 0.1185 0.1362 0.4001 1.0000 0.3955 0.1514 0.0947 0.0736 0.0641 0.0626 0.0626 0.0625 0.0625 0.0626 0.0624 0.0628 0.0636 0.0637 0.0690 0.0926 0.1141 0.1396 0.2070 0.1294 0.1569 0.0897 0.0849 0.0694 0.0754 0.0964 0.0698 0.0739 0.0640 0.0635 0.0626 0.0627 0.0626 0.0627 0.0626 0.0627 0.0627 0.0627 0.0627 0.0628 0.0627 0.0627 0.0627 0.0627 0.0627 0.0627 0.0631 0.0627 0.0631 0.0627 0.0627 0.0630 0.0628 0.0644 0.0663 0.0686 0.0916 0.0773 0.1130 0.0803 0.1037 0.0771 0.0847 0.0684 0.0659 0.0640 0.0636 0.0632 0.0632 0.0630 0.0631 0.0635 0.0640 0.0711 0.0645 0.0640 0.0756 0.0724 0.0639 0.0708 0.0834 0.0652 0.0639 0.0745 0.0694 0.0628 0.0628 0.0626 0.0626 0.0626 0.0626 0.0626 0.0626 0.0627 0.0629 0.0639 0.0892 0.0944 0.1716 0.1500 0.1876 0.1461 0.1004 0.1010 0.0768 0.0734 0.0704 0.0757 0.0843 0.0949 0.0959 0.1044 0.0747 0.0818 0.0639 0.0723 0.0630 0.0631 0.0697 0.0641 0.0724 0.0654 0.0712 0.0659 0.0661 0.0675 0.0641 0.0648 0.0632 0.0640 0.0633 0.0645 0.0645 0.0648 0.0721 0.0686 0.0850 0.0723 0.0993 0.0764 0.1022 0.0730 0.0761 0.0680 0.0648 0.0643 0.0639 0.0633 0.0639 0.0642 0.0635 0.0635 0.0640 0.0636 0.0635 0.0638 0.0635 0.0640 0.0636 0.0634 0.0632 0.0631 0.0629 0.0627 0.0627 0.0627 0.0626 0.0626 0.0626 0.0625 0.0627 0.0629 0.0628 0.0627 0.0628 0.0630 0.0627 0.0626 0.0628 0.0627 0.0626 0.0627 0.0630 0.0627 0.0626 0.0628 0.0627 0.0628 0.0633 0.0630 0.0630 0.0641 0.0632 0.0627 0.0640 0.0643 0.0632 0.0642 0.0630 0.0635 0.0650 0.0636 0.0631 0.0645 0.0631 0.0635 0.0634 0.0628 0.0633 0.0634 0.0629 0.0633 0.0630 0.0628 0.0632 0.0628 0.0630 0.0633
0.0637 0.0637 0.0641 0.0642 0.0638 0.0644 0.0661 0.0810 0.0949 0.1366 0.3955 1.0000 0.3903 0.1567 0.0913 0.0772 0.0633 0.0629 0.0628 0.0627 0.0639 0.0635 0.0675 0.0787 0.0813 0.0954 0.1743 0.1426 0.1883 0.1341 0.0931 0.0875 0.0640 0.0648 0.0628 0.0630 0.0709 0.0627 0.0655 0.0627 0.0628 0.0627 0.0627 0.0627 0.0627 0.0627 0.0627 0.0627 0.0627 0.0628 0.0628 0.0628 0.0628 0.0628 0.0628 0.0627 0.0627 0.0628 0.0627 0.0628 0.0627 0.0627 0.0628 0.0628 0.0634 0.0635 0.0632 0.0729 0.0637 0.0794 0.0639 0.0754 0.0639 0.0679 0.0633 0.0633 0.0633 0.0632 0.0630 0.0630 0.0628 0.0628 0.0630 0.0628 0.0648 0.0629 0.0628 0.0692 0.0660 0.0626 0.0694 0.0792 0.0635 0.0639 0.0780 0.0705 0.0629 0.0632 0.0628 0.0627 0.0626 0.0626 0.0626 0.0626 0.0630 0.0635 0.0689 0.0951 0.1216 0.1407 0.2234 0.1310 0.1344 0.0943 0.0984 0.0794 0.0767 0.0736 0.0781 0.0887 0.0896 0.1049 0.0913 0.0771 0.0754 0.0630 0.0686 0.0626 0.0628 0.0649 0.0630 0.0649 0.0634 0.0642 0.0638 0.0637 0.0639 0.0631 0.0633 0.0629 0.0631 0.0628 0.0630 0.0628 0.0630 0.0636 0.0630 0.0683 0.0631 0.0777 0.0643 0.0795 0.0642 0.0667 0.0644 0.0635 0.0637 0.0635 0.0633 0.0635 0.0637 0.0633 0.0635 0.0640 0.0636 0.0635 0.0639 0.0635 0.0636 0.0635 0.0633 0.0632 0.0631 0.0631 0.0628 0.0628 0.0627 0.0628 0.0628 0.0628 0.0627 0.0627 0.0627 0.0628 0.0626 0.0627 0.0627 0.0627 0.0626 0.0628 0.0627 0.0627 0.0627 0.0628 0.0628 0.0627 0.0628 0.0627 0.0627 0.0627 0.0627 0.0627 0.0629 0.0626 0.0626 0.0633 0.0632 0.0628 0.0629 0.0628 0.0627 0.0631 0.0631 0.0628 0.0634 0.0630 0.0636 0.0640 0.0631 0.0642 0.0631 0.0633 0.0631 0.0631 0.0631 0.0634 0.0631 0.0631 0.0634
0.0630 0.0628 0.0630 0.0630 0.0627 0.0629 0.0632 0.0698 0.0743 0.0916 0.1514 0.3903 1.0000 0.3901 0.1394 0.0963 0.0716 0.0651 0.0630 0.0626 0.0657 0.0643 0.0715 0.0865 0.0938 0.1121 0.1479 0.2147 0.1296 0.1574 0.0861 0.0907 0.0658 0.0677 0.0633 0.0668 0.0856 0.0686 0.0803 0.0661 0.0666 0.0630 0.0638 0.0626 0.0630 0.0626 0.0627 0.0626 0.0626 0.0627 0.0627 0.0627 0.0627 0.0627 0.0627 0.0627 0.0627 0.0635 0.0626 0.0635 0.0627 0.0628 0.0636 0.0631 0.0666 0.0693 0.0707 0.0974 0.0763 0.1069 0.0747 0.0994 0.0709 0.0815 0.0659 0.0646 0.0634 0.0632 0.0628 0.0629 0.0628 0.0627 0.0632 0.0636 0.0697 0.0640 0.0664 0.0884 0.0820 0.0716 0.0988 0.1308 0.0835 0.0845 0.1339 0.1081 0.0754 0.0752 0.0659 0.0633 0.0626 0.0631 0.0627 0.0641 0.0710 0.0864 0.0932 0.1795 0.1438 0.1870 0.1292 0.0963 0.0819 0.0668 0.0721 0.0655 0.0654 0.0644 0.0659 0.0703 0.0764 0.0914 0.1025 0.0905 0.1093 0.0783 0.1055 0.0691 0.0675 0.0844 0.0668 0.0741 0.0643 0.0655 0.0631 0.0631 0.0631 0.0627 0.0627 0.0626 0.0628 0.0627 0.0627 0.0627 0.0628 0.0654 0.0654 0.0834 0.0742 0.1136 0.0818 0.1176 0.0763 0.0777 0.0680 0.0642 0.0638 0.0635 0.0631 0.0635 0.0637 0.0631 0.0631 0.0635 0.0632 0.0630 0.0632 0.0630 0.0633 0.0632 0.0630 0.0628 0.0628 0.0627 0.0627 0.0626 0.0626 0.0626 0.0626 0.0626 0.0626 0.0626 0.0627 0.0627 0.0626 0.0627 0.0628 0.0626 0.0626 0.0628 0.0626 0.0626 0.0627 0.0630 0.0627 0.0626 0.0628 0.0627 0.0627 0.0630 0.0627 0.0627 0.0632 0.0626 0.0626 0.0630 0.0631 0.0626 0.0629 0.0626 0.0627 0.0632 0.0628 0.0627 0.0633 0.0627 0.0630 0.0630 0.0627 0.0631 0.0630 0.0626 0.0629 0.0626 0.0627 0.0629 0.0627 0.0627 0.0630
0.0628 0.0628 0.0628 0.0627 0.0627 0.0627 0.0627 0.0633 0.0640 0.0742 0.0947 0.1567 0.3901 1.0000 0.3973 0.1488 0.0942 0.0792 0.0685 0.0675 0.0815 0.0812 0.1016 0.1455 0.1436 0.1472 0.1925 0.1280 0.0967 0.0860 0.0630 0.0642 0.0626 0.0626 0.0626 0.0627 0.0655 0.0626 0.0658 0.0632 0.0635 0.0630 0.0632 0.0627 0.0630 0.0627 0.0627 0.0627 0.0628 0.0628 0.0630 0.0629 0.0628 0.0628 0.0628 0.0628 0.0628 0.0632 0.0627 0.0631 0.0627 0.0628 0.0632 0.0629 0.0640 0.0641 0.0636 0.0703 0.0629 0.0707 0.0624 0.0685 0.0626 0.0648 0.0630 0.0630 0.0630 0.0630 0.0628 0.0628 0.0627 0.0626 0.0627 0.0627 0.0631 0.0626 0.0627 0.0683 0.0643 0.0628 0.0757 0.0854 0.0661 0.0721 0.1032 0.0842 0.0693 0.0733 0.0673 0.0636 0.0631 0.0644 0.0628 0.0646 0.0694 0.0907 0.1117 0.1481 0.2181 0.1258 0.1418 0.0819 0.0760 0.0675 0.0732 0.0686 0.0690 0.0679 0.0702 0.0763 0.0780 0.1062 0.0918 0.1024 0.0925 0.0738 0.0820 0.0632 0.0629 0.0670 0.0632 0.0641 0.0634 0.0630 0.0632 0.0630 0.0628 0.0627 0.0628 0.0627 0.0627 0.0627 0.0627 0.0627 0.0628 0.0628 0.0630 0.0652 0.0630 0.0736 0.0633 0.0766 0.0636 0.0663 0.0644 0.0635 0.0641 0.0635 0.0632 0.0637 0.0637 0.0632 0.0632 0.0636 0.0633 0.0632 0.0633 0.0631 0.0632 0.0632 0.0630 0.0630 0.0628 0.0629 0.0627 0.0628 0.0627 0.0627 0.0627 0.0627 0.0626 0.0627 0.0626 0.0628 0.0627 0.0626 0.0627 0.0626 0.0626 0.0627 0.0627 0.0627 0.0627 0.0627 0.0627 0.0627 0.0628 0.0628 0.0627 0.0627 0.0627 0.0626 0.0627 0.0626 0.0626 0.0629 0.0626 0.0627 0.0626 0.0627 0.0627 0.0627 0.0628 0.0627 0.0628 0.0627 0.0631 0.0634 0.0628 0.0637 0.0628 0.0631 0.0628 0.0629 0.0628 0.0631 0.0629 0.0629 0.0630
0.0626 0.0626 0.0627 0.0626 0.0626 0.0626 0.0626 0.0626 0.0626 0.0629 0.0736 0.0913 0.1394 0.3973 1.0000 0.3972 0.1356 0.0975 0.0780 0.0715 0.0912 0.0876 0.1146 0.1436 0.1870 0.1825 0.1310 0.1299 0.0791 0.0783 0.0627 0.0630 0.0624 0.0627 0.0626 0.0627 0.0657 0.0634 0.0695 0.0648 0.0665 0.0642 0.0654 0.0632 0.0641 0.0628 0.0628 0.0627 0.0627 0.0628 0.0630 0.0628 0.0628 0.0628 0.0630 0.0631 0.0632 0.0649 0.0633 0.0649 0.0631 0.0634 0.0652 0.0641 0.0679 0.0683 0.0658 0.0738 0.0642 0.0706 0.0632 0.0698 0.0633 0.0680 0.0636 0.0637 0.0634 0.0632 0.0629 0.0629 0.0627 0.0627 0.0629 0.0629 0.0637 0.0628 0.0646 0.0743 0.0689 0.0697 0.0958 0.1077 0.0849 0.1040 0.1823 0.1265 0.1018 0.1126 0.0913 0.0737 0.0698 0.0784 0.0722 0.0853 0.0971 0.1526 0.1427 0.1851 0.1280 0.0935 0.0816 0.0632 0.0628 0.0627 0.0635 0.0631 0.0635 0.0632 0.0633 0.0641 0.0643 0.0747 0.0768 0.0899 0.0997 0.0872 0.1087 0.0724 0.0690 0.0777 0.0644 0.0655 0.0629 0.0629 0.0627 0.0627 0.0627 0.0626 0.0627 0.0626 0.0627 0.0627 0.0627 0.0627 0.0628 0.0636 0.0638 0.0685 0.0654 0.0786 0.0670 0.0840 0.0681 0.0723 0.0677 0.0653 0.0652 0.0644 0.0636 0.0642 0.0642 0.0635 0.0634 0.0640 0.0634 0.0632 0.0633 0.0631 0.0633 0.0632 0.0630 0.0630 0.0629 0.0628 0.0628 0.0627 0.0627 0.0626 0.0626 0.0627 0.0626 0.0627 0.0627 0.0628 0.0627 0.0627 0.0627 0.0627 0.0627 0.0628 0.0627 0.0627 0.0628 0.0630 0.0628 0.0627 0.0628 0.0627 0.0627 0.0628 0.0627 0.0627 0.0627 0.0626 0.0626 0.0628 0.0627 0.0626 0.0626 0.0627 0.0627 0.0628 0.0628 0.0627 0.0628 0.0626 0.0628 0.0630 0.0627 0.0631 0.0628 0.0627 0.0628 0.0627 0.0628 0.0630 0.0628 0.0628 0.0629
0.0626 0.0626 0.0627 0.0626 0.0626 0.0626 0.0626 0.0627 0.0626 0.0626 0.0641 0.0772 0.0963 0.1488 0.3972 1.0000 0.4002 0.1469 0.1116 0.1014 0.1447 0.1244 0.1511 0.1591 0.1505 0.1115 0.0932 0.0822 0.0633 0.0634 0.0626 0.0626 0.0625 0.0626 0.0626 0.0626 0.0631 0.0628 0.0650 0.0642 0.0652 0.0645 0.0654 0.0636 0.0645 0.0632 0.0632 0.0630 0.0629 0.0631 0.0632 0.0631 0.0631 0.0631 0.0632 0.0633 0.0633 0.0647 0.0634 0.0647 0.0633 0.0634 0.0643 0.0635 0.0654 0.0655 0.0644 0.0670 0.0633 0.0648 0.0627 0.0642 0.0627 0.0639 0.0631 0.0632 0.0630 0.0629 0.0627 0.0627 0.0627 0.0627 0.0626 0.0627 0.0627 0.0627 0.0630 0.0657 0.0635 0.0639 0.0756 0.0775 0.0676 0.0793 0.1083 0.0864 0.0799 0.0910 0.0813 0.0689 0.0684 0.0787 0.0712 0.0865 0.0980 0.1439 0.2141 0.1416 0.1515 0.0855 0.0809 0.0632 0.0627 0.0626 0.0639 0.0636 0.0643 0.0639 0.0643 0.0660 0.0674 0.0855 0.0809 0.1143 0.0978 0.0952 0.0933 0.0703 0.0663 0.0686 0.0637 0.0636 0.0630 0.0628 0.0628 0.0627 0.0627 0.0627 0.0627 0.0627 0.0627 0.0627 0.0627 0.0628 0.0629 0.0631 0.0633 0.0645 0.0636 0.0678 0.0641 0.0702 0.0649 0.0665 0.0658 0.0641 0.0651 0.0640 0.0636 0.0643 0.0641 0.0635 0.0635 0.0639 0.0634 0.0632 0.0633 0.0630 0.0632 0.0633 0.0631 0.0630 0.0629 0.0628 0.0627 0.0628 0.0628 0.0627 0.0627 0.0627 0.0627 0.0628 0.0627 0.0629 0.0627 0.0627 0.0628 0.0628 0.0628 0.0630 0.0629 0.0628 0.0628 0.0630 0.0629 0.0628 0.0628 0.0628 0.0628 0.0627 0.0627 0.0627 0.0627 0.0626 0.0626 0.0627 0.0627 0.0627 0.0626 0.0627 0.0627 0.0628 0.0628 0.0627 0.0627 0.0627 0.0627 0.0628 0.0627 0.0632 0.0628 0.0630 0.0629 0.0630 0.0629 0.0631 0.0628 0.0628 0.0630
0.0626 0.0626 0.0627 0.0626 0.0626 0.0627 0.0626 0.0626 0.0627 0.0626 0.0626 0.0633 0.0716 0.0942 0.1356 0.4002 1.0000 0.4028 0.1311 0.1107 0.1441 0.1292 0.1529 0.1316 0.1328 0.0962 0.0745 0.0683 0.0625 0.0624 0.0626 0.0626 0.0626 0.0626 0.0626 0.0627 0.0627 0.0627 0.0632 0.0632 0.0637 0.0636 0.0640 0.0634 0.0637 0.0631 0.0631 0.0630 0.0629 0.0630 0.0631 0.0631 0.0631 0.0631 0.0633 0.0634 0.0632 0.0639 0.0633 0.0639 0.0632 0.0633 0.0639 0.0635 0.0643 0.0640 0.0633 0.0635 0.0627 0.0627 0.0626 0.0627 0.0627 0.0628 0.0628 0.0628 0.0628 0.0628 0.0627 0.0627 0.0627 0.0627 0.0627 0.0626 0.0626 0.0627 0.0628 0.0633 0.0627 0.0632 0.0694 0.0672 0.0653 0.0767 0.0924 0.0774 0.0830 0.0970 0.1014 0.0802 0.0834 0.1008 0.0836 0.0993 0.0996 0.1373 0.1306 0.0935 0.0872 0.0637 0.0639 0.0627 0.0625 0.0625 0.0628 0.0629 0.0632 0.0631 0.0632 0.0632 0.0630 0.0667 0.0643 0.0784 0.0739 0.0776 0.0781 0.0675 0.0653 0.0643 0.0630 0.0630 0.0627 0.0626 0.0627 0.0627 0.0627 0.0627 0.0627 0.0627 0.0627 0.0627 0.0627 0.0627 0.0628 0.0629 0.0632 0.0632 0.0629 0.0635 0.0628 0.0642 0.0633 0.0641 0.0642 0.0635 0.0644 0.0638 0.0635 0.0639 0.0637 0.0634 0.0635 0.0636 0.0633 0.0633 0.0633 0.0630 0.0630 0.0631 0.0629 0.0629 0.0628 0.0628 0.0627 0.0628 0.0627 0.0627 0.0627 0.0627 0.0626 0.0627 0.0627 0.0628 0.0627 0.0626 0.0627 0.0628 0.0628 0.0628 0.0630 0.0629 0.0629 0.0630 0.0631 0.0628 0.0628 0.0628 0.0628 0.0627 0.0627 0.0627 0.0626 0.0627 0.0626 0.0627 0.0627 0.0627 0.0626 0.0627 0.0627 0.0626 0.0627 0.0627 0.0626 0.0627 0.0628 0.0628 0.0627 0.0630 0.0626 0.0628 0.0627 0.0628 0.0628 0.0629 0.0628 0.0628 0.0628
0.0626 0.0627 0.0627 0.0626 0.0626 0.0627 0.0627 0.0626 0.0625 0.0626 0.0626 0.0629 0.0651 0.0792 0.0975 0.1469 0.4028 1.0000 0.4026 0.1714 0.1825 0.1364 0.1261 0.1064 0.0936 0.0749 0.0652 0.0639 0.0627 0.0624 0.0627 0.0626 0.0626 0.0626 0.0627 0.0627 0.0628 0.0629 0.0633 0.0635 0.0640 0.0646 0.0651 0.0644 0.0648 0.0635 0.0634 0.0632 0.0632 0.0633 0.0635 0.0634 0.0635 0.0634 0.0636 0.0637 0.0637 0.0648 0.0639 0.0646 0.0638 0.0639 0.0644 0.0638 0.0649 0.0645 0.0636 0.0636 0.0630 0.0627 0.0627 0.0628 0.0627 0.0630 0.0628 0.0629 0.0630 0.0629 0.0628 0.0628 0.0628 0.0627 0.0628 0.0627 0.0627 0.0627 0.0630 0.0635 0.0628 0.0637 0.0686 0.0658 0.0654 0.0756 0.0838 0.0734 0.0812 0.0926 0.0961 0.0788 0.0826 0.1057 0.0897 0.1124 0.1108 0.1298 0.1419 0.0864 0.0831 0.0638 0.0639 0.0626 0.0627 0.0627 0.0630 0.0630 0.0632 0.0631 0.0632 0.0633 0.0634 0.0670 0.0654 0.0809 0.0751 0.0842 0.0795 0.0712 0.0677 0.0653 0.0639 0.0631 0.0629 0.0627 0.0628 0.0627 0.0627 0.0627 0.0628 0.0627 0.0628 0.0627 0.0628 0.0627 0.0628 0.0630 0.0633 0.0631 0.0633 0.0635 0.0638 0.0648 0.0649 0.0652 0.0655 0.0644 0.0657 0.0645 0.0644 0.0648 0.0642 0.0639 0.0639 0.0640 0.0635 0.0636 0.0635 0.0631 0.0632 0.0632 0.0631 0.0630 0.0630 0.0629 0.0628 0.0628 0.0627 0.0628 0.0628 0.0628 0.0628 0.0630 0.0628 0.0632 0.0630 0.0628 0.0631 0.0633 0.0632 0.0633 0.0635 0.0634 0.0633 0.0634 0.0635 0.0632 0.0631 0.0630 0.0630 0.0628 0.0628 0.0627 0.0627 0.0627 0.0627 0.0628 0.0627 0.0628 0.0627 0.0627 0.0627 0.0627 0.0628 0.0628 0.0627 0.0627 0.0628 0.0628 0.0627 0.0630 0.0626 0.0628 0.0627 0.0629 0.0629 0.0629 0.0629 0.0630 0.0629
0.0626 0.0627 0.0627 0.0627 0.0627 0.0627 0.0627 0.0626 0.0626 0.0626 0.0625 0.0628 0.0630 0.0685 0.0780 0.1116 0.1311 0.4026 1.0000 0.4148 0.1403 0.1151 0.0972 0.0825 0.0752 0.0661 0.0632 0.0628 0.0626 0.0626 0.0626 0.0626 0.0627 0.0627 0.0627 0.0627 0.0627 0.0629 0.0632 0.0633 0.0635 0.0641 0.0643 0.0641 0.0641 0.0635 0.0634 0.0632 0.0631 0.0633 0.0635 0.0635 0.0635 0.0635 0.0637 0.0637 0.0636 0.0644 0.0638 0.0643 0.0637 0.0637 0.0638 0.0635 0.0637 0.0635 0.0631 0.0630 0.0628 0.0627 0.0627 0.0627 0.0627 0.0627 0.0627 0.0628 0.0628 0.0629 0.0628 0.0629 0.0628 0.0628 0.0627 0.0627 0.0626 0.0626 0.0628 0.0629 0.0627 0.0635 0.0659 0.0639 0.0643 0.0710 0.0732 0.0679 0.0756 0.0825 0.0918 0.0791 0.0862 0.1046 0.0862 0.1005 0.0909 0.0988 0.1055 0.0719 0.0724 0.0632 0.0635 0.0626 0.0627 0.0627 0.0629 0.0630 0.0632 0.0632 0.0632 0.0633 0.0635 0.0657 0.0641 0.0722 0.0675 0.0734 0.0700 0.0678 0.0660 0.0640 0.0634 0.0629 0.0628 0.0627 0.0627 0.0627 0.0627 0.0627 0.0628 0.0628 0.0628 0.0628 0.0627 0.0627 0.0628 0.0628 0.0631 0.0628 0.0631 0.0630 0.0635 0.0636 0.0640 0.0641 0.0648 0.0640 0.0653 0.0643 0.0645 0.0645 0.0642 0.0640 0.0639 0.0639 0.0636 0.0636 0.0636 0.0631 0.0631 0.0631 0.0630 0.0630 0.0629 0.0629 0.0628 0.0628 0.0628 0.0628 0.0629 0.0629 0.0627 0.0629 0.0627 0.0631 0.0629 0.0627 0.0630 0.0632 0.0631 0.0631 0.0634 0.0633 0.0632 0.0633 0.0635 0.0631 0.0631 0.0630 0.0629 0.0627 0.0628 0.0627 0.0626 0.0626 0.0628 0.0628 0.0628 0.0628 0.0627 0.0628 0.0628 0.0627 0.0628 0.0627 0.0627 0.0627 0.0628 0.0629 0.0627 0.0631 0.0627 0.0630 0.0628 0.0629 0.0629 0.0630 0.0629 0.0630 0.0630
0.0626 0.0627 0.0627 0.0627 0.0626 0.0627 0.0627 0.0626 0.0626 0.0626 0.0625 0.0627 0.0626 0.0675 0.0715 0.1014 0.1107 0.1714 0.4148 1.0000 0.4182 0.1474 0.1033 0.0837 0.0734 0.0655 0.0633 0.0627 0.0626 0.0626 0.0626 0.0626 0.0627 0.0626 0.0627 0.0627 0.0627 0.0629 0.0630 0.0631 0.0632 0.0635 0.0635 0.0636 0.0636 0.0633 0.0633 0.0632 0.0632 0.0633 0.0636 0.0635 0.0634 0.0634 0.0636 0.0636 0.0633 0.0635 0.0635 0.0636 0.0635 0.0635 0.0635 0.0633 0.0634 0.0632 0.0629 0.0628 0.0628 0.0627 0.0627 0.0627 0.0627 0.0626 0.0627 0.0627 0.0627 0.0628 0.0627 0.0628 0.0628 0.0627 0.0627 0.0627 0.0626 0.0627 0.0628 0.0628 0.0626 0.0632 0.0652 0.0632 0.0638 0.0698 0.0705 0.0661 0.0726 0.0758 0.0810 0.0722 0.0754 0.0878 0.0747 0.0830 0.0775 0.0839 0.0909 0.0671 0.0711 0.0631 0.0638 0.0626 0.0628 0.0628 0.0630 0.0631 0.0633 0.0632 0.0632 0.0632 0.0633 0.0646 0.0633 0.0683 0.0646 0.0681 0.0659 0.0654 0.0648 0.0633 0.0632 0.0628 0.0627 0.0627 0.0627 0.0627 0.0627 0.0627 0.0628 0.0627 0.0628 0.0627 0.0627 0.0626 0.0628 0.0627 0.0631 0.0627 0.0631 0.0629 0.0633 0.0632 0.0636 0.0636 0.0642 0.0636 0.0647 0.0641 0.0644 0.0642 0.0638 0.0637 0.0636 0.0635 0.0633 0.0635 0.0635 0.0630 0.0630 0.0630 0.0629 0.0628 0.0629 0.0628 0.0627 0.0628 0.0627 0.0628 0.0628 0.0628 0.0627 0.0628 0.0627 0.0631 0.0630 0.0627 0.0630 0.0633 0.0631 0.0631 0.0634 0.0634 0.0632 0.0632 0.0633 0.0631 0.0630 0.0630 0.0629 0.0627 0.0627 0.0627 0.0626 0.0627 0.0628 0.0628 0.0627 0.0628 0.0626 0.0627 0.0627 0.0627 0.0628 0.0627 0.0626 0.0627 0.0628 0.0630 0.0628 0.0632 0.0627 0.0629 0.0627 0.0628 0.0629 0.0629 0.0629 0.0630 0.0630
0.0627 0.0627 0.0628 0.0627 0.0627 0.0627 0.0627 0.0627 0.0626 0.0626 0.0626 0.0639 0.0657 0.0815 0.0912 0.1447 0.1441 0.1825 0.1403 0.4182 1.0000 0.4143 0.1495 0.1108 0.0936 0.0750 0.0668 0.0645 0.0627 0.0627 0.0626 0.0626 0.0627 0.0627 0.0627 0.0627 0.0628 0.0629 0.0633 0.0633 0.0635 0.0641 0.0642 0.0639 0.0641 0.0634 0.0633 0.0632 0.0631 0.0634 0.0636 0.0636 0.0636 0.0635 0.0636 0.0636 0.0635 0.0641 0.0636 0.0640 0.0635 0.0636 0.0639 0.0634 0.0641 0.0637 0.0633 0.0633 0.0627 0.0627 0.0627 0.0627 0.0627 0.0627 0.0627 0.0627 0.0628 0.0629 0.0629 0.0630 0.0628 0.0627 0.0628 0.0627 0.0627 0.0627 0.0631 0.0632 0.0629 0.0641 0.0685 0.0654 0.0661 0.0768 0.0798 0.0713 0.0793 0.0829 0.0838 0.0726 0.0741 0.0868 0.0741 0.0838 0.0813 0.0960 0.1129 0.0790 0.0862 0.0662 0.0670 0.0631 0.0630 0.0630 0.0633 0.0634 0.0637 0.0635 0.0635 0.0637 0.0640 0.0670 0.0654 0.0738 0.0688 0.0727 0.0701 0.0666 0.0655 0.0640 0.0635 0.0630 0.0628 0.0627 0.0627 0.0627 0.0627 0.0627 0.0627 0.0627 0.0628 0.0627 0.0627 0.0627 0.0627 0.0628 0.0632 0.0630 0.0633 0.0633 0.0640 0.0648 0.0650 0.0652 0.0659 0.0643 0.0652 0.0644 0.0643 0.0643 0.0639 0.0637 0.0636 0.0636 0.0635 0.0635 0.0636 0.0631 0.0631 0.0631 0.0630 0.0630 0.0629 0.0629 0.0627 0.0628 0.0628 0.0628 0.0628 0.0629 0.0628 0.0629 0.0628 0.0632 0.0631 0.0630 0.0633 0.0633 0.0631 0.0631 0.0633 0.0634 0.0633 0.0633 0.0635 0.0631 0.0631 0.0631 0.0629 0.0627 0.0627 0.0628 0.0628 0.0627 0.0628 0.0629 0.0628 0.0627 0.0627 0.0628 0.0628 0.0628 0.0629 0.0628 0.0627 0.0627 0.0628 0.0630 0.0628 0.0632 0.0627 0.0630 0.0627 0.0628 0.0630 0.0630 0.0630 0.0630 0.0630
0.0627 0.0627 0.0627 0.0627 0.0627 0.0627 0.0626 0.0626 0.0626 0.0626 0.0624 0.0635 0.0643 0.0812 0.0876 0.1244 0.1292 0.1364 0.1151 0.1474 0.4143 1.0000 0.4073 0.1330 0.1019 0.0804 0.0684 0.0641 0.0627 0.0624 0.0626 0.0626 0.0626 0.0626 0.0626 0.0626 0.0627 0.0628 0.0629 0.0631 0.0631 0.0634 0.0632 0.0632 0.0632 0.0630 0.0630 0.0629 0.0630 0.0631 0.0632 0.0632 0.0632 0.0632 0.0632 0.0632 0.0630 0.0632 0.0630 0.0631 0.0630 0.0631 0.0631 0.0630 0.0632 0.0630 0.0630 0.0627 0.0627 0.0626 0.0627 0.0626 0.0627 0.0625 0.0627 0.0627 0.0627 0.0628 0.0628 0.0628 0.0628 0.0628 0.0627 0.0627 0.0626 0.0627 0.0632 0.0631 0.0627 0.0643 0.0691 0.0642 0.0652 0.0766 0.0766 0.0676 0.0735 0.0741 0.0743 0.0673 0.0676 0.0735 0.0671 0.0727 0.0708 0.0821 0.0881 0.0704 0.0759 0.0635 0.0648 0.0628 0.0628 0.0628 0.0630 0.0631 0.0633 0.0632 0.0632 0.0633 0.0632 0.0645 0.0633 0.0671 0.0641 0.0654 0.0649 0.0641 0.0638 0.0631 0.0630 0.0627 0.0627 0.0626 0.0627 0.0627 0.0627 0.0627 0.0627 0.0627 0.0627 0.0627 0.0627 0.0626 0.0627 0.0626 0.0628 0.0627 0.0630 0.0628 0.0632 0.0632 0.0635 0.0635 0.0638 0.0632 0.0636 0.0635 0.0635 0.0635 0.0633 0.0633 0.0633 0.0634 0.0633 0.0634 0.0634 0.0628 0.0628 0.0628 0.0627 0.0628 0.0627 0.0627 0.0627 0.0627 0.0627 0.0628 0.0628 0.0628 0.0627 0.0627 0.0627 0.0629 0.0628 0.0627 0.0629 0.0631 0.0628 0.0628 0.0630 0.0631 0.0630 0.0630 0.0631 0.0629 0.0628 0.0628 0.0627 0.0627 0.0627 0.0627 0.0626 0.0627 0.0628 0.0627 0.0627 0.0627 0.0626 0.0627 0.0627 0.0627 0.0628 0.0627 0.0626 0.0627 0.0628 0.0627 0.0627 0.0628 0.0626 0.0627 0.0627 0.0627 0.0627 0.0628 0.0628 0.0628 0.0629
0.0626 0.0627 0.0627 0.0627 0.0627 0.0627 0.0626 0.0627 0.0626 0.0627 0.0628 0.0675 0.0715 0.1016 0.1146 0.1511 0.1529 0.1261 0.0972 0.1033 0.1495 0.4073 1.0000 0.4015 0.1454 0.1079 0.0828 0.0720 0.0638 0.0627 0.0626 0.0626 0.0626 0.0626 0.0626 0.0626 0.0627 0.0628 0.0629 0.0632 0.0633 0.0635 0.0635 0.0632 0.0631 0.0628 0.0628 0.0628 0.0628 0.0630 0.0631 0.0631 0.0630 0.0630 0.0631 0.0630 0.0629 0.0630 0.0629 0.0630 0.0629 0.0630 0.0631 0.0629 0.0634 0.0633 0.0633 0.0631 0.0628 0.0627 0.0626 0.0627 0.0626 0.0627 0.0627 0.0628 0.0628 0.0629 0.0628 0.0630 0.0629 0.0628 0.0631 0.0628 0.0627 0.0628 0.0641 0.0643 0.0633 0.0667 0.0773 0.0686 0.0692 0.0893 0.0910 0.0730 0.0789 0.0774 0.0743 0.0668 0.0661 0.0708 0.0661 0.0721 0.0724 0.0896 0.0960 0.0798 0.0889 0.0667 0.0697 0.0633 0.0630 0.0630 0.0633 0.0632 0.0635 0.0632 0.0632 0.0635 0.0636 0.0658 0.0640 0.0685 0.0660 0.0663 0.0668 0.0643 0.0641 0.0633 0.0631 0.0627 0.0627 0.0627 0.0626 0.0627 0.0627 0.0627 0.0627 0.0627 0.0627 0.0627 0.0627 0.0626 0.0627 0.0627 0.0628 0.0628 0.0632 0.0633 0.0637 0.0642 0.0641 0.0641 0.0641 0.0633 0.0637 0.0635 0.0633 0.0633 0.0633 0.0632 0.0632 0.0633 0.0633 0.0632 0.0633 0.0628 0.0628 0.0628 0.0627 0.0627 0.0627 0.0627 0.0627 0.0627 0.0627 0.0627 0.0627 0.0628 0.0627 0.0628 0.0627 0.0628 0.0627 0.0627 0.0628 0.0630 0.0629 0.0628 0.0630 0.0631 0.0629 0.0629 0.0630 0.0628 0.0628 0.0628 0.0627 0.0627 0.0627 0.0627 0.0627 0.0627 0.0627 0.0628 0.0627 0.0627 0.0626 0.0627 0.0627 0.0627 0.0628 0.0627 0.0627 0.0627 0.0627 0.0627 0.0626 0.0628 0.0626 0.0627 0.0627 0.0627 0.0627 0.0628 0.0628 0.0628 0.0628
0.0626 0.0627 0.0628 0.0627 0.0627 0.0627 0.0627 0.0627 0.0626 0.0627 0.0636 0.0787 0.0865 0.1455 0.1436 0.1591 0.1316 0.1064 0.0825 0.0837 0.1108 0.1330 0.4015 1.0000 0.4096 0.1446 0.1072 0.0854 0.0668 0.0633 0.0626 0.0626 0.0625 0.0626 0.0626 0.0626 0.0627 0.0627 0.0631 0.0632 0.0633 0.0634 0.0635 0.0630 0.0630 0.0627 0.0627 0.0628 0.0627 0.0629 0.0630 0.0630 0.0630 0.0629 0.0629 0.0628 0.0628 0.0629 0.0627 0.0628 0.0628 0.0628 0.0630 0.0628 0.0632 0.0632 0.0632 0.0633 0.0628 0.0629 0.0626 0.0626 0.0626 0.0627 0.0627 0.0628 0.0628 0.0629 0.0630 0.0631 0.0630 0.0628 0.0631 0.0627 0.0626 0.0627 0.0644 0.0650 0.0632 0.0675 0.0837 0.0720 0.0695 0.0923 0.1000 0.0742 0.0770 0.0765 0.0716 0.0655 0.0646 0.0683 0.0648 0.0693 0.0711 0.0925 0.0928 0.0872 0.0910 0.0684 0.0714 0.0630 0.0632 0.0631 0.0634 0.0633 0.0635 0.0633 0.0633 0.0636 0.0636 0.0657 0.0643 0.0672 0.0662 0.0661 0.0680 0.0642 0.0640 0.0634 0.0630 0.0628 0.0627 0.0626 0.0627 0.0626 0.0626 0.0627 0.0627 0.0627 0.0627 0.0627 0.0627 0.0627 0.0627 0.0627 0.0629 0.0629 0.0631 0.0635 0.0636 0.0647 0.0640 0.0642 0.0641 0.0632 0.0635 0.0633 0.0632 0.0632 0.0632 0.0632 0.0631 0.0633 0.0632 0.0631 0.0632 0.0628 0.0628 0.0628 0.0627 0.0627 0.0627 0.0627 0.0627 0.0627 0.0626 0.0627 0.0627 0.0627 0.0627 0.0627 0.0627 0.0628 0.0627 0.0627 0.0628 0.0629 0.0628 0.0628 0.0629 0.0630 0.0629 0.0628 0.0630 0.0628 0.0628 0.0628 0.0627 0.0627 0.0627 0.0627 0.0626 0.0627 0.0627 0.0627 0.0627 0.0627 0.0626 0.0627 0.0627 0.0627 0.0628 0.0627 0.0626 0.0627 0.0627 0.0627 0.0627 0.0627 0.0625 0.0627 0.0626 0.0627 0.0627 0.0627 0.0627 0.0627 0.0628
