1.000000000000000000e+00 2.517306566238403320e+00 6.961364746093750000e+00 7.440475463867187500e+00 8.237232208251953125e+00 9.675858497619628906e+00 1.057082462310791016e+01 1.112966156005859375e+01 1.237623786926269531e+01 1.396648120880126953e+01 1.466275691986083984e+01 1.514004516601562500e+01 1.555209922790527344e+01 1.578531932830810547e+01 1.592356586456298828e+01 1.592356777191162109e+01 1.594896221160888672e+01 1.597444057464599609e+01 1.600000000000000000e+01 1.598721027374267578e+01 1.598721027374267578e+01 1.600000000000000000e+01 1.601280975341796875e+01 1.600000000000000000e+01 1.601280975341796875e+01 1.601280975341796875e+01 1.600000000000000000e+01 1.602564048767089844e+01 1.598721027374267578e+01 1.596169281005859375e+01 1.594896221160888672e+01 1.593625545501708984e+01 1.593625545501708984e+01 1.592356586456298828e+01 1.589825153350830078e+01 1.581027698516845703e+01 1.569858551025390625e+01 1.563721561431884766e+01 1.543209838867187500e+01 1.534919452667236328e+01 1.506023979187011719e+01 1.457726001739501953e+01 1.531393527984619141e+01 1.421464157104492188e+01 1.374570369720458984e+01 1.537278842926025391e+01 1.507159042358398438e+01 1.349527645111083984e+01 1.497006034851074219e+01 1.567398166656494141e+01 1.512859249114990234e+01 1.477104949951171875e+01 1.579778861999511719e+01 1.586042785644531250e+01 1.545595073699951172e+01 1.560062503814697266e+01 1.591089916229248047e+01 1.588562393188476562e+01 1.572326946258544922e+01 1.587301540374755859e+01 1.593625545501708984e+01 1.597444057464599609e+01 1.597444057464599609e+01 1.597444057464599609e+01 1.596169090270996094e+01 1.591089916229248047e+01 1.587301540374755859e+01 1.564945220947265625e+01 1.558846282958984375e+01 1.534919452667236328e+01 1.549186706542968750e+01 1.558846282958984375e+01 1.564945220947265625e+01 1.572326946258544922e+01 1.579778861999511719e+01 1.586042785644531250e+01 1.592356586456298828e+01 1.592356586456298828e+01 1.597444057464599609e+01 1.598721027374267578e+01 1.597444057464599609e+01 1.597444057464599609e+01 1.596169090270996094e+01 1.596169090270996094e+01 1.594896221160888672e+01 1.597444057464599609e+01 1.596169281005859375e+01 1.596169281005859375e+01 1.594896221160888672e+01 1.594896221160888672e+01 1.592356586456298828e+01 1.592356586456298828e+01 1.589824962615966797e+01 1.588562393188476562e+01 1.586042785644531250e+01 1.574803066253662109e+01
2.517306566238403320e+00 1.000000000000000000e+00 2.416042327880859375e+00 6.832934856414794922e+00 6.870491504669189453e+00 7.803355216979980469e+00 9.624638557434082031e+00 1.068375968933105469e+01 1.140901279449462891e+01 1.316655731201171875e+01 1.461988353729248047e+01 1.530221939086914062e+01 1.571091938018798828e+01 1.587301540374755859e+01 1.598721027374267578e+01 1.596169090270996094e+01 1.597444057464599609e+01 1.600000000000000000e+01 1.601280975341796875e+01 1.601280975341796875e+01 1.601280975341796875e+01 1.605136489868164062e+01 1.601280975341796875e+01 1.602564239501953125e+01 1.601280975341796875e+01 1.606425666809082031e+01 1.602564239501953125e+01 1.605136489868164062e+01 1.598721027374267578e+01 1.600000000000000000e+01 1.597444057464599609e+01 1.597444057464599609e+01 1.597444057464599609e+01 1.593625545501708984e+01 1.593625545501708984e+01 1.582278537750244141e+01 1.568627452850341797e+01 1.562500095367431641e+01 1.556420230865478516e+01 1.539645767211914062e+01 1.523229217529296875e+01 1.463057708740234375e+01 1.558846473693847656e+01 1.449275207519531250e+01 1.383125782012939453e+01 1.561280155181884766e+01 1.547987461090087891e+01 1.380262279510498047e+01 1.526717567443847656e+01 1.583531188964843750e+01 1.554001522064208984e+01 1.514004516601562500e+01 1.593625545501708984e+01 1.593625545501708984e+01 1.566170692443847656e+01 1.577287101745605469e+01 1.600000000000000000e+01 1.594896221160888672e+01 1.584785938262939453e+01 1.598721027374267578e+01 1.600000000000000000e+01 1.601280975341796875e+01 1.603849220275878906e+01 1.597444057464599609e+01 1.601280975341796875e+01 1.593625545501708984e+01 1.593625545501708984e+01 1.574803066253662109e+01 1.566170692443847656e+01 1.532567024230957031e+01 1.547987651824951172e+01 1.561280155181884766e+01 1.564945220947265625e+01 1.576044082641601562e+01 1.584786128997802734e+01 1.589825153350830078e+01 1.597444057464599609e+01 1.594896221160888672e+01 1.597444057464599609e+01 1.600000000000000000e+01 1.600000000000000000e+01 1.600000000000000000e+01 1.601280975341796875e+01 1.597444057464599609e+01 1.597444057464599609e+01 1.598721027374267578e+01 1.598721027374267578e+01 1.600000000000000000e+01 1.600000000000000000e+01 1.597444057464599609e+01 1.596169090270996094e+01 1.594896221160888672e+01 1.593625545501708984e+01 1.594896221160888672e+01 1.593625545501708984e+01 1.588562393188476562e+01
6.961364746093750000e+00 2.416042327880859375e+00 1.000000000000000000e+00 2.455494165420532227e+00 6.800408363342285156e+00 6.455777168273925781e+00 7.228044509887695312e+00 9.514747619628906250e+00 1.075268840789794922e+01 1.149425315856933594e+01 1.309757614135742188e+01 1.476014804840087891e+01 1.550387668609619141e+01 1.587301731109619141e+01 1.597444057464599609e+01 1.597444057464599609e+01 1.598721027374267578e+01 1.600000000000000000e+01 1.600000000000000000e+01 1.601280975341796875e+01 1.600000000000000000e+01 1.601280975341796875e+01 1.601280975341796875e+01 1.600000000000000000e+01 1.602564239501953125e+01 1.603849220275878906e+01 1.601280975341796875e+01 1.602564239501953125e+01 1.600000000000000000e+01 1.597444057464599609e+01 1.597444057464599609e+01 1.598721027374267578e+01 1.596169281005859375e+01 1.592356586456298828e+01 1.592356586456298828e+01 1.578531932830810547e+01 1.554001712799072266e+01 1.549186706542968750e+01 1.517450714111328125e+01 1.514004516601562500e+01 1.460920333862304688e+01 1.404494380950927734e+01 1.551590442657470703e+01 1.400560188293457031e+01 1.286173629760742188e+01 1.542019939422607422e+01 1.538461589813232422e+01 1.316655731201171875e+01 1.471670436859130859e+01 1.583531188964843750e+01 1.551590442657470703e+01 1.482579612731933594e+01 1.593625545501708984e+01 1.593625545501708984e+01 1.568627452850341797e+01 1.572326946258544922e+01 1.600000000000000000e+01 1.594896221160888672e+01 1.583531188964843750e+01 1.597444057464599609e+01 1.598721027374267578e+01 1.600000000000000000e+01 1.602564239501953125e+01 1.601280975341796875e+01 1.601280975341796875e+01 1.593625545501708984e+01 1.588562393188476562e+01 1.556420230865478516e+01 1.529051876068115234e+01 1.469507789611816406e+01 1.503759384155273438e+01 1.525553035736083984e+01 1.539645767211914062e+01 1.558846473693847656e+01 1.574803066253662109e+01 1.588562393188476562e+01 1.597444057464599609e+01 1.596169281005859375e+01 1.600000000000000000e+01 1.598721027374267578e+01 1.600000000000000000e+01 1.598721027374267578e+01 1.598721027374267578e+01 1.597444057464599609e+01 1.597444057464599609e+01 1.596169090270996094e+01 1.597444057464599609e+01 1.597444057464599609e+01 1.597444057464599609e+01 1.597444057464599609e+01 1.594896221160888672e+01 1.594896221160888672e+01 1.593625545501708984e+01 1.591089916229248047e+01 1.593625545501708984e+01 1.589824962615966797e+01
7.440475463867187500e+00 6.832934856414794922e+00 2.455494165420532227e+00 1.000000000000000000e+00 2.447381258010864258e+00 6.891798973083496094e+00 5.767012596130371094e+00 6.516780376434326172e+00 9.429514884948730469e+00 1.059321975708007812e+01 1.077586174011230469e+01 1.264222526550292969e+01 1.476014614105224609e+01 1.546790409088134766e+01 1.587301540374755859e+01 1.593625545501708984e+01 1.598721027374267578e+01 1.600000000000000000e+01 1.600000000000000000e+01 1.600000000000000000e+01 1.601280975341796875e+01 1.601280975341796875e+01 1.600000000000000000e+01 1.600000000000000000e+01 1.601280975341796875e+01 1.601280975341796875e+01 1.602564239501953125e+01 1.601280975341796875e+01 1.600000000000000000e+01 1.589825153350830078e+01 1.596169281005859375e+01 1.596169281005859375e+01 1.583531188964843750e+01 1.579778861999511719e+01 1.589825153350830078e+01 1.568627452850341797e+01 1.514004516601562500e+01 1.514004516601562500e+01 1.418439674377441406e+01 1.426533508300781250e+01 1.258653259277343750e+01 1.202645874023437500e+01 1.433691883087158203e+01 1.172332954406738281e+01 9.601536750793457031e+00 1.362397670745849609e+01 1.351351356506347656e+01 9.737097740173339844e+00 1.194029903411865234e+01 1.490312862396240234e+01 1.402524566650390625e+01 1.238390064239501953e+01 1.534919452667236328e+01 1.581027507781982422e+01 1.523229217529296875e+01 1.520912456512451172e+01 1.593625545501708984e+01 1.592356586456298828e+01 1.572326946258544922e+01 1.591089916229248047e+01 1.596169281005859375e+01 1.598721027374267578e+01 1.600000000000000000e+01 1.600000000000000000e+01 1.598721027374267578e+01 1.591089916229248047e+01 1.576044082641601562e+01 1.530221939086914062e+01 1.499250411987304688e+01 1.440922260284423828e+01 1.494768333435058594e+01 1.517450714111328125e+01 1.522069931030273438e+01 1.536098289489746094e+01 1.534919452667236328e+01 1.579778861999511719e+01 1.594896221160888672e+01 1.598721027374267578e+01 1.598721027374267578e+01 1.598721027374267578e+01 1.600000000000000000e+01 1.597444057464599609e+01 1.598721027374267578e+01 1.597444057464599609e+01 1.597444057464599609e+01 1.598721027374267578e+01 1.596169090270996094e+01 1.598721027374267578e+01 1.597444057464599609e+01 1.596169281005859375e+01 1.594896221160888672e+01 1.594896221160888672e+01 1.594896221160888672e+01 1.592356586456298828e+01 1.592356586456298828e+01 1.591089916229248047e+01
8.237232208251953125e+00 6.870491504669189453e+00 6.800408363342285156e+00 2.447381258010864258e+00 1.000000000000000000e+00 2.446782588958740234e+00 6.763611316680908203e+00 5.619556427001953125e+00 6.574622154235839844e+00 9.643201828002929688e+00 1.060445404052734375e+01 1.084010791778564453e+01 1.296176242828369141e+01 1.508295536041259766e+01 1.564945220947265625e+01 1.593625545501708984e+01 1.598721027374267578e+01 1.601280975341796875e+01 1.600000000000000000e+01 1.602564239501953125e+01 1.601280975341796875e+01 1.601280975341796875e+01 1.600000000000000000e+01 1.600000000000000000e+01 1.601280975341796875e+01 1.601280975341796875e+01 1.601280975341796875e+01 1.601280975341796875e+01 1.598721027374267578e+01 1.587301540374755859e+01 1.594896221160888672e+01 1.597444057464599609e+01 1.586042785644531250e+01 1.582278537750244141e+01 1.596169090270996094e+01 1.582278537750244141e+01 1.539645767211914062e+01 1.555209922790527344e+01 1.465201473236083984e+01 1.503759384155273438e+01 1.357773208618164062e+01 1.354096126556396484e+01 1.537278842926025391e+01 1.333333301544189453e+01 1.078748607635498047e+01 1.449275207519531250e+01 1.450326347351074219e+01 1.053185844421386719e+01 1.210653781890869141e+01 1.526717376708984375e+01 1.421464157104492188e+01 1.184834194183349609e+01 1.524390220642089844e+01 1.584785938262939453e+01 1.509434032440185547e+01 1.500374984741210938e+01 1.597444057464599609e+01 1.596169281005859375e+01 1.576044082641601562e+01 1.593625545501708984e+01 1.598721027374267578e+01 1.601280975341796875e+01 1.601280975341796875e+01 1.598721027374267578e+01 1.598721027374267578e+01 1.592356586456298828e+01 1.583531188964843750e+01 1.551590442657470703e+01 1.536098289489746094e+01 1.483679485321044922e+01 1.532567214965820312e+01 1.544401550292968750e+01 1.547987461090087891e+01 1.558846473693847656e+01 1.554001522064208984e+01 1.586042785644531250e+01 1.596169090270996094e+01 1.597444057464599609e+01 1.598721027374267578e+01 1.597444057464599609e+01 1.598721027374267578e+01 1.597444057464599609e+01 1.598721027374267578e+01 1.597444057464599609e+01 1.596169090270996094e+01 1.597444057464599609e+01 1.598721027374267578e+01 1.598721027374267578e+01 1.598721027374267578e+01 1.597444057464599609e+01 1.594896221160888672e+01 1.596169090270996094e+01 1.594896221160888672e+01 1.593625545501708984e+01 1.591089916229248047e+01 1.588562393188476562e+01
9.675858497619628906e+00 7.803355216979980469e+00 6.455777168273925781e+00 6.891798973083496094e+00 2.446782588958740234e+00 1.000000000000000000e+00 2.459722042083740234e+00 7.114905834197998047e+00 5.676980018615722656e+00 6.668889522552490234e+00 9.861932754516601562e+00 1.088139343261718750e+01 1.105583190917968750e+01 1.311475372314453125e+01 1.526717567443847656e+01 1.573564052581787109e+01 1.602564239501953125e+01 1.601280975341796875e+01 1.602564239501953125e+01 1.601280975341796875e+01 1.601280975341796875e+01 1.600000000000000000e+01 1.600000000000000000e+01 1.600000000000000000e+01 1.601280975341796875e+01 1.602564239501953125e+01 1.601280975341796875e+01 1.601280975341796875e+01 1.598721027374267578e+01 1.589825153350830078e+01 1.597444057464599609e+01 1.601280975341796875e+01 1.581027698516845703e+01 1.574803066253662109e+01 1.594896221160888672e+01 1.576044082641601562e+01 1.512859249114990234e+01 1.543209838867187500e+01 1.423487472534179688e+01 1.508295536041259766e+01 1.415428256988525391e+01 1.465201473236083984e+01 1.596169090270996094e+01 1.509434032440185547e+01 1.259445762634277344e+01 1.558846282958984375e+01 1.584786128997802734e+01 1.299545192718505859e+01 1.345895004272460938e+01 1.588562393188476562e+01 1.573564243316650391e+01 1.352265071868896484e+01 1.578531932830810547e+01 1.598721027374267578e+01 1.578531932830810547e+01 1.560062503814697266e+01 1.605136489868164062e+01 1.603849220275878906e+01 1.591089916229248047e+01 1.601280975341796875e+01 1.601280975341796875e+01 1.601280975341796875e+01 1.601280975341796875e+01 1.600000000000000000e+01 1.598721027374267578e+01 1.587301540374755859e+01 1.566170692443847656e+01 1.510573959350585938e+01 1.464128780364990234e+01 1.382170104980468750e+01 1.452432918548583984e+01 1.471670436859130859e+01 1.484780979156494141e+01 1.520912456512451172e+01 1.520912456512451172e+01 1.583531188964843750e+01 1.594896221160888672e+01 1.597444057464599609e+01 1.600000000000000000e+01 1.597444057464599609e+01 1.598721027374267578e+01 1.600000000000000000e+01 1.598721027374267578e+01 1.597444057464599609e+01 1.596169090270996094e+01 1.598721027374267578e+01 1.598721027374267578e+01 1.600000000000000000e+01 1.598721027374267578e+01 1.598721027374267578e+01 1.596169090270996094e+01 1.594896221160888672e+01 1.592356586456298828e+01 1.593625545501708984e+01 1.593625545501708984e+01 1.589824962615966797e+01
1.057082462310791016e+01 9.624638557434082031e+00 7.228044509887695312e+00 5.767012596130371094e+00 6.763611316680908203e+00 2.459722042083740234e+00 1.000000000000000000e+00 2.472493410110473633e+00 6.934813022613525391e+00 5.578800678253173828e+00 6.568144798278808594e+00 9.718173027038574219e+00 1.077005958557128906e+01 1.091107559204101562e+01 1.287830066680908203e+01 1.503759384155273438e+01 1.573564243316650391e+01 1.598721027374267578e+01 1.597444057464599609e+01 1.598721027374267578e+01 1.596169090270996094e+01 1.598721027374267578e+01 1.598721027374267578e+01 1.601280975341796875e+01 1.600000000000000000e+01 1.602564239501953125e+01 1.598721027374267578e+01 1.596169090270996094e+01 1.593625545501708984e+01 1.530221939086914062e+01 1.582278537750244141e+01 1.584786128997802734e+01 1.466275501251220703e+01 1.478196525573730469e+01 1.557632446289062500e+01 1.488095092773437500e+01 1.313197612762451172e+01 1.373626422882080078e+01 1.104362297058105469e+01 1.243780994415283203e+01 1.036806583404541016e+01 1.170960140228271484e+01 1.472754001617431641e+01 1.277955150604248047e+01 9.009009361267089844e+00 1.291989707946777344e+01 1.426533603668212891e+01 1.027221393585205078e+01 1.028806591033935547e+01 1.460920333862304688e+01 1.467351436614990234e+01 1.151410484313964844e+01 1.437814521789550781e+01 1.583531188964843750e+01 1.536098289489746094e+01 1.481481552124023438e+01 1.594896221160888672e+01 1.600000000000000000e+01 1.584785938262939453e+01 1.589825153350830078e+01 1.600000000000000000e+01 1.598721027374267578e+01 1.597444057464599609e+01 1.597444057464599609e+01 1.583531188964843750e+01 1.558846473693847656e+01 1.468428707122802734e+01 1.355932140350341797e+01 1.288659763336181641e+01 1.215066814422607422e+01 1.345895004272460938e+01 1.376462459564208984e+01 1.366120147705078125e+01 1.379310226440429688e+01 1.322751331329345703e+01 1.499250411987304688e+01 1.549186706542968750e+01 1.587301731109619141e+01 1.592356777191162109e+01 1.594896221160888672e+01 1.596169090270996094e+01 1.598721027374267578e+01 1.597444057464599609e+01 1.596169090270996094e+01 1.596169090270996094e+01 1.597444057464599609e+01 1.597444057464599609e+01 1.597444057464599609e+01 1.597444057464599609e+01 1.596169281005859375e+01 1.594896221160888672e+01 1.592356586456298828e+01 1.591089916229248047e+01 1.591089916229248047e+01 1.591089916229248047e+01 1.589825153350830078e+01
1.112966156005859375e+01 1.068375968933105469e+01 9.514747619628906250e+00 6.516780376434326172e+00 5.619556427001953125e+00 7.114905834197998047e+00 2.472493410110473633e+00 1.000000000000000000e+00 2.476780176162719727e+00 7.015082836151123047e+00 5.506608009338378906e+00 6.367398738861083984e+00 9.760859489440917969e+00 1.079330825805664062e+01 1.076426219940185547e+01 1.273885345458984375e+01 1.519756889343261719e+01 1.569858741760253906e+01 1.594896221160888672e+01 1.597444057464599609e+01 1.600000000000000000e+01 1.597444057464599609e+01 1.600000000000000000e+01 1.600000000000000000e+01 1.602564239501953125e+01 1.600000000000000000e+01 1.602564239501953125e+01 1.582278537750244141e+01 1.582278537750244141e+01 1.409443283081054688e+01 1.547987461090087891e+01 1.574803066253662109e+01 1.381215381622314453e+01 1.438848972320556641e+01 1.571091938018798828e+01 1.520912456512451172e+01 1.320131969451904297e+01 1.449275398254394531e+01 1.128668212890625000e+01 1.307189559936523438e+01 9.680541992187500000e+00 1.138952255249023438e+01 1.409443283081054688e+01 1.175088119506835938e+01 7.350238800048828125e+00 1.069518661499023438e+01 1.165501213073730469e+01 7.130125045776367188e+00 6.736274719238281250e+00 1.128668212890625000e+01 1.102535820007324219e+01 7.296607017517089844e+00 1.089918327331542969e+01 1.410437202453613281e+01 1.281229972839355469e+01 1.169590663909912109e+01 1.515151500701904297e+01 1.576044082641601562e+01 1.526717376708984375e+01 1.546790409088134766e+01 1.593625545501708984e+01 1.598721027374267578e+01 1.581027698516845703e+01 1.593625545501708984e+01 1.556420230865478516e+01 1.556420230865478516e+01 1.449275207519531250e+01 1.394700145721435547e+01 1.423487472534179688e+01 1.393728256225585938e+01 1.508295726776123047e+01 1.524390220642089844e+01 1.502629566192626953e+01 1.478196620941162109e+01 1.319261169433593750e+01 1.498127269744873047e+01 1.504890918731689453e+01 1.586042785644531250e+01 1.594896221160888672e+01 1.596169090270996094e+01 1.597444057464599609e+01 1.598721027374267578e+01 1.597444057464599609e+01 1.597444057464599609e+01 1.596169090270996094e+01 1.598721027374267578e+01 1.597444057464599609e+01 1.600000000000000000e+01 1.597444057464599609e+01 1.596169281005859375e+01 1.593625545501708984e+01 1.593625545501708984e+01 1.592356586456298828e+01 1.592356586456298828e+01 1.593625545501708984e+01 1.589825153350830078e+01
1.237623786926269531e+01 1.140901279449462891e+01 1.075268840789794922e+01 9.429514884948730469e+00 6.574622154235839844e+00 5.676980018615722656e+00 6.934813022613525391e+00 2.476780176162719727e+00 1.000000000000000000e+00 2.460932493209838867e+00 7.067138195037841797e+00 5.550929546356201172e+00 6.361322879791259766e+00 9.732359886169433594e+00 1.084598731994628906e+01 1.082836914062500000e+01 1.295336818695068359e+01 1.522069931030273438e+01 1.574803066253662109e+01 1.601280975341796875e+01 1.600000000000000000e+01 1.598721027374267578e+01 1.597444057464599609e+01 1.597444057464599609e+01 1.602564239501953125e+01 1.598721027374267578e+01 1.600000000000000000e+01 1.596169281005859375e+01 1.600000000000000000e+01 1.495886135101318359e+01 1.588562393188476562e+01 1.601280975341796875e+01 1.494768333435058594e+01 1.530221939086914062e+01 1.593625545501708984e+01 1.557632446289062500e+01 1.401541709899902344e+01 1.533742332458496094e+01 1.314924430847167969e+01 1.530221939086914062e+01 1.336005496978759766e+01 1.498127269744873047e+01 1.597444057464599609e+01 1.533742332458496094e+01 1.189768028259277344e+01 1.467351436614990234e+01 1.543209838867187500e+01 1.156069278717041016e+01 1.052077865600585938e+01 1.470588111877441406e+01 1.426533508300781250e+01 9.765625000000000000e+00 1.302931690216064453e+01 1.558846282958984375e+01 1.406469821929931641e+01 1.269035530090332031e+01 1.571091938018798828e+01 1.593625545501708984e+01 1.538461589813232422e+01 1.576044082641601562e+01 1.600000000000000000e+01 1.602564239501953125e+01 1.589825153350830078e+01 1.596169090270996094e+01 1.578531932830810547e+01 1.572326946258544922e+01 1.502629566192626953e+01 1.468428802490234375e+01 1.467351436614990234e+01 1.429592609405517578e+01 1.527883911132812500e+01 1.529051876068115234e+01 1.520912456512451172e+01 1.520912456512451172e+01 1.426533603668212891e+01 1.556420230865478516e+01 1.571091938018798828e+01 1.594896221160888672e+01 1.597444057464599609e+01 1.596169090270996094e+01 1.598721027374267578e+01 1.598721027374267578e+01 1.598721027374267578e+01 1.597444057464599609e+01 1.596169090270996094e+01 1.597444057464599609e+01 1.597444057464599609e+01 1.598721027374267578e+01 1.597444057464599609e+01 1.596169281005859375e+01 1.593625545501708984e+01 1.592356586456298828e+01 1.592356586456298828e+01 1.592356586456298828e+01 1.592356586456298828e+01 1.588562393188476562e+01
1.396648120880126953e+01 1.316655731201171875e+01 1.149425315856933594e+01 1.059321975708007812e+01 9.643201828002929688e+00 6.668889522552490234e+00 5.578800678253173828e+00 7.015082836151123047e+00 2.460932493209838867e+00 1.000000000000000000e+00 2.478007793426513672e+00 7.064641475677490234e+00 5.560189247131347656e+00 6.387735843658447266e+00 9.722896575927734375e+00 1.086366081237792969e+01 1.089918327331542969e+01 1.293661117553710938e+01 1.511715793609619141e+01 1.578531932830810547e+01 1.603849220275878906e+01 1.597444057464599609e+01 1.596169090270996094e+01 1.596169281005859375e+01 1.600000000000000000e+01 1.601280975341796875e+01 1.600000000000000000e+01 1.579778861999511719e+01 1.597444057464599609e+01 1.450326347351074219e+01 1.573564243316650391e+01 1.573564052581787109e+01 1.328903675079345703e+01 1.406469821929931641e+01 1.544401550292968750e+01 1.418439674377441406e+01 1.133144569396972656e+01 1.311475372314453125e+01 1.011122322082519531e+01 1.346801376342773438e+01 1.190476226806640625e+01 1.461988353729248047e+01 1.589824962615966797e+01 1.554001712799072266e+01 1.206272602081298828e+01 1.433691883087158203e+01 1.581027507781982422e+01 1.298701286315917969e+01 1.078167152404785156e+01 1.498127269744873047e+01 1.561280155181884766e+01 1.166180801391601562e+01 1.324503326416015625e+01 1.592356586456298828e+01 1.564945220947265625e+01 1.390820693969726562e+01 1.588562393188476562e+01 1.600000000000000000e+01 1.592356586456298828e+01 1.592356777191162109e+01 1.601280975341796875e+01 1.602564239501953125e+01 1.596169281005859375e+01 1.593625545501708984e+01 1.551590442657470703e+01 1.534919452667236328e+01 1.361470413208007812e+01 1.279590415954589844e+01 1.248439407348632812e+01 1.204819202423095703e+01 1.376462459564208984e+01 1.386962604522705078e+01 1.344085979461669922e+01 1.342282009124755859e+01 1.213592243194580078e+01 1.451378726959228516e+01 1.494768333435058594e+01 1.579778861999511719e+01 1.591089916229248047e+01 1.596169090270996094e+01 1.598721027374267578e+01 1.598721027374267578e+01 1.597444057464599609e+01 1.596169090270996094e+01 1.594896221160888672e+01 1.594896221160888672e+01 1.596169090270996094e+01 1.596169090270996094e+01 1.594896221160888672e+01 1.594896221160888672e+01 1.592356586456298828e+01 1.592356586456298828e+01 1.589825153350830078e+01 1.589825153350830078e+01 1.588562393188476562e+01 1.586042785644531250e+01
1.466275691986083984e+01 1.461988353729248047e+01 1.309757614135742188e+01 1.077586174011230469e+01 1.060445404052734375e+01 9.861932754516601562e+00 6.568144798278808594e+00 5.506608009338378906e+00 7.067138195037841797e+00 2.478007793426513672e+00 1.000000000000000000e+00 2.474634885787963867e+00 7.087172031402587891e+00 5.558643817901611328e+00 6.309148788452148438e+00 9.666505813598632812e+00 1.088139343261718750e+01 1.079330825805664062e+01 1.265822887420654297e+01 1.512859249114990234e+01 1.588562393188476562e+01 1.583531188964843750e+01 1.601280975341796875e+01 1.600000000000000000e+01 1.601280975341796875e+01 1.594896221160888672e+01 1.592356777191162109e+01 1.393728256225585938e+01 1.500374984741210938e+01 1.121705055236816406e+01 1.408450698852539062e+01 1.381215381622314453e+01 9.208103179931640625e+00 1.108033275604248047e+01 1.390820693969726562e+01 1.207729434967041016e+01 8.568981170654296875e+00 1.125492382049560547e+01 7.437708854675292969e+00 1.111728763580322266e+01 8.058017730712890625e+00 1.200480270385742188e+01 1.432664680480957031e+01 1.340482616424560547e+01 8.481763839721679688e+00 9.789525032043457031e+00 1.257071018218994141e+01 9.324009895324707031e+00 5.854800701141357422e+00 1.030927848815917969e+01 1.196888065338134766e+01 7.955449581146240234e+00 8.654262542724609375e+00 1.349527645111083984e+01 1.342282009124755859e+01 1.071237277984619141e+01 1.409443283081054688e+01 1.571091938018798828e+01 1.544401550292968750e+01 1.524390220642089844e+01 1.600000000000000000e+01 1.601280975341796875e+01 1.539645767211914062e+01 1.563721561431884766e+01 1.339584636688232422e+01 1.415428256988525391e+01 1.107419776916503906e+01 1.109877872467041016e+01 1.220256233215332031e+01 1.231527042388916016e+01 1.440922260284423828e+01 1.446131610870361328e+01 1.348617744445800781e+01 1.241464900970458984e+01 9.233610153198242188e+00 1.202645874023437500e+01 1.169590663909912109e+01 1.479290008544921875e+01 1.542019939422607422e+01 1.586042785644531250e+01 1.597444057464599609e+01 1.596169090270996094e+01 1.597444057464599609e+01 1.594896221160888672e+01 1.593625545501708984e+01 1.596169090270996094e+01 1.594896221160888672e+01 1.597444057464599609e+01 1.594896221160888672e+01 1.592356586456298828e+01 1.591089916229248047e+01 1.592356586456298828e+01 1.588562393188476562e+01 1.589825153350830078e+01 1.592356777191162109e+01 1.587301540374755859e+01
1.514004516601562500e+01 1.530221939086914062e+01 1.476014804840087891e+01 1.264222526550292969e+01 1.084010791778564453e+01 1.088139343261718750e+01 9.718173027038574219e+00 6.367398738861083984e+00 5.550929546356201172e+00 7.064641475677490234e+00 2.474634885787963867e+00 1.000000000000000000e+00 2.474022626876831055e+00 7.007708549499511719e+00 5.592841148376464844e+00 6.283380508422851562e+00 9.689922332763671875e+00 1.081081104278564453e+01 1.068375968933105469e+01 1.285346984863281250e+01 1.542019939422607422e+01 1.544401550292968750e+01 1.603849220275878906e+01 1.597444057464599609e+01 1.601280975341796875e+01 1.578531932830810547e+01 1.579778861999511719e+01 1.355932140350341797e+01 1.471670436859130859e+01 1.111728763580322266e+01 1.436781597137451172e+01 1.468428707122802734e+01 1.059883403778076172e+01 1.282873630523681641e+01 1.532567024230957031e+01 1.404494380950927734e+01 1.112966060638427734e+01 1.423487472534179688e+01 1.121076297760009766e+01 1.468428707122802734e+01 1.192605876922607422e+01 1.508295536041259766e+01 1.581027507781982422e+01 1.527883911132812500e+01 1.128031539916992188e+01 1.218026733398437500e+01 1.371742153167724609e+01 1.006036186218261719e+01 6.756756782531738281e+00 1.053740787506103516e+01 1.092896175384521484e+01 5.934717655181884766e+00 7.112375736236572266e+00 1.158077716827392578e+01 1.037882709503173828e+01 7.399186134338378906e+00 1.162790679931640625e+01 1.424501514434814453e+01 1.321004009246826172e+01 1.327139949798583984e+01 1.566170692443847656e+01 1.569858741760253906e+01 1.396648120880126953e+01 1.478196525573730469e+01 1.216544914245605469e+01 1.397624111175537109e+01 1.186239624023437500e+01 1.315789413452148438e+01 1.435750293731689453e+01 1.453488349914550781e+01 1.561280155181884766e+01 1.560062503814697266e+01 1.519756889343261719e+01 1.446131610870361328e+01 1.161440181732177734e+01 1.355932140350341797e+01 1.231527042388916016e+01 1.515151500701904297e+01 1.545595073699951172e+01 1.589825153350830078e+01 1.597444057464599609e+01 1.597444057464599609e+01 1.596169090270996094e+01 1.593625545501708984e+01 1.593625545501708984e+01 1.594896221160888672e+01 1.594896221160888672e+01 1.596169090270996094e+01 1.596169090270996094e+01 1.593625545501708984e+01 1.589825153350830078e+01 1.592356586456298828e+01 1.588562393188476562e+01 1.589825153350830078e+01 1.591089916229248047e+01 1.588562393188476562e+01
1.555209922790527344e+01 1.571091938018798828e+01 1.550387668609619141e+01 1.476014614105224609e+01 1.296176242828369141e+01 1.105583190917968750e+01 1.077005958557128906e+01 9.760859489440917969e+00 6.361322879791259766e+00 5.560189247131347656e+00 7.087172031402587891e+00 2.474022626876831055e+00 1.000000000000000000e+00 2.455192804336547852e+00 7.140307426452636719e+00 5.589715003967285156e+00 6.369426727294921875e+00 9.737098693847656250e+00 1.084598731994628906e+01 1.103752803802490234e+01 1.359619331359863281e+01 1.517450714111328125e+01 1.600000000000000000e+01 1.601280975341796875e+01 1.605136489868164062e+01 1.596169281005859375e+01 1.601280975341796875e+01 1.509434032440185547e+01 1.593625545501708984e+01 1.397624111175537109e+01 1.583531188964843750e+01 1.574803066253662109e+01 1.255492782592773438e+01 1.449275398254394531e+01 1.572326946258544922e+01 1.407459449768066406e+01 1.122334384918212891e+01 1.420454597473144531e+01 1.207000541687011719e+01 1.549186706542968750e+01 1.447177982330322266e+01 1.598721027374267578e+01 1.605136489868164062e+01 1.601280975341796875e+01 1.486988925933837891e+01 1.542019939422607422e+01 1.594896221160888672e+01 1.472754001617431641e+01 1.138952255249023438e+01 1.489203357696533203e+01 1.549186706542968750e+01 1.096491241455078125e+01 1.135718345642089844e+01 1.540832138061523438e+01 1.438848972320556641e+01 1.082837009429931641e+01 1.449275398254394531e+01 1.579778861999511719e+01 1.482579612731933594e+01 1.476014804840087891e+01 1.596169281005859375e+01 1.592356586456298828e+01 1.512859249114990234e+01 1.555209922790527344e+01 1.412429428100585938e+01 1.493651962280273438e+01 1.308044528961181641e+01 1.375515937805175781e+01 1.419446372985839844e+01 1.424501514434814453e+01 1.526717376708984375e+01 1.524390220642089844e+01 1.486988925933837891e+01 1.459854030609130859e+01 1.270648097991943359e+01 1.467351436614990234e+01 1.428571414947509766e+01 1.566170692443847656e+01 1.581027698516845703e+01 1.593625545501708984e+01 1.596169090270996094e+01 1.598721027374267578e+01 1.597444057464599609e+01 1.594896221160888672e+01 1.593625545501708984e+01 1.594896221160888672e+01 1.596169090270996094e+01 1.596169090270996094e+01 1.594896221160888672e+01 1.594896221160888672e+01 1.592356586456298828e+01 1.592356586456298828e+01 1.589825153350830078e+01 1.588562393188476562e+01 1.589825153350830078e+01 1.584786128997802734e+01
1.578531932830810547e+01 1.587301540374755859e+01 1.587301731109619141e+01 1.546790409088134766e+01 1.508295536041259766e+01 1.311475372314453125e+01 1.091107559204101562e+01 1.079330825805664062e+01 9.732359886169433594e+00 6.387735843658447266e+00 5.558643817901611328e+00 7.007708549499511719e+00 2.455192804336547852e+00 1.000000000000000000e+00 2.457908391952514648e+00 7.087172985076904297e+00 5.589715003967285156e+00 6.391818523406982422e+00 9.718173027038574219e+00 1.104362201690673828e+01 1.186239624023437500e+01 1.308044528961181641e+01 1.584785938262939453e+01 1.594896221160888672e+01 1.605136489868164062e+01 1.568627452850341797e+01 1.582278537750244141e+01 1.296176242828369141e+01 1.515151500701904297e+01 1.231527042388916016e+01 1.467351436614990234e+01 1.328021240234375000e+01 8.837825775146484375e+00 1.125492286682128906e+01 1.321004009246826172e+01 1.023541450500488281e+01 6.889424324035644531e+00 1.049868774414062500e+01 8.271298408508300781e+00 1.295336818695068359e+01 1.205545520782470703e+01 1.533742332458496094e+01 1.588562393188476562e+01 1.592356586456298828e+01 1.388888931274414062e+01 1.390820503234863281e+01 1.577287101745605469e+01 1.465201473236083984e+01 1.045478248596191406e+01 1.359619331359863281e+01 1.554001522064208984e+01 1.164144325256347656e+01 1.050972175598144531e+01 1.512859249114990234e+01 1.530221939086914062e+01 1.177856349945068359e+01 1.424501514434814453e+01 1.591089916229248047e+01 1.571091938018798828e+01 1.506023979187011719e+01 1.594896221160888672e+01 1.598721027374267578e+01 1.508295726776123047e+01 1.545595073699951172e+01 1.294498348236083984e+01 1.395673465728759766e+01 1.113585758209228516e+01 1.164144420623779297e+01 1.270647907257080078e+01 1.302931690216064453e+01 1.468428802490234375e+01 1.467351436614990234e+01 1.365187835693359375e+01 1.256281280517578125e+01 9.420631408691406250e+00 1.180637454986572266e+01 1.152737712860107422e+01 1.430615234375000000e+01 1.517450714111328125e+01 1.569858551025390625e+01 1.588562393188476562e+01 1.593625545501708984e+01 1.596169090270996094e+01 1.592356777191162109e+01 1.592356777191162109e+01 1.596169090270996094e+01 1.594896221160888672e+01 1.594896221160888672e+01 1.594896221160888672e+01 1.592356586456298828e+01 1.589825153350830078e+01 1.591089916229248047e+01 1.588562393188476562e+01 1.586042785644531250e+01 1.589825153350830078e+01 1.586042785644531250e+01
1.592356586456298828e+01 1.598721027374267578e+01 1.597444057464599609e+01 1.587301540374755859e+01 1.564945220947265625e+01 1.526717567443847656e+01 1.287830066680908203e+01 1.076426219940185547e+01 1.084598731994628906e+01 9.722896575927734375e+00 6.309148788452148438e+00 5.592841148376464844e+00 7.140307426452636719e+00 2.457908391952514648e+00 1.000000000000000000e+00 2.485398292541503906e+00 6.995452880859375000e+00 5.563282489776611328e+00 6.371456146240234375e+00 9.842518806457519531e+00 1.149425315856933594e+01 1.088731670379638672e+01 1.530221939086914062e+01 1.556420230865478516e+01 1.578531837463378906e+01 1.369863033294677734e+01 1.405481243133544922e+01 9.208103179931640625e+00 1.209189891815185547e+01 8.814455032348632812e+00 1.223241519927978516e+01 1.074691009521484375e+01 6.209251880645751953e+00 9.920635223388671875e+00 1.252348136901855469e+01 9.940357208251953125e+00 7.598784446716308594e+00 1.182033061981201172e+01 9.523809432983398438e+00 1.386962604522705078e+01 1.179245281219482422e+01 1.534919452667236328e+01 1.578531932830810547e+01 1.582278537750244141e+01 1.300390052795410156e+01 1.220256233215332031e+01 1.459854030609130859e+01 1.259445762634277344e+01 7.707129001617431641e+00 1.000000000000000000e+01 1.230012226104736328e+01 8.322929382324218750e+00 6.134969711303710938e+00 1.107419681549072266e+01 1.163467121124267578e+01 7.552869796752929688e+00 9.799118041992187500e+00 1.386001396179199219e+01 1.361470413208007812e+01 1.207729434967041016e+01 1.540832138061523438e+01 1.519756889343261719e+01 1.203369331359863281e+01 1.298701286315917969e+01 9.132419586181640625e+00 1.166180801391601562e+01 9.592326164245605469e+00 1.171646213531494141e+01 1.391788387298583984e+01 1.466275691986083984e+01 1.567397975921630859e+01 1.562499904632568359e+01 1.477104949951171875e+01 1.313197612762451172e+01 9.049774169921875000e+00 1.020408153533935547e+01 8.453085899353027344e+00 1.221001243591308594e+01 1.322751331329345703e+01 1.520912456512451172e+01 1.579778861999511719e+01 1.593625545501708984e+01 1.594896221160888672e+01 1.589824962615966797e+01 1.592356586456298828e+01 1.597444057464599609e+01 1.596169090270996094e+01 1.597444057464599609e+01 1.594896221160888672e+01 1.594896221160888672e+01 1.592356586456298828e+01 1.591089916229248047e+01 1.588562393188476562e+01 1.591089916229248047e+01 1.593625545501708984e+01 1.591089916229248047e+01
1.592356777191162109e+01 1.596169090270996094e+01 1.597444057464599609e+01 1.593625545501708984e+01 1.593625545501708984e+01 1.573564052581787109e+01 1.503759384155273438e+01 1.273885345458984375e+01 1.082836914062500000e+01 1.086366081237792969e+01 9.666505813598632812e+00 6.283380508422851562e+00 5.589715003967285156e+00 7.087172985076904297e+00 2.485398292541503906e+00 1.000000000000000000e+00 2.436944007873535156e+00 7.127583503723144531e+00 5.665722846984863281e+00 6.568144798278808594e+00 1.020408153533935547e+01 1.085187149047851562e+01 1.509434032440185547e+01 1.546790409088134766e+01 1.587301540374755859e+01 1.445086669921875000e+01 1.526717376708984375e+01 1.141552543640136719e+01 1.459854030609130859e+01 1.212856197357177734e+01 1.510573959350585938e+01 1.400560188293457031e+01 1.030396747589111328e+01 1.385041522979736328e+01 1.532567024230957031e+01 1.274697208404541016e+01 1.091107463836669922e+01 1.473839282989501953e+01 1.320131969451904297e+01 1.589825153350830078e+01 1.525553035736083984e+01 1.605136489868164062e+01 1.602564239501953125e+01 1.602564239501953125e+01 1.571091938018798828e+01 1.536098289489746094e+01 1.593625545501708984e+01 1.511715888977050781e+01 1.134430027008056641e+01 1.323626613616943359e+01 1.415428256988525391e+01 9.808730125427246094e+00 8.100445747375488281e+00 1.216544914245605469e+01 1.156738090515136719e+01 6.958941936492919922e+00 9.474183082580566406e+00 1.307189559936523438e+01 1.194743156433105469e+01 1.040582656860351562e+01 1.424501514434814453e+01 1.379310226440429688e+01 1.104972457885742188e+01 1.250781631469726562e+01 1.024590206146240234e+01 1.339584636688232422e+01 1.236093997955322266e+01 1.425516700744628906e+01 1.536098289489746094e+01 1.552794933319091797e+01 1.589824962615966797e+01 1.587301540374755859e+01 1.561280155181884766e+01 1.500374984741210938e+01 1.243780994415283203e+01 1.336005306243896484e+01 1.169590663909912109e+01 1.432664680480957031e+01 1.459854030609130859e+01 1.557632446289062500e+01 1.587301731109619141e+01 1.592356586456298828e+01 1.594896221160888672e+01 1.587301731109619141e+01 1.593625545501708984e+01 1.596169281005859375e+01 1.593625545501708984e+01 1.593625545501708984e+01 1.592356586456298828e+01 1.589824962615966797e+01 1.588562393188476562e+01 1.588562393188476562e+01 1.586042785644531250e+01 1.584786128997802734e+01 1.589825153350830078e+01 1.587301731109619141e+01
