1.000000000000000000e+00 2.487562179565429688e+00 7.112375736236572266e+00 9.469696998596191406e+00 1.189768028259277344e+01 1.368925285339355469e+01 1.488095092773437500e+01 1.523229217529296875e+01 1.560062503814697266e+01 1.578531837463378906e+01 1.563721561431884766e+01 1.572326946258544922e+01 1.592356586456298828e+01 1.591089916229248047e+01 1.581027507781982422e+01 1.592356586456298828e+01 1.598721027374267578e+01 1.600000000000000000e+01 1.596169281005859375e+01 1.591089916229248047e+01 1.592356586456298828e+01 1.576044273376464844e+01 1.577287101745605469e+01 1.574803066253662109e+01 1.572326946258544922e+01 1.573564243316650391e+01 1.561280155181884766e+01 1.539645767211914062e+01 1.552794933319091797e+01 1.560062503814697266e+01 1.584785938262939453e+01 1.589825153350830078e+01 1.596169090270996094e+01 1.597444057464599609e+01 1.601280975341796875e+01 1.601280975341796875e+01 1.600000000000000000e+01 1.601280975341796875e+01 1.601280975341796875e+01 1.600000000000000000e+01 1.600000000000000000e+01 1.597444057464599609e+01 1.593625545501708984e+01 1.588562393188476562e+01 1.572326946258544922e+01 1.523229217529296875e+01 1.508295536041259766e+01 1.422475147247314453e+01 1.443001365661621094e+01 1.483679485321044922e+01 1.468428707122802734e+01 1.518602752685546875e+01 1.552794933319091797e+01 1.563721561431884766e+01 1.583531188964843750e+01 1.586042785644531250e+01 1.598721027374267578e+01 1.598721027374267578e+01 1.600000000000000000e+01 1.600000000000000000e+01 1.600000000000000000e+01 1.600000000000000000e+01 1.598721027374267578e+01 1.597444057464599609e+01 1.593625545501708984e+01 1.591089916229248047e+01 1.579778861999511719e+01 1.567398166656494141e+01 1.545595073699951172e+01 1.512859249114990234e+01 1.460920333862304688e+01 1.434720134735107422e+01 1.330671977996826172e+01 1.294498348236083984e+01 1.432664680480957031e+01 1.412429428100585938e+01 1.464128971099853516e+01 1.506024074554443359e+01 1.502629566192626953e+01 1.543210029602050781e+01 1.555209922790527344e+01 1.561280155181884766e+01 1.551590442657470703e+01 1.544401550292968750e+01 1.544401550292968750e+01 1.554001522064208984e+01 1.526717376708984375e+01 1.529051876068115234e+01 1.474926280975341797e+01 1.498127365112304688e+01 1.485884094238281250e+01 1.517450714111328125e+01 1.547987651824951172e+01 1.560062503814697266e+01 1.557632446289062500e+01 1.558846282958984375e+01 1.569858551025390625e+01 1.568627452850341797e+01 1.581027507781982422e+01 1.578531932830810547e+01 1.584786128997802734e+01 1.583531188964843750e+01 1.581027507781982422e+01 1.579778861999511719e+01 1.569858741760253906e+01 1.576044082641601562e+01 1.588562393188476562e+01 1.586042785644531250e+01 1.588562393188476562e+01 1.588562393188476562e+01 1.588562393188476562e+01 1.584786128997802734e+01 1.586042785644531250e+01 1.578531932830810547e+01 1.576044082641601562e+01 1.578531837463378906e+01
2.487562179565429688e+00 1.000000000000000000e+00 2.468221664428710938e+00 7.155634880065917969e+00 9.708738327026367188e+00 1.191185283660888672e+01 1.413427639007568359e+01 1.492537307739257812e+01 1.542019939422607422e+01 1.567398166656494141e+01 1.547987461090087891e+01 1.558846473693847656e+01 1.587301540374755859e+01 1.583531188964843750e+01 1.568627452850341797e+01 1.587301540374755859e+01 1.593625545501708984e+01 1.594896221160888672e+01 1.597444057464599609e+01 1.582278537750244141e+01 1.588562393188476562e+01 1.568627452850341797e+01 1.571091938018798828e+01 1.564945220947265625e+01 1.567398166656494141e+01 1.571091938018798828e+01 1.561280155181884766e+01 1.531393527984619141e+01 1.544401550292968750e+01 1.539645767211914062e+01 1.576044082641601562e+01 1.578531932830810547e+01 1.592356586456298828e+01 1.592356586456298828e+01 1.598721027374267578e+01 1.598721027374267578e+01 1.598721027374267578e+01 1.600000000000000000e+01 1.598721027374267578e+01 1.594896221160888672e+01 1.596169090270996094e+01 1.593625545501708984e+01 1.586042785644531250e+01 1.573564243316650391e+01 1.552794933319091797e+01 1.476014804840087891e+01 1.472754001617431641e+01 1.377410507202148438e+01 1.412429237365722656e+01 1.449275207519531250e+01 1.416430568695068359e+01 1.472754001617431641e+01 1.510573959350585938e+01 1.533742332458496094e+01 1.571091938018798828e+01 1.572326946258544922e+01 1.588562393188476562e+01 1.592356586456298828e+01 1.596169090270996094e+01 1.597444057464599609e+01 1.598721027374267578e+01 1.598721027374267578e+01 1.594896221160888672e+01 1.594896221160888672e+01 1.591089916229248047e+01 1.586042785644531250e+01 1.568627452850341797e+01 1.546790409088134766e+01 1.502629566192626953e+01 1.471670436859130859e+01 1.380262279510498047e+01 1.320131969451904297e+01 1.189060592651367188e+01 1.124227142333984375e+01 1.287830066680908203e+01 1.282051277160644531e+01 1.382170104980468750e+01 1.451378917694091797e+01 1.457726001739501953e+01 1.522069931030273438e+01 1.543209838867187500e+01 1.549186706542968750e+01 1.532567024230957031e+01 1.517450714111328125e+01 1.512859249114990234e+01 1.509434032440185547e+01 1.463057708740234375e+01 1.466275691986083984e+01 1.386001396179199219e+01 1.425516700744628906e+01 1.434720134735107422e+01 1.490312862396240234e+01 1.542019939422607422e+01 1.558846473693847656e+01 1.550387477874755859e+01 1.546790409088134766e+01 1.556420230865478516e+01 1.552794933319091797e+01 1.566170692443847656e+01 1.562500095367431641e+01 1.569858741760253906e+01 1.572326946258544922e+01 1.564945220947265625e+01 1.569858551025390625e+01 1.562500095367431641e+01 1.566170692443847656e+01 1.578531932830810547e+01 1.576044082641601562e+01 1.576044082641601562e+01 1.578531837463378906e+01 1.577287101745605469e+01 1.577287101745605469e+01 1.579778861999511719e+01 1.572326946258544922e+01 1.574803066253662109e+01 1.581027507781982422e+01
7.112375736236572266e+00 2.468221664428710938e+00 1.000000000000000000e+00 2.529084444046020508e+00 7.336757183074951172e+00 9.372071266174316406e+00 1.197604846954345703e+01 1.374570369720458984e+01 1.485883998870849609e+01 1.536098289489746094e+01 1.474926280975341797e+01 1.490312862396240234e+01 1.574803066253662109e+01 1.571091938018798828e+01 1.536098289489746094e+01 1.573564243316650391e+01 1.593625545501708984e+01 1.592356586456298828e+01 1.593625545501708984e+01 1.578531932830810547e+01 1.587301540374755859e+01 1.568627452850341797e+01 1.566170692443847656e+01 1.566170692443847656e+01 1.568627452850341797e+01 1.576044082641601562e+01 1.563721561431884766e+01 1.536098289489746094e+01 1.542019939422607422e+01 1.526717376708984375e+01 1.569858551025390625e+01 1.567398166656494141e+01 1.592356777191162109e+01 1.591089916229248047e+01 1.597444057464599609e+01 1.596169090270996094e+01 1.597444057464599609e+01 1.596169090270996094e+01 1.598721027374267578e+01 1.596169090270996094e+01 1.596169090270996094e+01 1.589825153350830078e+01 1.583531188964843750e+01 1.546790409088134766e+01 1.522070121765136719e+01 1.389853954315185547e+01 1.418439674377441406e+01 1.299545192718505859e+01 1.373626422882080078e+01 1.408450794219970703e+01 1.367989063262939453e+01 1.437814521789550781e+01 1.466275691986083984e+01 1.523229217529296875e+01 1.555209922790527344e+01 1.576044082641601562e+01 1.587301540374755859e+01 1.593625545501708984e+01 1.593625545501708984e+01 1.596169090270996094e+01 1.597444057464599609e+01 1.597444057464599609e+01 1.596169090270996094e+01 1.594896221160888672e+01 1.591089916229248047e+01 1.587301540374755859e+01 1.568627452850341797e+01 1.554001522064208984e+01 1.491424465179443359e+01 1.488095092773437500e+01 1.401541709899902344e+01 1.250000000000000000e+01 1.129305458068847656e+01 9.828009605407714844e+00 1.117318439483642578e+01 1.109262371063232422e+01 1.236858272552490234e+01 1.372683525085449219e+01 1.402524566650390625e+01 1.498127269744873047e+01 1.532567024230957031e+01 1.537278842926025391e+01 1.509434032440185547e+01 1.480384826660156250e+01 1.466275691986083984e+01 1.426533508300781250e+01 1.389853954315185547e+01 1.397624111175537109e+01 1.351351356506347656e+01 1.396647930145263672e+01 1.448225975036621094e+01 1.503759384155273438e+01 1.556420230865478516e+01 1.573564052581787109e+01 1.563721561431884766e+01 1.557632446289062500e+01 1.556420230865478516e+01 1.560062503814697266e+01 1.558846282958984375e+01 1.566170692443847656e+01 1.563721561431884766e+01 1.576044082641601562e+01 1.558846282958984375e+01 1.568627452850341797e+01 1.562499904632568359e+01 1.566170692443847656e+01 1.572326946258544922e+01 1.579778861999511719e+01 1.578531932830810547e+01 1.584786128997802734e+01 1.579778861999511719e+01 1.579778861999511719e+01 1.583531188964843750e+01 1.577287101745605469e+01 1.578531932830810547e+01 1.584786128997802734e+01
9.469696998596191406e+00 7.155634880065917969e+00 2.529084444046020508e+00 1.000000000000000000e+00 2.494698762893676758e+00 7.181327819824218750e+00 9.985021591186523438e+00 1.199040794372558594e+01 1.422475147247314453e+01 1.509434032440185547e+01 1.386001396179199219e+01 1.443001556396484375e+01 1.579778861999511719e+01 1.576044082641601562e+01 1.544401550292968750e+01 1.589825153350830078e+01 1.596169090270996094e+01 1.598721027374267578e+01 1.598721027374267578e+01 1.589824962615966797e+01 1.596169090270996094e+01 1.584786128997802734e+01 1.581027507781982422e+01 1.583531188964843750e+01 1.578531932830810547e+01 1.584786128997802734e+01 1.578531932830810547e+01 1.549186706542968750e+01 1.563721561431884766e+01 1.547987461090087891e+01 1.588562393188476562e+01 1.588562393188476562e+01 1.598721027374267578e+01 1.597444057464599609e+01 1.600000000000000000e+01 1.598721027374267578e+01 1.600000000000000000e+01 1.601280975341796875e+01 1.601280975341796875e+01 1.600000000000000000e+01 1.598721027374267578e+01 1.597444057464599609e+01 1.591089916229248047e+01 1.562500095367431641e+01 1.542019939422607422e+01 1.412429237365722656e+01 1.472754001617431641e+01 1.378359794616699219e+01 1.441961002349853516e+01 1.463057708740234375e+01 1.416430568695068359e+01 1.486988925933837891e+01 1.499250411987304688e+01 1.542019939422607422e+01 1.568627452850341797e+01 1.579778861999511719e+01 1.594896221160888672e+01 1.598721027374267578e+01 1.600000000000000000e+01 1.600000000000000000e+01 1.600000000000000000e+01 1.600000000000000000e+01 1.600000000000000000e+01 1.600000000000000000e+01 1.598721027374267578e+01 1.594896221160888672e+01 1.582278537750244141e+01 1.569858551025390625e+01 1.507159042358398438e+01 1.497006034851074219e+01 1.415428256988525391e+01 1.248439407348632812e+01 1.099505233764648438e+01 8.814455032348632812e+00 1.045478248596191406e+01 1.009081745147705078e+01 1.165501213073730469e+01 1.345895004272460938e+01 1.393728256225585938e+01 1.516300106048583984e+01 1.546790409088134766e+01 1.554001712799072266e+01 1.527883911132812500e+01 1.476014804840087891e+01 1.468428707122802734e+01 1.404494380950927734e+01 1.357773208618164062e+01 1.386001396179199219e+01 1.326259994506835938e+01 1.403508758544921875e+01 1.452432918548583984e+01 1.503759384155273438e+01 1.558846282958984375e+01 1.577287101745605469e+01 1.572326946258544922e+01 1.571091938018798828e+01 1.569858551025390625e+01 1.572326946258544922e+01 1.577287101745605469e+01 1.578531837463378906e+01 1.576044082641601562e+01 1.583531188964843750e+01 1.564945411682128906e+01 1.578531932830810547e+01 1.573564243316650391e+01 1.576044082641601562e+01 1.579778861999511719e+01 1.584786128997802734e+01 1.582278537750244141e+01 1.588562393188476562e+01 1.587301540374755859e+01 1.584785938262939453e+01 1.589825153350830078e+01 1.587301540374755859e+01 1.587301731109619141e+01 1.592356586456298828e+01
1.189768028259277344e+01 9.708738327026367188e+00 7.336757183074951172e+00 2.494698762893676758e+00 1.000000000000000000e+00 2.477700948715209961e+00 7.665772438049316406e+00 9.818360328674316406e+00 1.265822887420654297e+01 1.406469821929931641e+01 1.182732105255126953e+01 1.286173629760742188e+01 1.552794933319091797e+01 1.544401550292968750e+01 1.495886325836181641e+01 1.581027698516845703e+01 1.598721027374267578e+01 1.597444057464599609e+01 1.596169281005859375e+01 1.573564243316650391e+01 1.591089916229248047e+01 1.576044273376464844e+01 1.576044082641601562e+01 1.583531188964843750e+01 1.574803066253662109e+01 1.583531188964843750e+01 1.576044273376464844e+01 1.539645957946777344e+01 1.561280155181884766e+01 1.527883911132812500e+01 1.589825153350830078e+01 1.582278537750244141e+01 1.596169090270996094e+01 1.593625545501708984e+01 1.601280975341796875e+01 1.600000000000000000e+01 1.600000000000000000e+01 1.600000000000000000e+01 1.602564239501953125e+01 1.600000000000000000e+01 1.598721027374267578e+01 1.594896221160888672e+01 1.589825153350830078e+01 1.533742332458496094e+01 1.517450714111328125e+01 1.341381549835205078e+01 1.446131610870361328e+01 1.366120147705078125e+01 1.451378726959228516e+01 1.468428707122802734e+01 1.420454597473144531e+01 1.491424274444580078e+01 1.483679676055908203e+01 1.551590442657470703e+01 1.567398166656494141e+01 1.584785938262939453e+01 1.593625545501708984e+01 1.596169090270996094e+01 1.598721027374267578e+01 1.600000000000000000e+01 1.600000000000000000e+01 1.601280975341796875e+01 1.598721027374267578e+01 1.600000000000000000e+01 1.597444057464599609e+01 1.596169090270996094e+01 1.586042785644531250e+01 1.576044273376464844e+01 1.520912456512451172e+01 1.518602752685546875e+01 1.456664276123046875e+01 1.280409812927246094e+01 1.166180801391601562e+01 8.572652816772460938e+00 9.532888412475585938e+00 8.673027038574218750e+00 9.940357208251953125e+00 1.249219226837158203e+01 1.334222793579101562e+01 1.506024074554443359e+01 1.552794933319091797e+01 1.556420230865478516e+01 1.512859249114990234e+01 1.408450698852539062e+01 1.419446372985839844e+01 1.319261169433593750e+01 1.324503326416015625e+01 1.374570369720458984e+01 1.365187644958496094e+01 1.438848972320556641e+01 1.501501655578613281e+01 1.543209838867187500e+01 1.579778861999511719e+01 1.588562393188476562e+01 1.584786128997802734e+01 1.579778861999511719e+01 1.574803066253662109e+01 1.576044082641601562e+01 1.574803066253662109e+01 1.581027698516845703e+01 1.573564243316650391e+01 1.584785938262939453e+01 1.566170692443847656e+01 1.577287101745605469e+01 1.567397975921630859e+01 1.573564243316650391e+01 1.581027507781982422e+01 1.584786128997802734e+01 1.586042785644531250e+01 1.588562393188476562e+01 1.591089916229248047e+01 1.589824962615966797e+01 1.594896221160888672e+01 1.591089916229248047e+01 1.592356586456298828e+01 1.592356777191162109e+01
1.368925285339355469e+01 1.191185283660888672e+01 9.372071266174316406e+00 7.181327819824218750e+00 2.477700948715209961e+00 1.000000000000000000e+00 2.497502326965332031e+00 7.296607017517089844e+00 9.823183059692382812e+00 1.156738090515136719e+01 9.624638557434082031e+00 1.042209529876708984e+01 1.420454597473144531e+01 1.423487472534179688e+01 1.356852149963378906e+01 1.523229217529296875e+01 1.592356586456298828e+01 1.586042785644531250e+01 1.582278537750244141e+01 1.511715793609619141e+01 1.576044082641601562e+01 1.546790409088134766e+01 1.545595073699951172e+01 1.564945220947265625e+01 1.562499904632568359e+01 1.578531932830810547e+01 1.558846282958984375e+01 1.494768333435058594e+01 1.510573959350585938e+01 1.419446372985839844e+01 1.562500095367431641e+01 1.526717376708984375e+01 1.592356777191162109e+01 1.584786128997802734e+01 1.597444057464599609e+01 1.596169090270996094e+01 1.598721027374267578e+01 1.600000000000000000e+01 1.602564239501953125e+01 1.597444057464599609e+01 1.597444057464599609e+01 1.587301540374755859e+01 1.578531932830810547e+01 1.450326347351074219e+01 1.464128971099853516e+01 1.220256233215332031e+01 1.402524566650390625e+01 1.338688087463378906e+01 1.445086860656738281e+01 1.448225975036621094e+01 1.373626422882080078e+01 1.439884662628173828e+01 1.389853954315185547e+01 1.524390220642089844e+01 1.533742332458496094e+01 1.578531837463378906e+01 1.589825153350830078e+01 1.596169090270996094e+01 1.597444057464599609e+01 1.600000000000000000e+01 1.601280975341796875e+01 1.601280975341796875e+01 1.598721027374267578e+01 1.597444057464599609e+01 1.596169090270996094e+01 1.593625545501708984e+01 1.576044082641601562e+01 1.560062503814697266e+01 1.476014804840087891e+01 1.499250411987304688e+01 1.463057708740234375e+01 1.287001228332519531e+01 1.272264671325683594e+01 9.689922332763671875e+00 8.841732978820800781e+00 8.510638236999511719e+00 8.319467544555664062e+00 1.198322296142578125e+01 1.273074531555175781e+01 1.482579612731933594e+01 1.551590442657470703e+01 1.550387477874755859e+01 1.482579612731933594e+01 1.314924430847167969e+01 1.331557846069335938e+01 1.177856349945068359e+01 1.255492782592773438e+01 1.301236248016357422e+01 1.351351356506347656e+01 1.416430568695068359e+01 1.514004516601562500e+01 1.550387477874755859e+01 1.584786128997802734e+01 1.591089916229248047e+01 1.584786128997802734e+01 1.582278537750244141e+01 1.574803066253662109e+01 1.581027698516845703e+01 1.569858741760253906e+01 1.581027507781982422e+01 1.556420230865478516e+01 1.579778861999511719e+01 1.539645767211914062e+01 1.560062503814697266e+01 1.540832138061523438e+01 1.563721561431884766e+01 1.567398166656494141e+01 1.584786128997802734e+01 1.578531932830810547e+01 1.588562393188476562e+01 1.587301731109619141e+01 1.588562393188476562e+01 1.593625545501708984e+01 1.589824962615966797e+01 1.592356586456298828e+01 1.597444057464599609e+01
1.488095092773437500e+01 1.413427639007568359e+01 1.197604846954345703e+01 9.985021591186523438e+00 7.665772438049316406e+00 2.497502326965332031e+00 1.000000000000000000e+00 2.490970134735107422e+00 7.668711662292480469e+00 8.833922386169433594e+00 6.042295932769775391e+00 6.478781700134277344e+00 1.056523990631103516e+01 1.064962673187255859e+01 9.896090507507324219e+00 1.229256343841552734e+01 1.495886325836181641e+01 1.497006034851074219e+01 1.518602752685546875e+01 1.367053985595703125e+01 1.546790409088134766e+01 1.523229217529296875e+01 1.527883911132812500e+01 1.566170692443847656e+01 1.569858741760253906e+01 1.582278537750244141e+01 1.569858741760253906e+01 1.510573959350585938e+01 1.499250411987304688e+01 1.314060497283935547e+01 1.518602943420410156e+01 1.405481433868408203e+01 1.582278537750244141e+01 1.554001522064208984e+01 1.597444057464599609e+01 1.596169281005859375e+01 1.598721027374267578e+01 1.597444057464599609e+01 1.602564239501953125e+01 1.596169090270996094e+01 1.597444057464599609e+01 1.557632446289062500e+01 1.543209838867187500e+01 1.304631423950195312e+01 1.388888931274414062e+01 1.122964668273925781e+01 1.390820503234863281e+01 1.371742153167724609e+01 1.482579612731933594e+01 1.464128971099853516e+01 1.383125782012939453e+01 1.428571414947509766e+01 1.287829971313476562e+01 1.494768333435058594e+01 1.472754001617431641e+01 1.573564243316650391e+01 1.583531188964843750e+01 1.597444057464599609e+01 1.597444057464599609e+01 1.601280975341796875e+01 1.602564239501953125e+01 1.601280975341796875e+01 1.598721027374267578e+01 1.597444057464599609e+01 1.593625545501708984e+01 1.591089916229248047e+01 1.557632446289062500e+01 1.557632446289062500e+01 1.437814521789550781e+01 1.522069931030273438e+01 1.493652153015136719e+01 1.291989707946777344e+01 1.360544204711914062e+01 1.085187149047851562e+01 8.267879486083984375e+00 8.764242172241210938e+00 6.966213226318359375e+00 1.148764991760253906e+01 1.235330486297607422e+01 1.481481552124023438e+01 1.558846473693847656e+01 1.551590442657470703e+01 1.463057708740234375e+01 1.226241493225097656e+01 1.255492782592773438e+01 1.022494888305664062e+01 1.214329051971435547e+01 1.223241519927978516e+01 1.377410507202148438e+01 1.437814521789550781e+01 1.544401550292968750e+01 1.568627452850341797e+01 1.593625545501708984e+01 1.597444057464599609e+01 1.593625545501708984e+01 1.589825153350830078e+01 1.577287101745605469e+01 1.578531932830810547e+01 1.539645767211914062e+01 1.569858741760253906e+01 1.497006034851074219e+01 1.556420230865478516e+01 1.467351436614990234e+01 1.515151500701904297e+01 1.494768333435058594e+01 1.531393527984619141e+01 1.520912456512451172e+01 1.571091938018798828e+01 1.557632446289062500e+01 1.588562393188476562e+01 1.586042785644531250e+01 1.592356586456298828e+01 1.597444057464599609e+01 1.593625545501708984e+01 1.596169281005859375e+01 1.597444057464599609e+01
1.523229217529296875e+01 1.492537307739257812e+01 1.374570369720458984e+01 1.199040794372558594e+01 9.818360328674316406e+00 7.296607017517089844e+00 2.490970134735107422e+00 1.000000000000000000e+00 2.481697559356689453e+00 5.354752540588378906e+00 5.023863315582275391e+00 7.443244934082031250e+00 9.680541992187500000e+00 9.891197204589843750e+00 1.116694545745849609e+01 1.335113430023193359e+01 1.533742332458496094e+01 1.524390220642089844e+01 1.524390220642089844e+01 1.362397861480712891e+01 1.550387477874755859e+01 1.522069931030273438e+01 1.519756889343261719e+01 1.576044082641601562e+01 1.560062503814697266e+01 1.587301540374755859e+01 1.583531188964843750e+01 1.538461589813232422e+01 1.549186706542968750e+01 1.367989063262939453e+01 1.571091938018798828e+01 1.461988353729248047e+01 1.594896221160888672e+01 1.566170692443847656e+01 1.596169090270996094e+01 1.593625545501708984e+01 1.596169090270996094e+01 1.594896221160888672e+01 1.597444057464599609e+01 1.593625545501708984e+01 1.600000000000000000e+01 1.578531837463378906e+01 1.591089916229248047e+01 1.466275691986083984e+01 1.542019939422607422e+01 1.344989967346191406e+01 1.534919452667236328e+01 1.495886325836181641e+01 1.542019939422607422e+01 1.525553035736083984e+01 1.473839282989501953e+01 1.536098289489746094e+01 1.457726001739501953e+01 1.578531932830810547e+01 1.566170692443847656e+01 1.594896221160888672e+01 1.597444057464599609e+01 1.597444057464599609e+01 1.598721027374267578e+01 1.600000000000000000e+01 1.601280975341796875e+01 1.601280975341796875e+01 1.598721027374267578e+01 1.600000000000000000e+01 1.596169090270996094e+01 1.597444057464599609e+01 1.591089916229248047e+01 1.591089916229248047e+01 1.563721561431884766e+01 1.581027507781982422e+01 1.576044082641601562e+01 1.507159042358398438e+01 1.530221939086914062e+01 1.357773208618164062e+01 1.156069278717041016e+01 1.165501213073730469e+01 9.532888412475585938e+00 1.350438880920410156e+01 1.371742153167724609e+01 1.540832138061523438e+01 1.579778861999511719e+01 1.576044273376464844e+01 1.544401550292968750e+01 1.395673465728759766e+01 1.468428802490234375e+01 1.300390052795410156e+01 1.463057708740234375e+01 1.449275207519531250e+01 1.518602943420410156e+01 1.536098289489746094e+01 1.576044273376464844e+01 1.584785938262939453e+01 1.597444057464599609e+01 1.597444057464599609e+01 1.596169281005859375e+01 1.596169090270996094e+01 1.593625545501708984e+01 1.597444057464599609e+01 1.591089916229248047e+01 1.596169090270996094e+01 1.584785938262939453e+01 1.593625545501708984e+01 1.556420230865478516e+01 1.550387477874755859e+01 1.523229217529296875e+01 1.562500095367431641e+01 1.571091938018798828e+01 1.591089916229248047e+01 1.593625545501708984e+01 1.598721027374267578e+01 1.597444057464599609e+01 1.598721027374267578e+01 1.600000000000000000e+01 1.598721027374267578e+01 1.597444057464599609e+01 1.600000000000000000e+01
1.560062503814697266e+01 1.542019939422607422e+01 1.485883998870849609e+01 1.422475147247314453e+01 1.265822887420654297e+01 9.823183059692382812e+00 7.668711662292480469e+00 2.481697559356689453e+00 1.000000000000000000e+00 2.477393865585327148e+00 7.207207202911376953e+00 6.205399036407470703e+00 7.418398380279541016e+00 9.886307716369628906e+00 1.112966060638427734e+01 1.165501213073730469e+01 1.411432647705078125e+01 1.336898422241210938e+01 1.288659763336181641e+01 1.019887828826904297e+01 1.306335735321044922e+01 1.280409812927246094e+01 1.319261169433593750e+01 1.468428707122802734e+01 1.478196620941162109e+01 1.552794933319091797e+01 1.529052066802978516e+01 1.423487567901611328e+01 1.367989063262939453e+01 1.049317932128906250e+01 1.354096031188964844e+01 1.160092830657958984e+01 1.497006034851074219e+01 1.472754001617431641e+01 1.576044273376464844e+01 1.586042785644531250e+01 1.592356586456298828e+01 1.589824962615966797e+01 1.591089916229248047e+01 1.581027507781982422e+01 1.588562393188476562e+01 1.516300296783447266e+01 1.532567024230957031e+01 1.289490795135498047e+01 1.420454597473144531e+01 1.196172237396240234e+01 1.452432918548583984e+01 1.447177982330322266e+01 1.518602752685546875e+01 1.483679485321044922e+01 1.396647930145263672e+01 1.454545402526855469e+01 1.321876907348632812e+01 1.517450714111328125e+01 1.494768333435058594e+01 1.578531932830810547e+01 1.586042785644531250e+01 1.596169090270996094e+01 1.597444057464599609e+01 1.600000000000000000e+01 1.600000000000000000e+01 1.600000000000000000e+01 1.597444057464599609e+01 1.597444057464599609e+01 1.594896221160888672e+01 1.594896221160888672e+01 1.577287101745605469e+01 1.589824962615966797e+01 1.547987651824951172e+01 1.583531188964843750e+01 1.581027698516845703e+01 1.504890918731689453e+01 1.537278842926025391e+01 1.414427089691162109e+01 1.187648391723632812e+01 1.272264575958251953e+01 1.057082462310791016e+01 1.447177982330322266e+01 1.470588111877441406e+01 1.564945411682128906e+01 1.588562393188476562e+01 1.587301540374755859e+01 1.566170692443847656e+01 1.470588111877441406e+01 1.498127269744873047e+01 1.287001228332519531e+01 1.459854030609130859e+01 1.404494380950927734e+01 1.502629566192626953e+01 1.523229217529296875e+01 1.573564052581787109e+01 1.582278537750244141e+01 1.593625545501708984e+01 1.596169090270996094e+01 1.593625545501708984e+01 1.592356586456298828e+01 1.587301731109619141e+01 1.589825153350830078e+01 1.567397975921630859e+01 1.589824962615966797e+01 1.554001522064208984e+01 1.586042785644531250e+01 1.532567214965820312e+01 1.543210029602050781e+01 1.525553035736083984e+01 1.564945411682128906e+01 1.558846282958984375e+01 1.589824962615966797e+01 1.582278537750244141e+01 1.597444057464599609e+01 1.593625545501708984e+01 1.597444057464599609e+01 1.598721027374267578e+01 1.596169090270996094e+01 1.596169090270996094e+01 1.597444057464599609e+01
1.578531837463378906e+01 1.567398166656494141e+01 1.536098289489746094e+01 1.509434032440185547e+01 1.406469821929931641e+01 1.156738090515136719e+01 8.833922386169433594e+00 5.354752540588378906e+00 2.477393865585327148e+00 1.000000000000000000e+00 2.495944023132324219e+00 6.930006980895996094e+00 6.015038013458251953e+00 6.756756782531738281e+00 9.657170295715332031e+00 1.103752803802490234e+01 1.272264575958251953e+01 1.255492782592773438e+01 1.255492782592773438e+01 1.036806583404541016e+01 1.377410507202148438e+01 1.380262279510498047e+01 1.425516700744628906e+01 1.546790409088134766e+01 1.542019939422607422e+01 1.587301540374755859e+01 1.577287101745605469e+01 1.522069931030273438e+01 1.501501464843750000e+01 1.224739646911621094e+01 1.478196525573730469e+01 1.232285976409912109e+01 1.530221939086914062e+01 1.461988353729248047e+01 1.572326946258544922e+01 1.582278537750244141e+01 1.592356586456298828e+01 1.591089916229248047e+01 1.592356586456298828e+01 1.578531837463378906e+01 1.589825153350830078e+01 1.529051876068115234e+01 1.573564243316650391e+01 1.386001396179199219e+01 1.519756889343261719e+01 1.359619331359863281e+01 1.543210029602050781e+01 1.525553035736083984e+01 1.563721561431884766e+01 1.539645767211914062e+01 1.480384826660156250e+01 1.532567024230957031e+01 1.426533603668212891e+01 1.563721561431884766e+01 1.540832138061523438e+01 1.591089916229248047e+01 1.593625545501708984e+01 1.597444057464599609e+01 1.597444057464599609e+01 1.600000000000000000e+01 1.601280975341796875e+01 1.600000000000000000e+01 1.597444057464599609e+01 1.597444057464599609e+01 1.596169090270996094e+01 1.596169090270996094e+01 1.588562393188476562e+01 1.594896221160888672e+01 1.578531932830810547e+01 1.593625545501708984e+01 1.594896221160888672e+01 1.560062503814697266e+01 1.576044082641601562e+01 1.520912456512451172e+01 1.338688087463378906e+01 1.429592609405517578e+01 1.154734325408935547e+01 1.501501655578613281e+01 1.472754001617431641e+01 1.558846473693847656e+01 1.586042785644531250e+01 1.583531188964843750e+01 1.556420230865478516e+01 1.445086860656738281e+01 1.525553035736083984e+01 1.364256381988525391e+01 1.527883911132812500e+01 1.477104949951171875e+01 1.546790409088134766e+01 1.550387477874755859e+01 1.583531188964843750e+01 1.589825153350830078e+01 1.596169090270996094e+01 1.597444057464599609e+01 1.596169090270996094e+01 1.594896221160888672e+01 1.594896221160888672e+01 1.596169281005859375e+01 1.582278537750244141e+01 1.592356586456298828e+01 1.568627452850341797e+01 1.588562393188476562e+01 1.534919452667236328e+01 1.536098289489746094e+01 1.512859249114990234e+01 1.569858551025390625e+01 1.571091938018798828e+01 1.593625545501708984e+01 1.591089916229248047e+01 1.597444057464599609e+01 1.597444057464599609e+01 1.600000000000000000e+01 1.601280975341796875e+01 1.598721027374267578e+01 1.598721027374267578e+01 1.600000000000000000e+01
1.563721561431884766e+01 1.547987461090087891e+01 1.474926280975341797e+01 1.386001396179199219e+01 1.182732105255126953e+01 9.624638557434082031e+00 6.042295932769775391e+00 5.023863315582275391e+00 7.207207202911376953e+00 2.495944023132324219e+00 1.000000000000000000e+00 2.486325263977050781e+00 6.920414924621582031e+00 5.727376461029052734e+00 6.779660701751708984e+00 9.704028129577636719e+00 1.199760055541992188e+01 1.273074531555175781e+01 1.390820503234863281e+01 1.223241519927978516e+01 1.531393527984619141e+01 1.544401550292968750e+01 1.546790409088134766e+01 1.593625545501708984e+01 1.588562393188476562e+01 1.600000000000000000e+01 1.598721027374267578e+01 1.583531188964843750e+01 1.581027507781982422e+01 1.373626422882080078e+01 1.567398166656494141e+01 1.283697032928466797e+01 1.573564243316650391e+01 1.492537307739257812e+01 1.589825153350830078e+01 1.596169281005859375e+01 1.594896221160888672e+01 1.598721027374267578e+01 1.598721027374267578e+01 1.589824962615966797e+01 1.596169090270996094e+01 1.530221939086914062e+01 1.586042785644531250e+01 1.358695793151855469e+01 1.543209838867187500e+01 1.388888931274414062e+01 1.566170692443847656e+01 1.556420230865478516e+01 1.581027698516845703e+01 1.560062503814697266e+01 1.516300106048583984e+01 1.556420230865478516e+01 1.429592609405517578e+01 1.578531932830810547e+01 1.525553035736083984e+01 1.594896221160888672e+01 1.588562393188476562e+01 1.600000000000000000e+01 1.598721027374267578e+01 1.598721027374267578e+01 1.600000000000000000e+01 1.601280975341796875e+01 1.598721027374267578e+01 1.598721027374267578e+01 1.594896221160888672e+01 1.598721027374267578e+01 1.584786128997802734e+01 1.596169281005859375e+01 1.551590442657470703e+01 1.591089916229248047e+01 1.581027698516845703e+01 1.493651962280273438e+01 1.557632446289062500e+01 1.428571414947509766e+01 1.134429931640625000e+01 1.230012226104736328e+01 8.587376594543457031e+00 1.290322589874267578e+01 1.269841289520263672e+01 1.479290008544921875e+01 1.560062503814697266e+01 1.546790409088134766e+01 1.453488349914550781e+01 1.223990249633789062e+01 1.363326549530029297e+01 1.168224239349365234e+01 1.455604076385498047e+01 1.439884853363037109e+01 1.555209922790527344e+01 1.563721561431884766e+01 1.593625545501708984e+01 1.597444057464599609e+01 1.598721027374267578e+01 1.598721027374267578e+01 1.600000000000000000e+01 1.600000000000000000e+01 1.597444057464599609e+01 1.598721027374267578e+01 1.584786128997802734e+01 1.596169090270996094e+01 1.538461589813232422e+01 1.566170692443847656e+01 1.419446563720703125e+01 1.411432647705078125e+01 1.383125782012939453e+01 1.493651962280273438e+01 1.490312862396240234e+01 1.576044273376464844e+01 1.574803066253662109e+01 1.594896221160888672e+01 1.596169090270996094e+01 1.598721027374267578e+01 1.601280975341796875e+01 1.598721027374267578e+01 1.598721027374267578e+01 1.601280975341796875e+01
1.572326946258544922e+01 1.558846473693847656e+01 1.490312862396240234e+01 1.443001556396484375e+01 1.286173629760742188e+01 1.042209529876708984e+01 6.478781700134277344e+00 7.443244934082031250e+00 6.205399036407470703e+00 6.930006980895996094e+00 2.486325263977050781e+00 1.000000000000000000e+00 2.472493410110473633e+00 7.082152843475341797e+00 5.815644264221191406e+00 6.283380508422851562e+00 9.990010261535644531e+00 1.011122322082519531e+01 1.150086212158203125e+01 9.587727546691894531e+00 1.321876907348632812e+01 1.416430568695068359e+01 1.470588111877441406e+01 1.563721561431884766e+01 1.582278537750244141e+01 1.598721027374267578e+01 1.586042785644531250e+01 1.542019939422607422e+01 1.457726001739501953e+01 1.071811389923095703e+01 1.276324176788330078e+01 8.718395233154296875e+00 1.333333301544189453e+01 1.227747058868408203e+01 1.531393527984619141e+01 1.576044082641601562e+01 1.596169090270996094e+01 1.594896221160888672e+01 1.596169090270996094e+01 1.564945220947265625e+01 1.555209922790527344e+01 1.260239410400390625e+01 1.372683525085449219e+01 9.451795578002929688e+00 1.269841289520263672e+01 1.111111068725585938e+01 1.452432727813720703e+01 1.503759384155273438e+01 1.569858551025390625e+01 1.530221939086914062e+01 1.439884853363037109e+01 1.431639289855957031e+01 1.152737712860107422e+01 1.426533603668212891e+01 1.278772449493408203e+01 1.525553035736083984e+01 1.519756889343261719e+01 1.592356777191162109e+01 1.594896221160888672e+01 1.601280975341796875e+01 1.600000000000000000e+01 1.600000000000000000e+01 1.598721027374267578e+01 1.592356777191162109e+01 1.577287101745605469e+01 1.579778861999511719e+01 1.491424274444580078e+01 1.561280155181884766e+01 1.419446372985839844e+01 1.571091938018798828e+01 1.545595073699951172e+01 1.329787254333496094e+01 1.491424274444580078e+01 1.308044528961181641e+01 8.741258621215820312e+00 1.098900985717773438e+01 7.446015834808349609e+00 1.267427253723144531e+01 1.322751331329345703e+01 1.514004707336425781e+01 1.582278537750244141e+01 1.569858551025390625e+01 1.483679485321044922e+01 1.219512176513671875e+01 1.237623786926269531e+01 8.783487319946289062e+00 1.246882724761962891e+01 1.200480270385742188e+01 1.472754001617431641e+01 1.512859249114990234e+01 1.587301540374755859e+01 1.593625545501708984e+01 1.600000000000000000e+01 1.600000000000000000e+01 1.600000000000000000e+01 1.596169090270996094e+01 1.589825153350830078e+01 1.583531188964843750e+01 1.506024074554443359e+01 1.552794933319091797e+01 1.328021240234375000e+01 1.450326347351074219e+01 1.170960140228271484e+01 1.260239410400390625e+01 1.274697399139404297e+01 1.419446372985839844e+01 1.304631423950195312e+01 1.534919452667236328e+01 1.472754001617431641e+01 1.589825153350830078e+01 1.584786128997802734e+01 1.597444057464599609e+01 1.600000000000000000e+01 1.596169090270996094e+01 1.596169090270996094e+01 1.600000000000000000e+01
1.592356586456298828e+01 1.587301540374755859e+01 1.574803066253662109e+01 1.579778861999511719e+01 1.552794933319091797e+01 1.420454597473144531e+01 1.056523990631103516e+01 9.680541992187500000e+00 7.418398380279541016e+00 6.015038013458251953e+00 6.920414924621582031e+00 2.472493410110473633e+00 1.000000000000000000e+00 2.446483135223388672e+00 7.256893634796142578e+00 6.209251880645751953e+00 7.630675792694091797e+00 7.186489582061767578e+00 8.107012748718261719e+00 6.818956851959228516e+00 1.078748607635498047e+01 1.241464900970458984e+01 1.374570369720458984e+01 1.539645767211914062e+01 1.572326946258544922e+01 1.597444057464599609e+01 1.576044082641601562e+01 1.517450714111328125e+01 1.407459449768066406e+01 9.784735679626464844e+00 1.154734420776367188e+01 7.361060142517089844e+00 1.154734420776367188e+01 1.060445404052734375e+01 1.410437202453613281e+01 1.534919452667236328e+01 1.581027507781982422e+01 1.581027507781982422e+01 1.578531932830810547e+01 1.527883911132812500e+01 1.518602752685546875e+01 1.233045578002929688e+01 1.407459449768066406e+01 1.053740787506103516e+01 1.404494380950927734e+01 1.295336818695068359e+01 1.551590442657470703e+01 1.568627452850341797e+01 1.594896221160888672e+01 1.577287101745605469e+01 1.533742332458496094e+01 1.540832138061523438e+01 1.346801376342773438e+01 1.533742332458496094e+01 1.423487567901611328e+01 1.573564052581787109e+01 1.564945411682128906e+01 1.598721027374267578e+01 1.597444057464599609e+01 1.600000000000000000e+01 1.601280975341796875e+01 1.600000000000000000e+01 1.601280975341796875e+01 1.597444057464599609e+01 1.588562393188476562e+01 1.594896221160888672e+01 1.564945220947265625e+01 1.597444057464599609e+01 1.558846282958984375e+01 1.598721027374267578e+01 1.594896221160888672e+01 1.539645767211914062e+01 1.589825153350830078e+01 1.556420230865478516e+01 1.298701190948486328e+01 1.484780979156494141e+01 1.130582237243652344e+01 1.524390220642089844e+01 1.497006034851074219e+01 1.569858551025390625e+01 1.594896221160888672e+01 1.589824962615966797e+01 1.555209922790527344e+01 1.388888931274414062e+01 1.472754001617431641e+01 1.191185283660888672e+01 1.499250411987304688e+01 1.434720134735107422e+01 1.573564243316650391e+01 1.577287101745605469e+01 1.600000000000000000e+01 1.598721027374267578e+01 1.600000000000000000e+01 1.601280975341796875e+01 1.598721027374267578e+01 1.600000000000000000e+01 1.594896221160888672e+01 1.596169281005859375e+01 1.554001522064208984e+01 1.578531932830810547e+01 1.437814521789550781e+01 1.530221939086914062e+01 1.287830066680908203e+01 1.350438976287841797e+01 1.365187835693359375e+01 1.518602752685546875e+01 1.439884662628173828e+01 1.584786128997802734e+01 1.554001522064208984e+01 1.596169090270996094e+01 1.596169090270996094e+01 1.600000000000000000e+01 1.602564239501953125e+01 1.600000000000000000e+01 1.597444057464599609e+01 1.602564239501953125e+01
