1.000000000000000000e+00 2.557217836380004883e+00 7.077141284942626953e+00 8.220304489135742188e+00 9.541984558105468750e+00 1.033057880401611328e+01 1.159420299530029297e+01 1.287830066680908203e+01 1.388888931274414062e+01 1.465201473236083984e+01 1.533742332458496094e+01 1.551590347290039062e+01 1.518602752685546875e+01 1.514004516601562500e+01 1.483679676055908203e+01 1.479290008544921875e+01 1.473839282989501953e+01 1.494768333435058594e+01 1.482579612731933594e+01 1.509434032440185547e+01 1.544401550292968750e+01 1.542019939422607422e+01 1.560062503814697266e+01 1.572326946258544922e+01 1.576044082641601562e+01 1.581027698516845703e+01 1.581027507781982422e+01 1.587301540374755859e+01 1.588562393188476562e+01 1.587301540374755859e+01 1.588562393188476562e+01 1.582278537750244141e+01 1.581027507781982422e+01 1.581027507781982422e+01 1.574803066253662109e+01 1.562500095367431641e+01 1.564945220947265625e+01 1.560062503814697266e+01 1.539645767211914062e+01 1.546790409088134766e+01 1.549186706542968750e+01 1.536098289489746094e+01 1.526717567443847656e+01 1.552794933319091797e+01 1.547987651824951172e+01 1.532567214965820312e+01 1.545594882965087891e+01 1.552794933319091797e+01 1.566170692443847656e+01 1.564945220947265625e+01 1.554001522064208984e+01 1.556420040130615234e+01 1.536098289489746094e+01 1.542019939422607422e+01 1.540832138061523438e+01 1.516300296783447266e+01 1.506023979187011719e+01 1.519756889343261719e+01 1.539645767211914062e+01 1.498127365112304688e+01 1.509434032440185547e+01 1.543210029602050781e+01 1.530221939086914062e+01 1.503759384155273438e+01 1.529051876068115234e+01 1.549186706542968750e+01 1.524390220642089844e+01 1.527883911132812500e+01 1.551590442657470703e+01 1.551590442657470703e+01 1.557632446289062500e+01 1.563721561431884766e+01 1.568627452850341797e+01 1.571091938018798828e+01 1.576044273376464844e+01 1.581027507781982422e+01 1.578531932830810547e+01 1.583531188964843750e+01 1.581027698516845703e+01 1.581027698516845703e+01 1.576044082641601562e+01 1.577287101745605469e+01 1.578531932830810547e+01 1.576044273376464844e+01 1.581027507781982422e+01 1.574803066253662109e+01 1.581027507781982422e+01 1.571091938018798828e+01 1.578531932830810547e+01 1.568627452850341797e+01 1.583531188964843750e+01 1.578531932830810547e+01 1.581027698516845703e+01 1.583531188964843750e+01 1.582278537750244141e+01 1.579778861999511719e+01 1.573564243316650391e+01 1.571091938018798828e+01 1.558846473693847656e+01 1.555209922790527344e+01 1.569858551025390625e+01 1.558846282958984375e+01 1.569858741760253906e+01 1.567398166656494141e+01 1.566170692443847656e+01 1.571091938018798828e+01 1.563721561431884766e+01 1.567398166656494141e+01 1.573564243316650391e+01 1.572326946258544922e+01 1.564945220947265625e+01 1.564945220947265625e+01 1.556420230865478516e+01 1.564945220947265625e+01 1.560062503814697266e+01 1.562500095367431641e+01 1.556420230865478516e+01 1.560062503814697266e+01 1.551590442657470703e+01 1.551590442657470703e+01 1.563721561431884766e+01 1.562500095367431641e+01 1.566170692443847656e+01 1.568627452850341797e+01 1.569858741760253906e+01 1.564945220947265625e+01
2.557217836380004883e+00 1.000000000000000000e+00 2.480158567428588867e+00 6.993006706237792969e+00 7.639419555664062500e+00 8.061265945434570312e+00 1.004520320892333984e+01 1.158748531341552734e+01 1.235330486297607422e+01 1.350438976287841797e+01 1.483679485321044922e+01 1.520912456512451172e+01 1.468428707122802734e+01 1.466275691986083984e+01 1.426533508300781250e+01 1.430615234375000000e+01 1.444043254852294922e+01 1.467351436614990234e+01 1.441961002349853516e+01 1.481481456756591797e+01 1.529051876068115234e+01 1.515151500701904297e+01 1.545595073699951172e+01 1.563721561431884766e+01 1.572326946258544922e+01 1.577287101745605469e+01 1.582278537750244141e+01 1.588562393188476562e+01 1.588562393188476562e+01 1.588562393188476562e+01 1.591089916229248047e+01 1.582278537750244141e+01 1.579778861999511719e+01 1.583531188964843750e+01 1.578531932830810547e+01 1.558846282958984375e+01 1.561280155181884766e+01 1.557632446289062500e+01 1.531393527984619141e+01 1.539645767211914062e+01 1.547987461090087891e+01 1.536098289489746094e+01 1.515151500701904297e+01 1.549186706542968750e+01 1.546790409088134766e+01 1.529051876068115234e+01 1.538461589813232422e+01 1.551590442657470703e+01 1.561280155181884766e+01 1.560062503814697266e+01 1.545595073699951172e+01 1.549186706542968750e+01 1.526717567443847656e+01 1.534919452667236328e+01 1.529051876068115234e+01 1.489203357696533203e+01 1.482579612731933594e+01 1.504890918731689453e+01 1.524390220642089844e+01 1.466275691986083984e+01 1.488095092773437500e+01 1.530221939086914062e+01 1.511715888977050781e+01 1.470588111877441406e+01 1.509434032440185547e+01 1.533742332458496094e+01 1.503759384155273438e+01 1.511715888977050781e+01 1.543210029602050781e+01 1.544401550292968750e+01 1.552794933319091797e+01 1.552794933319091797e+01 1.556420230865478516e+01 1.562500095367431641e+01 1.571091938018798828e+01 1.577287101745605469e+01 1.576044082641601562e+01 1.581027698516845703e+01 1.581027698516845703e+01 1.582278537750244141e+01 1.576044082641601562e+01 1.577287101745605469e+01 1.573564052581787109e+01 1.571091938018798828e+01 1.574803066253662109e+01 1.569858741760253906e+01 1.576044273376464844e+01 1.566170692443847656e+01 1.574803066253662109e+01 1.563721561431884766e+01 1.577287101745605469e+01 1.571091938018798828e+01 1.577287101745605469e+01 1.581027507781982422e+01 1.582278537750244141e+01 1.578531932830810547e+01 1.571091938018798828e+01 1.562499904632568359e+01 1.546790409088134766e+01 1.542019939422607422e+01 1.562500095367431641e+01 1.550387477874755859e+01 1.563721561431884766e+01 1.558846282958984375e+01 1.554001522064208984e+01 1.561280155181884766e+01 1.547987651824951172e+01 1.557632446289062500e+01 1.568627452850341797e+01 1.566170692443847656e+01 1.557632446289062500e+01 1.554001712799072266e+01 1.537279033660888672e+01 1.549186706542968750e+01 1.538461589813232422e+01 1.543209838867187500e+01 1.531393527984619141e+01 1.534919452667236328e+01 1.526717567443847656e+01 1.531393527984619141e+01 1.549186706542968750e+01 1.551590347290039062e+01 1.558846282958984375e+01 1.566170692443847656e+01 1.572326946258544922e+01 1.569858741760253906e+01
7.077141284942626953e+00 2.480158567428588867e+00 1.000000000000000000e+00 2.507522583007812500e+00 6.572461128234863281e+00 6.609385490417480469e+00 8.343763351440429688e+00 1.048767757415771484e+01 1.160092830657958984e+01 1.251564502716064453e+01 1.419446563720703125e+01 1.490312862396240234e+01 1.423487567901611328e+01 1.428571414947509766e+01 1.392757606506347656e+01 1.402524566650390625e+01 1.433691883087158203e+01 1.460920333862304688e+01 1.426533508300781250e+01 1.479290008544921875e+01 1.537278842926025391e+01 1.525553035736083984e+01 1.554001712799072266e+01 1.573564243316650391e+01 1.579778861999511719e+01 1.584785938262939453e+01 1.587301540374755859e+01 1.592356586456298828e+01 1.589825153350830078e+01 1.589825153350830078e+01 1.591089916229248047e+01 1.587301540374755859e+01 1.586042785644531250e+01 1.592356586456298828e+01 1.586042785644531250e+01 1.562500095367431641e+01 1.569858741760253906e+01 1.569858551025390625e+01 1.536098289489746094e+01 1.547987651824951172e+01 1.562500095367431641e+01 1.545595073699951172e+01 1.517450714111328125e+01 1.557632446289062500e+01 1.558846282958984375e+01 1.540832138061523438e+01 1.546790409088134766e+01 1.560062503814697266e+01 1.566170692443847656e+01 1.563721561431884766e+01 1.549186706542968750e+01 1.552794933319091797e+01 1.526717567443847656e+01 1.543210029602050781e+01 1.539645767211914062e+01 1.490312862396240234e+01 1.490312862396240234e+01 1.524390220642089844e+01 1.539645957946777344e+01 1.461988353729248047e+01 1.495886135101318359e+01 1.544401550292968750e+01 1.517450714111328125e+01 1.463057708740234375e+01 1.515151500701904297e+01 1.538461589813232422e+01 1.498127269744873047e+01 1.499250411987304688e+01 1.543209838867187500e+01 1.545595073699951172e+01 1.555209922790527344e+01 1.557632446289062500e+01 1.563721561431884766e+01 1.568627452850341797e+01 1.574803066253662109e+01 1.578531932830810547e+01 1.582278537750244141e+01 1.584786128997802734e+01 1.583531188964843750e+01 1.584786128997802734e+01 1.579778861999511719e+01 1.579778861999511719e+01 1.578531932830810547e+01 1.576044082641601562e+01 1.581027507781982422e+01 1.577287101745605469e+01 1.583531188964843750e+01 1.572326946258544922e+01 1.579778861999511719e+01 1.571091938018798828e+01 1.582278537750244141e+01 1.576044082641601562e+01 1.582278537750244141e+01 1.583531188964843750e+01 1.586042785644531250e+01 1.584786128997802734e+01 1.579778861999511719e+01 1.573564243316650391e+01 1.560062503814697266e+01 1.556420230865478516e+01 1.572326946258544922e+01 1.562500095367431641e+01 1.569858551025390625e+01 1.563721561431884766e+01 1.556420230865478516e+01 1.560062503814697266e+01 1.545595073699951172e+01 1.555209922790527344e+01 1.564945411682128906e+01 1.563721561431884766e+01 1.555209922790527344e+01 1.551590442657470703e+01 1.531393527984619141e+01 1.549186706542968750e+01 1.534919452667236328e+01 1.543210029602050781e+01 1.531393527984619141e+01 1.533742332458496094e+01 1.532567214965820312e+01 1.539645767211914062e+01 1.554001522064208984e+01 1.560062503814697266e+01 1.566170692443847656e+01 1.573564052581787109e+01 1.578531837463378906e+01 1.578531932830810547e+01
8.220304489135742188e+00 6.993006706237792969e+00 2.507522583007812500e+00 1.000000000000000000e+00 2.480466127395629883e+00 7.067138195037841797e+00 6.706907749176025391e+00 8.107012748718261719e+00 1.072961425781250000e+01 1.182033061981201172e+01 1.298701286315917969e+01 1.392757606506347656e+01 1.275510215759277344e+01 1.274697208404541016e+01 1.228501224517822266e+01 1.285346984863281250e+01 1.355932140350341797e+01 1.392757606506347656e+01 1.310616111755371094e+01 1.368925380706787109e+01 1.478196525573730469e+01 1.459854030609130859e+01 1.490312862396240234e+01 1.536098289489746094e+01 1.561280155181884766e+01 1.573564243316650391e+01 1.573564243316650391e+01 1.588562393188476562e+01 1.588562393188476562e+01 1.588562393188476562e+01 1.591089916229248047e+01 1.581027698516845703e+01 1.574803066253662109e+01 1.588562393188476562e+01 1.581027698516845703e+01 1.542019939422607422e+01 1.547987461090087891e+01 1.554001522064208984e+01 1.511715793609619141e+01 1.508295536041259766e+01 1.537278842926025391e+01 1.520912456512451172e+01 1.468428802490234375e+01 1.514004516601562500e+01 1.536098289489746094e+01 1.519756889343261719e+01 1.512859249114990234e+01 1.533742332458496094e+01 1.539645767211914062e+01 1.550387477874755859e+01 1.525553035736083984e+01 1.534919452667236328e+01 1.507159042358398438e+01 1.525553035736083984e+01 1.506024074554443359e+01 1.437814521789550781e+01 1.450326347351074219e+01 1.488095092773437500e+01 1.474926280975341797e+01 1.373626422882080078e+01 1.447177982330322266e+01 1.494768333435058594e+01 1.433691883087158203e+01 1.397624111175537109e+01 1.483679485321044922e+01 1.488095092773437500e+01 1.426533603668212891e+01 1.460920333862304688e+01 1.524390220642089844e+01 1.532567024230957031e+01 1.545595073699951172e+01 1.536098289489746094e+01 1.534919452667236328e+01 1.550387477874755859e+01 1.562499904632568359e+01 1.571091938018798828e+01 1.574803066253662109e+01 1.582278537750244141e+01 1.582278537750244141e+01 1.582278537750244141e+01 1.576044082641601562e+01 1.574803066253662109e+01 1.572326946258544922e+01 1.562500095367431641e+01 1.566170692443847656e+01 1.557632446289062500e+01 1.563721561431884766e+01 1.552794933319091797e+01 1.556420230865478516e+01 1.550387477874755859e+01 1.560062503814697266e+01 1.558846473693847656e+01 1.571091938018798828e+01 1.576044082641601562e+01 1.581027507781982422e+01 1.578531932830810547e+01 1.574803066253662109e+01 1.558846473693847656e+01 1.540832138061523438e+01 1.527883911132812500e+01 1.539645767211914062e+01 1.533742332458496094e+01 1.532567024230957031e+01 1.531393527984619141e+01 1.515151500701904297e+01 1.537278842926025391e+01 1.510573959350585938e+01 1.533742332458496094e+01 1.556420230865478516e+01 1.555209922790527344e+01 1.537279033660888672e+01 1.525553035736083984e+01 1.483679676055908203e+01 1.510573959350585938e+01 1.472754001617431641e+01 1.497006034851074219e+01 1.485884094238281250e+01 1.484780979156494141e+01 1.498127269744873047e+01 1.514004516601562500e+01 1.530221939086914062e+01 1.547987651824951172e+01 1.555209922790527344e+01 1.567398166656494141e+01 1.574803066253662109e+01 1.578531932830810547e+01
9.541984558105468750e+00 7.639419555664062500e+00 6.572461128234863281e+00 2.480466127395629883e+00 1.000000000000000000e+00 2.474022626876831055e+00 7.052186012268066406e+00 6.784260749816894531e+00 8.240626335144042969e+00 1.076426219940185547e+01 1.242236042022705078e+01 1.317523002624511719e+01 1.249219131469726562e+01 1.276324176788330078e+01 1.287829971313476562e+01 1.334222793579101562e+01 1.402524566650390625e+01 1.449275207519531250e+01 1.403508663177490234e+01 1.465201473236083984e+01 1.537279033660888672e+01 1.523229217529296875e+01 1.545595073699951172e+01 1.567398166656494141e+01 1.577287101745605469e+01 1.582278537750244141e+01 1.586042785644531250e+01 1.592356586456298828e+01 1.591089916229248047e+01 1.592356777191162109e+01 1.594896221160888672e+01 1.589825153350830078e+01 1.584786128997802734e+01 1.594896221160888672e+01 1.591089916229248047e+01 1.563721561431884766e+01 1.571091938018798828e+01 1.574803066253662109e+01 1.544401550292968750e+01 1.543210029602050781e+01 1.560062503814697266e+01 1.555209922790527344e+01 1.523229217529296875e+01 1.555209922790527344e+01 1.562500095367431641e+01 1.547987651824951172e+01 1.543209838867187500e+01 1.558846282958984375e+01 1.562500095367431641e+01 1.562500095367431641e+01 1.539645767211914062e+01 1.546790409088134766e+01 1.519756889343261719e+01 1.542019939422607422e+01 1.534919452667236328e+01 1.459854030609130859e+01 1.470588111877441406e+01 1.525553035736083984e+01 1.519756889343261719e+01 1.403508663177490234e+01 1.473839282989501953e+01 1.530221939086914062e+01 1.476014804840087891e+01 1.422475147247314453e+01 1.511715793609619141e+01 1.517450714111328125e+01 1.445086860656738281e+01 1.466275691986083984e+01 1.531393527984619141e+01 1.537279033660888672e+01 1.552794933319091797e+01 1.549186706542968750e+01 1.554001712799072266e+01 1.561280155181884766e+01 1.571091938018798828e+01 1.577287101745605469e+01 1.581027507781982422e+01 1.586042785644531250e+01 1.584785938262939453e+01 1.584786128997802734e+01 1.578531932830810547e+01 1.578531932830810547e+01 1.577287101745605469e+01 1.572326946258544922e+01 1.574803066253662109e+01 1.569858741760253906e+01 1.577287101745605469e+01 1.571091938018798828e+01 1.578531932830810547e+01 1.569858741760253906e+01 1.577287101745605469e+01 1.572326946258544922e+01 1.579778861999511719e+01 1.579778861999511719e+01 1.583531188964843750e+01 1.584786128997802734e+01 1.578531932830810547e+01 1.569858551025390625e+01 1.557632446289062500e+01 1.550387477874755859e+01 1.563721561431884766e+01 1.555209922790527344e+01 1.557632446289062500e+01 1.554001712799072266e+01 1.539645957946777344e+01 1.551590442657470703e+01 1.524390220642089844e+01 1.540832138061523438e+01 1.557632446289062500e+01 1.556420230865478516e+01 1.536098289489746094e+01 1.524390220642089844e+01 1.486988925933837891e+01 1.526717376708984375e+01 1.498127269744873047e+01 1.523229217529296875e+01 1.524390220642089844e+01 1.523229217529296875e+01 1.537279033660888672e+01 1.546790409088134766e+01 1.554001522064208984e+01 1.558846282958984375e+01 1.563721561431884766e+01 1.572326946258544922e+01 1.578531837463378906e+01 1.582278537750244141e+01
1.033057880401611328e+01 8.061265945434570312e+00 6.609385490417480469e+00 7.067138195037841797e+00 2.474022626876831055e+00 1.000000000000000000e+00 2.481081724166870117e+00 7.135211944580078125e+00 7.057163238525390625e+00 8.396305084228515625e+00 1.109877872467041016e+01 1.212121295928955078e+01 1.137656497955322266e+01 1.230012226104736328e+01 1.270648097991943359e+01 1.367053985595703125e+01 1.451378726959228516e+01 1.486988925933837891e+01 1.420454597473144531e+01 1.485884094238281250e+01 1.554001522064208984e+01 1.534919452667236328e+01 1.546790409088134766e+01 1.576044082641601562e+01 1.583531188964843750e+01 1.586042785644531250e+01 1.588562393188476562e+01 1.593625545501708984e+01 1.592356586456298828e+01 1.594896221160888672e+01 1.596169281005859375e+01 1.593625545501708984e+01 1.591089916229248047e+01 1.597444057464599609e+01 1.593625545501708984e+01 1.577287101745605469e+01 1.582278537750244141e+01 1.584785938262939453e+01 1.562500095367431641e+01 1.554001522064208984e+01 1.569858741760253906e+01 1.564945220947265625e+01 1.532567024230957031e+01 1.560062503814697266e+01 1.567398166656494141e+01 1.547987651824951172e+01 1.538461589813232422e+01 1.556420230865478516e+01 1.561280155181884766e+01 1.561280155181884766e+01 1.534919452667236328e+01 1.540832138061523438e+01 1.509434032440185547e+01 1.536098289489746094e+01 1.522069931030273438e+01 1.416430568695068359e+01 1.432664680480957031e+01 1.514004516601562500e+01 1.492537307739257812e+01 1.339584636688232422e+01 1.440922260284423828e+01 1.516300106048583984e+01 1.428571414947509766e+01 1.374570369720458984e+01 1.498127269744873047e+01 1.502629566192626953e+01 1.405481243133544922e+01 1.440922260284423828e+01 1.524390220642089844e+01 1.532567024230957031e+01 1.551590442657470703e+01 1.546790409088134766e+01 1.551590347290039062e+01 1.561280155181884766e+01 1.571091938018798828e+01 1.576044273376464844e+01 1.579778861999511719e+01 1.584786128997802734e+01 1.584785938262939453e+01 1.583531188964843750e+01 1.578531932830810547e+01 1.578531932830810547e+01 1.577287101745605469e+01 1.568627452850341797e+01 1.572326946258544922e+01 1.568627452850341797e+01 1.577287101745605469e+01 1.572326946258544922e+01 1.577287101745605469e+01 1.567398166656494141e+01 1.573564243316650391e+01 1.569858551025390625e+01 1.578531932830810547e+01 1.579778861999511719e+01 1.583531188964843750e+01 1.584786128997802734e+01 1.581027698516845703e+01 1.574803066253662109e+01 1.563721561431884766e+01 1.557632446289062500e+01 1.562500095367431641e+01 1.549186706542968750e+01 1.545595073699951172e+01 1.540832138061523438e+01 1.518602752685546875e+01 1.539645767211914062e+01 1.511715793609619141e+01 1.531393527984619141e+01 1.554001712799072266e+01 1.546790409088134766e+01 1.523229217529296875e+01 1.503759384155273438e+01 1.445086669921875000e+01 1.499250411987304688e+01 1.458789062500000000e+01 1.497006034851074219e+01 1.500374984741210938e+01 1.502629566192626953e+01 1.526717567443847656e+01 1.538461589813232422e+01 1.550387477874755859e+01 1.560062503814697266e+01 1.564945220947265625e+01 1.573564243316650391e+01 1.577287101745605469e+01 1.581027507781982422e+01
1.159420299530029297e+01 1.004520320892333984e+01 8.343763351440429688e+00 6.706907749176025391e+00 7.052186012268066406e+00 2.481081724166870117e+00 1.000000000000000000e+00 2.502189636230468750e+00 7.160758972167968750e+00 7.104795455932617188e+00 8.826125144958496094e+00 1.018329906463623047e+01 9.070295333862304688e+00 1.043841361999511719e+01 1.074691009521484375e+01 1.284521484375000000e+01 1.414427089691162109e+01 1.455604076385498047e+01 1.306335735321044922e+01 1.378359794616699219e+01 1.515151500701904297e+01 1.479290008544921875e+01 1.470588111877441406e+01 1.540832138061523438e+01 1.571091938018798828e+01 1.581027507781982422e+01 1.583531188964843750e+01 1.593625545501708984e+01 1.592356586456298828e+01 1.594896221160888672e+01 1.596169281005859375e+01 1.593625545501708984e+01 1.589825153350830078e+01 1.596169090270996094e+01 1.593625545501708984e+01 1.574803066253662109e+01 1.579778861999511719e+01 1.582278537750244141e+01 1.556420230865478516e+01 1.529051876068115234e+01 1.557632446289062500e+01 1.558846473693847656e+01 1.511715888977050781e+01 1.531393527984619141e+01 1.550387477874755859e+01 1.526717376708984375e+01 1.498127269744873047e+01 1.525553035736083984e+01 1.525553035736083984e+01 1.546790409088134766e+01 1.512859249114990234e+01 1.529051876068115234e+01 1.495886325836181641e+01 1.523229217529296875e+01 1.490312862396240234e+01 1.346801376342773438e+01 1.384083175659179688e+01 1.464128780364990234e+01 1.392757797241210938e+01 1.210653781890869141e+01 1.367989063262939453e+01 1.438848972320556641e+01 1.277955341339111328e+01 1.252348136901855469e+01 1.438848972320556641e+01 1.421463966369628906e+01 1.291989707946777344e+01 1.382170104980468750e+01 1.498127365112304688e+01 1.516300296783447266e+01 1.539645767211914062e+01 1.524390220642089844e+01 1.525553035736083984e+01 1.545595073699951172e+01 1.560062503814697266e+01 1.568627452850341797e+01 1.574803066253662109e+01 1.583531188964843750e+01 1.583531188964843750e+01 1.584786128997802734e+01 1.574803066253662109e+01 1.571091938018798828e+01 1.571091938018798828e+01 1.555209922790527344e+01 1.563721561431884766e+01 1.552794933319091797e+01 1.560062503814697266e+01 1.551590347290039062e+01 1.552794933319091797e+01 1.550387477874755859e+01 1.545595073699951172e+01 1.558846473693847656e+01 1.569858741760253906e+01 1.576044082641601562e+01 1.582278537750244141e+01 1.582278537750244141e+01 1.581027507781982422e+01 1.566170692443847656e+01 1.557632446289062500e+01 1.538461589813232422e+01 1.525553035736083984e+01 1.509434032440185547e+01 1.481481456756591797e+01 1.479290008544921875e+01 1.440922260284423828e+01 1.495886325836181641e+01 1.469507789611816406e+01 1.503759384155273438e+01 1.544401550292968750e+01 1.537278842926025391e+01 1.501501655578613281e+01 1.460920333862304688e+01 1.361470413208007812e+01 1.414427185058593750e+01 1.320131969451904297e+01 1.396647930145263672e+01 1.407459449768066406e+01 1.401541805267333984e+01 1.477104949951171875e+01 1.506023979187011719e+01 1.532567214965820312e+01 1.558846282958984375e+01 1.566170692443847656e+01 1.573564243316650391e+01 1.579778861999511719e+01 1.582278537750244141e+01
1.287830066680908203e+01 1.158748531341552734e+01 1.048767757415771484e+01 8.107012748718261719e+00 6.784260749816894531e+00 7.135211944580078125e+00 2.502189636230468750e+00 1.000000000000000000e+00 2.486943483352661133e+00 7.366482734680175781e+00 8.064516067504882812e+00 9.037505149841308594e+00 9.140767097473144531e+00 1.013171195983886719e+01 1.149425315856933594e+01 1.311475372314453125e+01 1.448225975036621094e+01 1.503759384155273438e+01 1.406469821929931641e+01 1.456664276123046875e+01 1.561280155181884766e+01 1.551590442657470703e+01 1.543209838867187500e+01 1.578531932830810547e+01 1.587301540374755859e+01 1.588562393188476562e+01 1.591089916229248047e+01 1.593625545501708984e+01 1.594896221160888672e+01 1.594896221160888672e+01 1.597444057464599609e+01 1.594896221160888672e+01 1.593625545501708984e+01 1.597444057464599609e+01 1.597444057464599609e+01 1.584786128997802734e+01 1.588562393188476562e+01 1.591089916229248047e+01 1.573564243316650391e+01 1.560062503814697266e+01 1.573564243316650391e+01 1.574803066253662109e+01 1.545595073699951172e+01 1.564945411682128906e+01 1.571091938018798828e+01 1.555209922790527344e+01 1.537278842926025391e+01 1.551590442657470703e+01 1.554001712799072266e+01 1.563721561431884766e+01 1.540832138061523438e+01 1.555209922790527344e+01 1.522070121765136719e+01 1.549186706542968750e+01 1.539645767211914062e+01 1.421464157104492188e+01 1.443001556396484375e+01 1.525553035736083984e+01 1.481481552124023438e+01 1.300390052795410156e+01 1.424501514434814453e+01 1.508295536041259766e+01 1.373626422882080078e+01 1.286173629760742188e+01 1.469507789611816406e+01 1.476014804840087891e+01 1.327139949798583984e+01 1.384083175659179688e+01 1.506024074554443359e+01 1.517450714111328125e+01 1.544401550292968750e+01 1.536098289489746094e+01 1.544401550292968750e+01 1.561280155181884766e+01 1.569858551025390625e+01 1.577287101745605469e+01 1.579778861999511719e+01 1.586042785644531250e+01 1.583531188964843750e+01 1.584786128997802734e+01 1.577287101745605469e+01 1.576044273376464844e+01 1.579778861999511719e+01 1.569858551025390625e+01 1.576044082641601562e+01 1.569858551025390625e+01 1.578531837463378906e+01 1.571091938018798828e+01 1.578531837463378906e+01 1.569858551025390625e+01 1.576044082641601562e+01 1.574803066253662109e+01 1.579778861999511719e+01 1.579778861999511719e+01 1.586042785644531250e+01 1.587301540374755859e+01 1.587301731109619141e+01 1.579778861999511719e+01 1.572326946258544922e+01 1.558846473693847656e+01 1.560062503814697266e+01 1.543209838867187500e+01 1.522070121765136719e+01 1.516300296783447266e+01 1.483679485321044922e+01 1.518602752685546875e+01 1.486988925933837891e+01 1.512859249114990234e+01 1.549186706542968750e+01 1.536098289489746094e+01 1.497006034851074219e+01 1.451378726959228516e+01 1.365187644958496094e+01 1.439884853363037109e+01 1.382170104980468750e+01 1.459854030609130859e+01 1.485884094238281250e+01 1.490312862396240234e+01 1.539645767211914062e+01 1.555209922790527344e+01 1.562499904632568359e+01 1.574803066253662109e+01 1.577287101745605469e+01 1.582278537750244141e+01 1.584786128997802734e+01 1.587301540374755859e+01
1.388888931274414062e+01 1.235330486297607422e+01 1.160092830657958984e+01 1.072961425781250000e+01 8.240626335144042969e+00 7.057163238525390625e+00 7.160758972167968750e+00 2.486943483352661133e+00 1.000000000000000000e+00 2.478929042816162109e+00 7.254261970520019531e+00 8.054773330688476562e+00 9.053870201110839844e+00 1.098297691345214844e+01 1.297016811370849609e+01 1.454545402526855469e+01 1.539645767211914062e+01 1.568627452850341797e+01 1.522070121765136719e+01 1.550387477874755859e+01 1.591089916229248047e+01 1.584786128997802734e+01 1.578531932830810547e+01 1.593625545501708984e+01 1.596169090270996094e+01 1.594896221160888672e+01 1.596169090270996094e+01 1.596169090270996094e+01 1.596169090270996094e+01 1.596169090270996094e+01 1.598721027374267578e+01 1.596169090270996094e+01 1.597444057464599609e+01 1.598721027374267578e+01 1.598721027374267578e+01 1.594896221160888672e+01 1.594896221160888672e+01 1.596169090270996094e+01 1.592356586456298828e+01 1.586042785644531250e+01 1.588562393188476562e+01 1.588562393188476562e+01 1.573564243316650391e+01 1.587301540374755859e+01 1.584785938262939453e+01 1.571091938018798828e+01 1.557632446289062500e+01 1.566170692443847656e+01 1.567397975921630859e+01 1.569858551025390625e+01 1.555209922790527344e+01 1.562500095367431641e+01 1.527883911132812500e+01 1.556420230865478516e+01 1.549186706542968750e+01 1.429592609405517578e+01 1.447177982330322266e+01 1.540832138061523438e+01 1.493651962280273438e+01 1.282873630523681641e+01 1.419446372985839844e+01 1.525553035736083984e+01 1.387925052642822266e+01 1.260239410400390625e+01 1.469507789611816406e+01 1.486988925933837891e+01 1.314924430847167969e+01 1.364256381988525391e+01 1.510573959350585938e+01 1.520912456512451172e+01 1.549186706542968750e+01 1.550387477874755859e+01 1.557632446289062500e+01 1.571091938018798828e+01 1.579778861999511719e+01 1.582278537750244141e+01 1.584786128997802734e+01 1.591089916229248047e+01 1.588562393188476562e+01 1.587301731109619141e+01 1.583531188964843750e+01 1.583531188964843750e+01 1.586042785644531250e+01 1.578531837463378906e+01 1.583531188964843750e+01 1.577287101745605469e+01 1.584786128997802734e+01 1.579778861999511719e+01 1.586042785644531250e+01 1.577287101745605469e+01 1.582278537750244141e+01 1.579778861999511719e+01 1.583531188964843750e+01 1.583531188964843750e+01 1.586042785644531250e+01 1.588562393188476562e+01 1.589824962615966797e+01 1.584786128997802734e+01 1.579778861999511719e+01 1.568627452850341797e+01 1.573564243316650391e+01 1.555209922790527344e+01 1.533742332458496094e+01 1.523229217529296875e+01 1.489203357696533203e+01 1.517450714111328125e+01 1.490312862396240234e+01 1.506023979187011719e+01 1.547987651824951172e+01 1.529052066802978516e+01 1.482579612731933594e+01 1.422475147247314453e+01 1.345895004272460938e+01 1.424501514434814453e+01 1.384082984924316406e+01 1.471670436859130859e+01 1.508295536041259766e+01 1.517450714111328125e+01 1.554001712799072266e+01 1.569858551025390625e+01 1.573564243316650391e+01 1.581027698516845703e+01 1.579778861999511719e+01 1.583531188964843750e+01 1.586042785644531250e+01 1.587301731109619141e+01
1.465201473236083984e+01 1.350438976287841797e+01 1.251564502716064453e+01 1.182033061981201172e+01 1.076426219940185547e+01 8.396305084228515625e+00 7.104795455932617188e+00 7.366482734680175781e+00 2.478929042816162109e+00 1.000000000000000000e+00 2.464267969131469727e+00 6.980802536010742188e+00 7.350238800048828125e+00 1.021450424194335938e+01 1.209921264648437500e+01 1.452432918548583984e+01 1.551590442657470703e+01 1.573564243316650391e+01 1.493651962280273438e+01 1.515151500701904297e+01 1.581027507781982422e+01 1.564945220947265625e+01 1.532567024230957031e+01 1.578531932830810547e+01 1.589825153350830078e+01 1.592356777191162109e+01 1.591089916229248047e+01 1.593625545501708984e+01 1.596169090270996094e+01 1.596169090270996094e+01 1.597444057464599609e+01 1.596169090270996094e+01 1.596169090270996094e+01 1.597444057464599609e+01 1.598721027374267578e+01 1.593625545501708984e+01 1.592356777191162109e+01 1.596169090270996094e+01 1.592356586456298828e+01 1.582278537750244141e+01 1.584786128997802734e+01 1.582278537750244141e+01 1.560062503814697266e+01 1.563721561431884766e+01 1.574803066253662109e+01 1.552794933319091797e+01 1.519756793975830078e+01 1.532567024230957031e+01 1.525553035736083984e+01 1.546790409088134766e+01 1.526717376708984375e+01 1.539645767211914062e+01 1.493651962280273438e+01 1.527883911132812500e+01 1.492537307739257812e+01 1.308900547027587891e+01 1.351351356506347656e+01 1.459854030609130859e+01 1.351351356506347656e+01 1.091107463836669922e+01 1.297858524322509766e+01 1.415428256988525391e+01 1.191185283660888672e+01 1.078167152404785156e+01 1.360544204711914062e+01 1.355932235717773438e+01 1.150748062133789062e+01 1.265822887420654297e+01 1.451378726959228516e+01 1.482579612731933594e+01 1.520912456512451172e+01 1.516300106048583984e+01 1.519756889343261719e+01 1.551590442657470703e+01 1.567398166656494141e+01 1.574803066253662109e+01 1.577287101745605469e+01 1.586042785644531250e+01 1.584786128997802734e+01 1.586042785644531250e+01 1.576044273376464844e+01 1.571091938018798828e+01 1.571091938018798828e+01 1.551590347290039062e+01 1.560062503814697266e+01 1.542019939422607422e+01 1.555209922790527344e+01 1.544401550292968750e+01 1.549186706542968750e+01 1.547987461090087891e+01 1.546790409088134766e+01 1.558846473693847656e+01 1.568627452850341797e+01 1.576044082641601562e+01 1.582278537750244141e+01 1.583531188964843750e+01 1.584786128997802734e+01 1.576044082641601562e+01 1.568627452850341797e+01 1.547987461090087891e+01 1.529051876068115234e+01 1.501501464843750000e+01 1.443001556396484375e+01 1.424501514434814453e+01 1.353180027008056641e+01 1.415428256988525391e+01 1.397624111175537109e+01 1.434720134735107422e+01 1.516300296783447266e+01 1.488095092773437500e+01 1.420454597473144531e+01 1.322751331329345703e+01 1.204819202423095703e+01 1.277955341339111328e+01 1.207000732421875000e+01 1.354096126556396484e+01 1.425516700744628906e+01 1.447177982330322266e+01 1.514004516601562500e+01 1.545595073699951172e+01 1.560062503814697266e+01 1.572326946258544922e+01 1.569858551025390625e+01 1.577287101745605469e+01 1.582278537750244141e+01 1.586042785644531250e+01
1.533742332458496094e+01 1.483679485321044922e+01 1.419446563720703125e+01 1.298701286315917969e+01 1.242236042022705078e+01 1.109877872467041016e+01 8.826125144958496094e+00 8.064516067504882812e+00 7.254261970520019531e+00 2.464267969131469727e+00 1.000000000000000000e+00 2.388915300369262695e+00 6.951685905456542969e+00 9.666505813598632812e+00 1.220256233215332031e+01 1.479290008544921875e+01 1.561280155181884766e+01 1.583531188964843750e+01 1.524390220642089844e+01 1.546790409088134766e+01 1.593625545501708984e+01 1.587301540374755859e+01 1.562500095367431641e+01 1.589825153350830078e+01 1.596169281005859375e+01 1.594896221160888672e+01 1.594896221160888672e+01 1.596169090270996094e+01 1.596169090270996094e+01 1.596169090270996094e+01 1.598721027374267578e+01 1.596169090270996094e+01 1.596169090270996094e+01 1.596169090270996094e+01 1.598721027374267578e+01 1.596169090270996094e+01 1.594896221160888672e+01 1.596169090270996094e+01 1.593625545501708984e+01 1.586042785644531250e+01 1.587301540374755859e+01 1.586042785644531250e+01 1.569858741760253906e+01 1.571091938018798828e+01 1.573564243316650391e+01 1.549186706542968750e+01 1.518602752685546875e+01 1.529051876068115234e+01 1.530221939086914062e+01 1.546790409088134766e+01 1.531393527984619141e+01 1.545595073699951172e+01 1.501501655578613281e+01 1.532567214965820312e+01 1.508295726776123047e+01 1.322751331329345703e+01 1.354096031188964844e+01 1.479290008544921875e+01 1.386001396179199219e+01 1.116694545745849609e+01 1.316655731201171875e+01 1.439884662628173828e+01 1.207000541687011719e+01 1.062699317932128906e+01 1.352265071868896484e+01 1.351351356506347656e+01 1.106806850433349609e+01 1.205545520782470703e+01 1.419446563720703125e+01 1.456664276123046875e+01 1.511715793609619141e+01 1.510573959350585938e+01 1.520912456512451172e+01 1.558846473693847656e+01 1.571091938018798828e+01 1.578531932830810547e+01 1.579778861999511719e+01 1.586042785644531250e+01 1.584786128997802734e+01 1.586042785644531250e+01 1.574803066253662109e+01 1.567398166656494141e+01 1.571091938018798828e+01 1.555209922790527344e+01 1.568627452850341797e+01 1.555209922790527344e+01 1.569858551025390625e+01 1.562500095367431641e+01 1.568627452850341797e+01 1.569858741760253906e+01 1.564945411682128906e+01 1.571091938018798828e+01 1.577287101745605469e+01 1.577287101745605469e+01 1.584786128997802734e+01 1.586042785644531250e+01 1.587301731109619141e+01 1.582278537750244141e+01 1.577287101745605469e+01 1.566170692443847656e+01 1.552794933319091797e+01 1.533742332458496094e+01 1.473839282989501953e+01 1.444043254852294922e+01 1.356852149963378906e+01 1.386962604522705078e+01 1.358695793151855469e+01 1.385041522979736328e+01 1.489203357696533203e+01 1.436781597137451172e+01 1.354096031188964844e+01 1.221001243591308594e+01 1.114206027984619141e+01 1.212856197357177734e+01 1.190476131439208984e+01 1.352265071868896484e+01 1.443001556396484375e+01 1.483679485321044922e+01 1.536098289489746094e+01 1.554001522064208984e+01 1.566170692443847656e+01 1.573564243316650391e+01 1.569858551025390625e+01 1.576044082641601562e+01 1.581027507781982422e+01 1.584786128997802734e+01
1.551590347290039062e+01 1.520912456512451172e+01 1.490312862396240234e+01 1.392757606506347656e+01 1.317523002624511719e+01 1.212121295928955078e+01 1.018329906463623047e+01 9.037505149841308594e+00 8.054773330688476562e+00 6.980802536010742188e+00 2.388915300369262695e+00 1.000000000000000000e+00 2.462447643280029297e+00 7.272727012634277344e+00 1.063264274597167969e+01 1.345895004272460938e+01 1.543209838867187500e+01 1.573564052581787109e+01 1.467351436614990234e+01 1.514004516601562500e+01 1.594896221160888672e+01 1.588562393188476562e+01 1.551590442657470703e+01 1.593625545501708984e+01 1.598721027374267578e+01 1.598721027374267578e+01 1.598721027374267578e+01 1.600000000000000000e+01 1.598721027374267578e+01 1.597444057464599609e+01 1.598721027374267578e+01 1.597444057464599609e+01 1.598721027374267578e+01 1.598721027374267578e+01 1.598721027374267578e+01 1.596169090270996094e+01 1.598721027374267578e+01 1.596169090270996094e+01 1.593625545501708984e+01 1.589825153350830078e+01 1.589825153350830078e+01 1.587301540374755859e+01 1.566170692443847656e+01 1.569858551025390625e+01 1.572326946258544922e+01 1.539645767211914062e+01 1.502629566192626953e+01 1.520912456512451172e+01 1.529051876068115234e+01 1.549186706542968750e+01 1.544401550292968750e+01 1.561280155181884766e+01 1.533742332458496094e+01 1.562500095367431641e+01 1.542019939422607422e+01 1.378359794616699219e+01 1.411432647705078125e+01 1.524390220642089844e+01 1.417434597015380859e+01 1.152737712860107422e+01 1.365187835693359375e+01 1.465201473236083984e+01 1.204093933105468750e+01 1.067805671691894531e+01 1.380262279510498047e+01 1.368925380706787109e+01 1.100109958648681641e+01 1.226993942260742188e+01 1.450326347351074219e+01 1.483679485321044922e+01 1.531393527984619141e+01 1.529051876068115234e+01 1.543209838867187500e+01 1.572326946258544922e+01 1.578531837463378906e+01 1.584786128997802734e+01 1.586042785644531250e+01 1.588562393188476562e+01 1.586042785644531250e+01 1.588562393188476562e+01 1.579778861999511719e+01 1.576044273376464844e+01 1.581027507781982422e+01 1.566170692443847656e+01 1.578531932830810547e+01 1.564945220947265625e+01 1.581027698516845703e+01 1.578531932830810547e+01 1.582278537750244141e+01 1.583531188964843750e+01 1.577287101745605469e+01 1.581027507781982422e+01 1.583531188964843750e+01 1.579778861999511719e+01 1.588562393188476562e+01 1.589825153350830078e+01 1.589824962615966797e+01 1.587301731109619141e+01 1.586042785644531250e+01 1.578531932830810547e+01 1.562499904632568359e+01 1.550387477874755859e+01 1.471670246124267578e+01 1.454545402526855469e+01 1.336005306243896484e+01 1.362397670745849609e+01 1.354096031188964844e+01 1.358695793151855469e+01 1.483679485321044922e+01 1.421463966369628906e+01 1.334222793579101562e+01 1.167542362213134766e+01 1.048767757415771484e+01 1.146788978576660156e+01 1.130582237243652344e+01 1.326259899139404297e+01 1.424501514434814453e+01 1.478196525573730469e+01 1.543209838867187500e+01 1.560062503814697266e+01 1.571091938018798828e+01 1.578531932830810547e+01 1.578531932830810547e+01 1.581027507781982422e+01 1.583531188964843750e+01 1.586042785644531250e+01
