1.000000000000000000e+00 2.542265176773071289e+00 7.524454593658447266e+00 9.178522109985351562e+00 1.055966186523437500e+01 1.336005496978759766e+01 1.417434597015380859e+01 1.546790409088134766e+01 1.573564052581787109e+01 1.586042785644531250e+01 1.593625545501708984e+01 1.594896221160888672e+01 1.596169090270996094e+01 1.591089916229248047e+01 1.588562393188476562e+01 1.587301540374755859e+01 1.578531932830810547e+01 1.568627452850341797e+01 1.536098289489746094e+01 1.517450714111328125e+01 1.441961002349853516e+01 1.335113430023193359e+01 1.288659763336181641e+01 1.426533508300781250e+01 1.227747058868408203e+01 1.183431911468505859e+01 1.427551746368408203e+01 1.418439674377441406e+01 1.232285881042480469e+01 1.399580192565917969e+01 1.524390220642089844e+01 1.522069931030273438e+01 1.540832138061523438e+01 1.572326946258544922e+01 1.582278537750244141e+01 1.591089916229248047e+01 1.592356777191162109e+01 1.597444057464599609e+01 1.597444057464599609e+01 1.598721027374267578e+01 1.598721027374267578e+01 1.597444057464599609e+01 1.596169090270996094e+01 1.596169090270996094e+01 1.594896221160888672e+01 1.593625545501708984e+01 1.592356777191162109e+01 1.592356777191162109e+01 1.591089916229248047e+01 1.593625545501708984e+01 1.593625545501708984e+01 1.592356777191162109e+01 1.593625545501708984e+01 1.589825153350830078e+01 1.588562393188476562e+01 1.591089916229248047e+01 1.586042785644531250e+01 1.571091938018798828e+01 1.578531932830810547e+01 1.577287101745605469e+01 1.536098289489746094e+01 1.524390220642089844e+01 1.551590347290039062e+01 1.516300296783447266e+01 1.447177982330322266e+01 1.430615234375000000e+01 1.383125782012939453e+01 1.515151500701904297e+01 1.387924957275390625e+01 1.504890918731689453e+01 1.546790409088134766e+01 1.572326946258544922e+01 1.579778861999511719e+01 1.584786128997802734e+01 1.591089916229248047e+01 1.593625545501708984e+01 1.594896221160888672e+01 1.597444057464599609e+01 1.600000000000000000e+01 1.600000000000000000e+01 1.601280975341796875e+01 1.601280975341796875e+01 1.598721027374267578e+01 1.600000000000000000e+01 1.602564239501953125e+01 1.598721027374267578e+01 1.601280975341796875e+01 1.602564239501953125e+01 1.600000000000000000e+01 1.598721027374267578e+01 1.581027507781982422e+01 1.566170692443847656e+01 1.453488349914550781e+01 1.406469821929931641e+01 1.178550434112548828e+01 1.076426219940185547e+01 1.150748062133789062e+01
2.542265176773071289e+00 1.000000000000000000e+00 2.463054180145263672e+00 6.795786380767822266e+00 8.350730895996093750e+00 1.195457267761230469e+01 1.365187835693359375e+01 1.549186706542968750e+01 1.579778861999511719e+01 1.584786128997802734e+01 1.594896221160888672e+01 1.596169281005859375e+01 1.596169281005859375e+01 1.592356586456298828e+01 1.587301540374755859e+01 1.587301540374755859e+01 1.576044273376464844e+01 1.560062503814697266e+01 1.525553035736083984e+01 1.495886325836181641e+01 1.413427639007568359e+01 1.277955150604248047e+01 1.189060592651367188e+01 1.384082984924316406e+01 1.158077526092529297e+01 1.041124439239501953e+01 1.362397670745849609e+01 1.396647930145263672e+01 1.168907070159912109e+01 1.328903675079345703e+01 1.510573959350585938e+01 1.512859249114990234e+01 1.533742332458496094e+01 1.564945220947265625e+01 1.578531932830810547e+01 1.588562393188476562e+01 1.591089916229248047e+01 1.597444057464599609e+01 1.597444057464599609e+01 1.600000000000000000e+01 1.601280975341796875e+01 1.600000000000000000e+01 1.594896221160888672e+01 1.597444057464599609e+01 1.596169090270996094e+01 1.594896221160888672e+01 1.594896221160888672e+01 1.592356586456298828e+01 1.591089916229248047e+01 1.592356586456298828e+01 1.593625545501708984e+01 1.596169281005859375e+01 1.592356586456298828e+01 1.587301540374755859e+01 1.588562393188476562e+01 1.593625545501708984e+01 1.583531188964843750e+01 1.556420230865478516e+01 1.577287101745605469e+01 1.576044273376464844e+01 1.500374984741210938e+01 1.502629566192626953e+01 1.551590347290039062e+01 1.507159042358398438e+01 1.426533603668212891e+01 1.353180027008056641e+01 1.307189559936523438e+01 1.483679485321044922e+01 1.318391513824462891e+01 1.477104949951171875e+01 1.536098289489746094e+01 1.567398166656494141e+01 1.573564243316650391e+01 1.578531837463378906e+01 1.588562393188476562e+01 1.592356586456298828e+01 1.594896221160888672e+01 1.597444057464599609e+01 1.600000000000000000e+01 1.601280975341796875e+01 1.602564239501953125e+01 1.600000000000000000e+01 1.600000000000000000e+01 1.601280975341796875e+01 1.601280975341796875e+01 1.598721027374267578e+01 1.602564239501953125e+01 1.601280975341796875e+01 1.596169090270996094e+01 1.596169090270996094e+01 1.583531188964843750e+01 1.561280155181884766e+01 1.384082984924316406e+01 1.295336818695068359e+01 1.038421535491943359e+01 9.237874984741210938e+00 1.063264179229736328e+01
7.524454593658447266e+00 2.463054180145263672e+00 1.000000000000000000e+00 2.343841552734375000e+00 7.104795455932617188e+00 1.053740787506103516e+01 1.297858524322509766e+01 1.538461589813232422e+01 1.583531188964843750e+01 1.578531932830810547e+01 1.592356777191162109e+01 1.592356586456298828e+01 1.597444057464599609e+01 1.587301540374755859e+01 1.577287101745605469e+01 1.586042785644531250e+01 1.569858551025390625e+01 1.526717567443847656e+01 1.489203357696533203e+01 1.425516700744628906e+01 1.342282009124755859e+01 1.187648391723632812e+01 1.079330825805664062e+01 1.309757614135742188e+01 1.097092723846435547e+01 9.029345512390136719e+00 1.261034011840820312e+01 1.347708797454833984e+01 1.108033275604248047e+01 1.225490188598632812e+01 1.478196525573730469e+01 1.503759384155273438e+01 1.533742332458496094e+01 1.562499904632568359e+01 1.572326946258544922e+01 1.587301540374755859e+01 1.589825153350830078e+01 1.596169090270996094e+01 1.596169090270996094e+01 1.597444057464599609e+01 1.598721027374267578e+01 1.598721027374267578e+01 1.594896221160888672e+01 1.596169281005859375e+01 1.592356586456298828e+01 1.589824962615966797e+01 1.588562393188476562e+01 1.589825153350830078e+01 1.583531188964843750e+01 1.586042785644531250e+01 1.588562393188476562e+01 1.592356586456298828e+01 1.582278537750244141e+01 1.573564243316650391e+01 1.583531188964843750e+01 1.587301540374755859e+01 1.560062503814697266e+01 1.516300106048583984e+01 1.568627452850341797e+01 1.561280155181884766e+01 1.422475147247314453e+01 1.460920333862304688e+01 1.540832138061523438e+01 1.460920333862304688e+01 1.357773208618164062e+01 1.218026733398437500e+01 1.178550434112548828e+01 1.387925052642822266e+01 1.205545520782470703e+01 1.415428256988525391e+01 1.504890918731689453e+01 1.557632446289062500e+01 1.564945220947265625e+01 1.568627452850341797e+01 1.584785938262939453e+01 1.589825153350830078e+01 1.592356586456298828e+01 1.597444057464599609e+01 1.598721027374267578e+01 1.598721027374267578e+01 1.600000000000000000e+01 1.600000000000000000e+01 1.600000000000000000e+01 1.601280975341796875e+01 1.601280975341796875e+01 1.600000000000000000e+01 1.601280975341796875e+01 1.602564239501953125e+01 1.592356586456298828e+01 1.593625545501708984e+01 1.582278537750244141e+01 1.533742332458496094e+01 1.252348136901855469e+01 1.111728763580322266e+01 8.274721145629882812e+00 7.485030174255371094e+00 9.119927406311035156e+00
9.178522109985351562e+00 6.795786380767822266e+00 2.343841552734375000e+00 1.000000000000000000e+00 2.376990556716918945e+00 7.476635932922363281e+00 1.063829803466796875e+01 1.337792682647705078e+01 1.552794933319091797e+01 1.526717567443847656e+01 1.573564243316650391e+01 1.583531188964843750e+01 1.596169281005859375e+01 1.571091938018798828e+01 1.538461589813232422e+01 1.572326946258544922e+01 1.526717567443847656e+01 1.394700145721435547e+01 1.375515747070312500e+01 1.240694808959960938e+01 1.191185283660888672e+01 1.010611438751220703e+01 8.748906135559082031e+00 1.137656497955322266e+01 9.779952049255371094e+00 6.624710083007812500e+00 1.008064556121826172e+01 1.200480175018310547e+01 9.685230255126953125e+00 9.837677955627441406e+00 1.336005306243896484e+01 1.443001556396484375e+01 1.503759384155273438e+01 1.536098289489746094e+01 1.542019939422607422e+01 1.581027698516845703e+01 1.587301540374755859e+01 1.594896221160888672e+01 1.596169281005859375e+01 1.598721027374267578e+01 1.598721027374267578e+01 1.598721027374267578e+01 1.593625545501708984e+01 1.597444057464599609e+01 1.592356586456298828e+01 1.589824962615966797e+01 1.582278537750244141e+01 1.587301540374755859e+01 1.574803066253662109e+01 1.582278537750244141e+01 1.579778861999511719e+01 1.591089916229248047e+01 1.567398166656494141e+01 1.538461589813232422e+01 1.573564052581787109e+01 1.582278537750244141e+01 1.492537307739257812e+01 1.415428256988525391e+01 1.550387477874755859e+01 1.527883911132812500e+01 1.267427253723144531e+01 1.406469821929931641e+01 1.533742332458496094e+01 1.401541709899902344e+01 1.317523002624511719e+01 1.061008071899414062e+01 1.117943000793457031e+01 1.260239410400390625e+01 1.098297691345214844e+01 1.333333301544189453e+01 1.443001556396484375e+01 1.529051876068115234e+01 1.538461589813232422e+01 1.554001712799072266e+01 1.581027507781982422e+01 1.589825153350830078e+01 1.596169090270996094e+01 1.598721027374267578e+01 1.598721027374267578e+01 1.601280975341796875e+01 1.600000000000000000e+01 1.600000000000000000e+01 1.600000000000000000e+01 1.602564239501953125e+01 1.600000000000000000e+01 1.598721027374267578e+01 1.602564239501953125e+01 1.601280975341796875e+01 1.578531932830810547e+01 1.578531932830810547e+01 1.547987461090087891e+01 1.387924957275390625e+01 1.061571121215820312e+01 8.760402679443359375e+00 7.283321380615234375e+00 6.080875873565673828e+00 9.254974365234375000e+00
1.055966186523437500e+01 8.350730895996093750e+00 7.104795455932617188e+00 2.376990556716918945e+00 1.000000000000000000e+00 2.523659229278564453e+00 7.010164260864257812e+00 1.016776752471923828e+01 1.287830066680908203e+01 1.389853954315185547e+01 1.529051876068115234e+01 1.550387477874755859e+01 1.579778861999511719e+01 1.520912456512451172e+01 1.451378726959228516e+01 1.512859249114990234e+01 1.441961002349853516e+01 1.276324176788330078e+01 1.291989707946777344e+01 1.173709011077880859e+01 1.202645874023437500e+01 1.096491241455078125e+01 9.828009605407714844e+00 1.248439407348632812e+01 1.219512176513671875e+01 8.442380905151367188e+00 1.055408954620361328e+01 1.366120147705078125e+01 1.179941082000732422e+01 1.050420188903808594e+01 1.380262279510498047e+01 1.520912456512451172e+01 1.557632446289062500e+01 1.561280155181884766e+01 1.560062503814697266e+01 1.593625545501708984e+01 1.593625545501708984e+01 1.597444057464599609e+01 1.597444057464599609e+01 1.597444057464599609e+01 1.600000000000000000e+01 1.598721027374267578e+01 1.594896221160888672e+01 1.594896221160888672e+01 1.591089916229248047e+01 1.584786128997802734e+01 1.578531932830810547e+01 1.584786128997802734e+01 1.567398166656494141e+01 1.581027507781982422e+01 1.576044273376464844e+01 1.589825153350830078e+01 1.563721561431884766e+01 1.500374984741210938e+01 1.573564243316650391e+01 1.586042785644531250e+01 1.439884853363037109e+01 1.349527645111083984e+01 1.557632446289062500e+01 1.530221939086914062e+01 1.244555091857910156e+01 1.434720134735107422e+01 1.562500095367431641e+01 1.465201473236083984e+01 1.397624111175537109e+01 1.067235755920410156e+01 1.046025085449218750e+01 1.091107559204101562e+01 8.474575996398925781e+00 1.075847244262695312e+01 1.216544914245605469e+01 1.396648120880126953e+01 1.476014804840087891e+01 1.504890918731689453e+01 1.561280155181884766e+01 1.578531932830810547e+01 1.587301540374755859e+01 1.594896221160888672e+01 1.596169090270996094e+01 1.598721027374267578e+01 1.600000000000000000e+01 1.598721027374267578e+01 1.598721027374267578e+01 1.601280975341796875e+01 1.597444057464599609e+01 1.587301540374755859e+01 1.593625545501708984e+01 1.589825153350830078e+01 1.540832138061523438e+01 1.515151500701904297e+01 1.293661117553710938e+01 1.106806850433349609e+01 7.012622833251953125e+00 7.173600673675537109e+00 6.144392967224121094e+00 7.914523124694824219e+00 1.079330825805664062e+01
1.336005496978759766e+01 1.195457267761230469e+01 1.053740787506103516e+01 7.476635932922363281e+00 2.523659229278564453e+00 1.000000000000000000e+00 2.531645774841308594e+00 6.695681095123291016e+00 1.016260242462158203e+01 1.110494232177734375e+01 1.390820693969726562e+01 1.464128780364990234e+01 1.525553035736083984e+01 1.378359794616699219e+01 1.250000000000000000e+01 1.392757606506347656e+01 1.260239410400390625e+01 9.569378852844238281e+00 1.079913616180419922e+01 8.752735137939453125e+00 1.018848705291748047e+01 9.666505813598632812e+00 8.244023323059082031e+00 9.842518806457519531e+00 1.092299270629882812e+01 7.015082836151123047e+00 6.727211952209472656e+00 1.093493747711181641e+01 1.025115299224853516e+01 7.361060142517089844e+00 1.046025085449218750e+01 1.357773208618164062e+01 1.469507789611816406e+01 1.443001556396484375e+01 1.417434597015380859e+01 1.567398166656494141e+01 1.583531188964843750e+01 1.596169281005859375e+01 1.593625545501708984e+01 1.600000000000000000e+01 1.602564239501953125e+01 1.601280975341796875e+01 1.589825153350830078e+01 1.594896221160888672e+01 1.588562393188476562e+01 1.579778861999511719e+01 1.545595073699951172e+01 1.568627452850341797e+01 1.466275691986083984e+01 1.556420230865478516e+01 1.502629566192626953e+01 1.567398166656494141e+01 1.436781597137451172e+01 1.219512176513671875e+01 1.437814521789550781e+01 1.461988353729248047e+01 1.089324569702148438e+01 1.032524490356445312e+01 1.411432647705078125e+01 1.310615921020507812e+01 9.451795578002929688e+00 1.297858524322509766e+01 1.498127269744873047e+01 1.327139949798583984e+01 1.354096031188964844e+01 9.302325248718261719e+00 1.156069278717041016e+01 1.024065589904785156e+01 1.006542491912841797e+01 1.118568229675292969e+01 1.173020458221435547e+01 1.371742153167724609e+01 1.419446372985839844e+01 1.481481552124023438e+01 1.549186706542968750e+01 1.572326946258544922e+01 1.587301731109619141e+01 1.597444057464599609e+01 1.597444057464599609e+01 1.600000000000000000e+01 1.600000000000000000e+01 1.598721027374267578e+01 1.600000000000000000e+01 1.603849220275878906e+01 1.593625545501708984e+01 1.546790409088134766e+01 1.583531188964843750e+01 1.564945411682128906e+01 1.446131610870361328e+01 1.357773208618164062e+01 1.146131801605224609e+01 8.760402679443359375e+00 7.342144012451171875e+00 5.396654129028320312e+00 8.474575996398925781e+00 9.237874984741210938e+00 1.310616111755371094e+01
1.417434597015380859e+01 1.365187835693359375e+01 1.297858524322509766e+01 1.063829803466796875e+01 7.010164260864257812e+00 2.531645774841308594e+00 1.000000000000000000e+00 2.522386312484741211e+00 6.242197036743164062e+00 8.054772377014160156e+00 1.150086212158203125e+01 1.310615921020507812e+01 1.440922260284423828e+01 1.247660732269287109e+01 1.092299270629882812e+01 1.270648097991943359e+01 1.171646213531494141e+01 9.606147766113281250e+00 1.112347030639648438e+01 1.047120380401611328e+01 1.186239624023437500e+01 1.239925575256347656e+01 1.184132671356201172e+01 1.316655731201171875e+01 1.480384826660156250e+01 1.173020458221435547e+01 1.085187149047851562e+01 1.474926280975341797e+01 1.440922260284423828e+01 1.141552543640136719e+01 1.352265071868896484e+01 1.555209922790527344e+01 1.574803066253662109e+01 1.554001522064208984e+01 1.554001712799072266e+01 1.596169090270996094e+01 1.593625545501708984e+01 1.596169281005859375e+01 1.597444057464599609e+01 1.597444057464599609e+01 1.600000000000000000e+01 1.597444057464599609e+01 1.594896221160888672e+01 1.593625545501708984e+01 1.588562393188476562e+01 1.578531932830810547e+01 1.563721561431884766e+01 1.576044082641601562e+01 1.509434032440185547e+01 1.574803066253662109e+01 1.534919452667236328e+01 1.583531188964843750e+01 1.488095092773437500e+01 1.305483055114746094e+01 1.523229217529296875e+01 1.543209838867187500e+01 1.239925575256347656e+01 1.261829757690429688e+01 1.564945411682128906e+01 1.517450714111328125e+01 1.300390052795410156e+01 1.544401550292968750e+01 1.594896221160888672e+01 1.554001712799072266e+01 1.578531932830810547e+01 1.309757614135742188e+01 1.382170104980468750e+01 1.154734420776367188e+01 1.038421630859375000e+01 1.011633777618408203e+01 9.615384101867675781e+00 1.097092723846435547e+01 1.175088214874267578e+01 1.286173629760742188e+01 1.430615234375000000e+01 1.504890918731689453e+01 1.543210029602050781e+01 1.574803066253662109e+01 1.576044082641601562e+01 1.591089916229248047e+01 1.589825153350830078e+01 1.576044082641601562e+01 1.566170692443847656e+01 1.567398166656494141e+01 1.514004707336425781e+01 1.405481243133544922e+01 1.452432727813720703e+01 1.401541709899902344e+01 1.179941082000732422e+01 1.051524734497070312e+01 7.659900665283203125e+00 7.564296245574951172e+00 6.255864620208740234e+00 8.163265228271484375e+00 1.054296207427978516e+01 1.302931594848632812e+01 1.531393527984619141e+01
1.546790409088134766e+01 1.549186706542968750e+01 1.538461589813232422e+01 1.337792682647705078e+01 1.016776752471923828e+01 6.695681095123291016e+00 2.522386312484741211e+00 1.000000000000000000e+00 2.369387626647949219e+00 7.587253570556640625e+00 1.042752838134765625e+01 1.231527042388916016e+01 1.403508758544921875e+01 1.179245185852050781e+01 1.003009033203125000e+01 1.194743156433105469e+01 1.092896175384521484e+01 8.319467544555664062e+00 1.077005958557128906e+01 9.685230255126953125e+00 1.199040794372558594e+01 1.269035625457763672e+01 1.220256233215332031e+01 1.265822696685791016e+01 1.465201473236083984e+01 1.204093933105468750e+01 1.019887828826904297e+01 1.395673465728759766e+01 1.408450698852539062e+01 1.074691009521484375e+01 1.203369426727294922e+01 1.478196525573730469e+01 1.532567214965820312e+01 1.478196525573730469e+01 1.452432918548583984e+01 1.573564243316650391e+01 1.586042785644531250e+01 1.596169281005859375e+01 1.588562393188476562e+01 1.600000000000000000e+01 1.600000000000000000e+01 1.598721027374267578e+01 1.583531188964843750e+01 1.591089916229248047e+01 1.577287101745605469e+01 1.556420230865478516e+01 1.491424465179443359e+01 1.514004516601562500e+01 1.323626613616943359e+01 1.459854030609130859e+01 1.313197612762451172e+01 1.446131610870361328e+01 1.188354110717773438e+01 9.363295555114746094e+00 1.245329952239990234e+01 1.267427062988281250e+01 8.814455032348632812e+00 9.671179771423339844e+00 1.354096031188964844e+01 1.293661117553710938e+01 1.093493652343750000e+01 1.416430568695068359e+01 1.549186706542968750e+01 1.481481552124023438e+01 1.539645767211914062e+01 1.215805530548095703e+01 1.386962604522705078e+01 1.053185844421386719e+01 1.152737712860107422e+01 1.057641506195068359e+01 9.900989532470703125e+00 1.123595523834228516e+01 1.167542362213134766e+01 1.315789508819580078e+01 1.424501514434814453e+01 1.500374984741210938e+01 1.537278842926025391e+01 1.574803066253662109e+01 1.576044082641601562e+01 1.591089916229248047e+01 1.589825153350830078e+01 1.567398166656494141e+01 1.557632446289062500e+01 1.558846282958984375e+01 1.490312862396240234e+01 1.339584636688232422e+01 1.398601341247558594e+01 1.335113430023193359e+01 1.085776329040527344e+01 9.021200180053710938e+00 7.836990833282470703e+00 5.993407249450683594e+00 7.933360099792480469e+00 8.333333969116210938e+00 1.253918457031250000e+01 1.439884853363037109e+01 1.586042785644531250e+01
1.573564052581787109e+01 1.579778861999511719e+01 1.583531188964843750e+01 1.552794933319091797e+01 1.287830066680908203e+01 1.016260242462158203e+01 6.242197036743164062e+00 2.369387626647949219e+00 1.000000000000000000e+00 2.408477783203125000e+00 7.207207202911376953e+00 9.666505813598632812e+00 1.173709011077880859e+01 1.029866123199462891e+01 9.722897529602050781e+00 1.179245185852050781e+01 1.154734325408935547e+01 1.049868774414062500e+01 1.259445762634277344e+01 1.280409812927246094e+01 1.418439674377441406e+01 1.488095092773437500e+01 1.477104949951171875e+01 1.499250411987304688e+01 1.588562393188476562e+01 1.502629566192626953e+01 1.354096031188964844e+01 1.574803066253662109e+01 1.582278537750244141e+01 1.401541709899902344e+01 1.444043254852294922e+01 1.572326946258544922e+01 1.579778861999511719e+01 1.549186706542968750e+01 1.551590442657470703e+01 1.589824962615966797e+01 1.591089916229248047e+01 1.597444057464599609e+01 1.596169281005859375e+01 1.598721027374267578e+01 1.600000000000000000e+01 1.598721027374267578e+01 1.586042785644531250e+01 1.588562393188476562e+01 1.578531932830810547e+01 1.554001522064208984e+01 1.526717567443847656e+01 1.532567024230957031e+01 1.427551746368408203e+01 1.492537307739257812e+01 1.388888931274414062e+01 1.500374984741210938e+01 1.315789508819580078e+01 1.169590663909912109e+01 1.450326347351074219e+01 1.463057708740234375e+01 1.176470565795898438e+01 1.330671977996826172e+01 1.557632446289062500e+01 1.509434032440185547e+01 1.439884662628173828e+01 1.583531188964843750e+01 1.597444057464599609e+01 1.577287101745605469e+01 1.596169090270996094e+01 1.532567024230957031e+01 1.569858551025390625e+01 1.383125782012939453e+01 1.375515937805175781e+01 1.197604846954345703e+01 1.030927848815917969e+01 1.031991767883300781e+01 1.008572864532470703e+01 1.131861972808837891e+01 1.259445762634277344e+01 1.380262279510498047e+01 1.455604076385498047e+01 1.523229217529296875e+01 1.526717376708984375e+01 1.556420040130615234e+01 1.540832138061523438e+01 1.474926280975341797e+01 1.425516700744628906e+01 1.419446372985839844e+01 1.287830066680908203e+01 1.085187149047851562e+01 1.119820880889892578e+01 1.063829803466796875e+01 8.399832725524902344e+00 7.361060142517089844e+00 6.668889522552490234e+00 8.032128334045410156e+00 1.007556629180908203e+01 1.228501224517822266e+01 1.515151500701904297e+01 1.584785938262939453e+01 1.594896221160888672e+01
1.586042785644531250e+01 1.584786128997802734e+01 1.578531932830810547e+01 1.526717567443847656e+01 1.389853954315185547e+01 1.110494232177734375e+01 8.054772377014160156e+00 7.587253570556640625e+00 2.408477783203125000e+00 1.000000000000000000e+00 2.500625133514404297e+00 6.718173027038574219e+00 8.598452568054199219e+00 6.985679149627685547e+00 6.466213703155517578e+00 9.212345123291015625e+00 9.661836624145507812e+00 8.880994796752929688e+00 1.156069374084472656e+01 1.252348136901855469e+01 1.424501514434814453e+01 1.492537307739257812e+01 1.502629566192626953e+01 1.503759384155273438e+01 1.589825153350830078e+01 1.524390220642089844e+01 1.405481433868408203e+01 1.578531932830810547e+01 1.582278537750244141e+01 1.457726001739501953e+01 1.478196525573730469e+01 1.577287101745605469e+01 1.584785938262939453e+01 1.560062503814697266e+01 1.552794933319091797e+01 1.587301540374755859e+01 1.592356586456298828e+01 1.598721027374267578e+01 1.596169281005859375e+01 1.598721027374267578e+01 1.601280975341796875e+01 1.600000000000000000e+01 1.582278537750244141e+01 1.584786128997802734e+01 1.577287101745605469e+01 1.547987651824951172e+01 1.495886135101318359e+01 1.488095092773437500e+01 1.335113430023193359e+01 1.402524566650390625e+01 1.249219226837158203e+01 1.411432647705078125e+01 1.176470565795898438e+01 1.041124439239501953e+01 1.369863033294677734e+01 1.372683525085449219e+01 1.101321601867675781e+01 1.310616111755371094e+01 1.533742332458496094e+01 1.459854030609130859e+01 1.417434406280517578e+01 1.574803066253662109e+01 1.587301540374755859e+01 1.554001712799072266e+01 1.589825153350830078e+01 1.519756889343261719e+01 1.568627452850341797e+01 1.383125782012939453e+01 1.437814521789550781e+01 1.238390064239501953e+01 1.096491241455078125e+01 1.051524734497070312e+01 1.039500999450683594e+01 1.143510627746582031e+01 1.268230819702148438e+01 1.383125782012939453e+01 1.468428707122802734e+01 1.532567214965820312e+01 1.526717376708984375e+01 1.558846473693847656e+01 1.545595073699951172e+01 1.455604076385498047e+01 1.408450794219970703e+01 1.437814521789550781e+01 1.271455860137939453e+01 1.051524734497070312e+01 1.140901279449462891e+01 1.073537254333496094e+01 8.343763351440429688e+00 7.280670166015625000e+00 8.336806297302246094e+00 8.478168487548828125e+00 1.146131801605224609e+01 1.305483055114746094e+01 1.536098289489746094e+01 1.588562393188476562e+01 1.601280975341796875e+01
1.593625545501708984e+01 1.594896221160888672e+01 1.592356777191162109e+01 1.573564243316650391e+01 1.529051876068115234e+01 1.390820693969726562e+01 1.150086212158203125e+01 1.042752838134765625e+01 7.207207202911376953e+00 2.500625133514404297e+00 1.000000000000000000e+00 2.347417831420898438e+00 6.770480632781982422e+00 6.821281909942626953e+00 8.061264991760253906e+00 1.044386386871337891e+01 1.134429931640625000e+01 1.181334972381591797e+01 1.368925380706787109e+01 1.467351436614990234e+01 1.543209838867187500e+01 1.572326946258544922e+01 1.579778861999511719e+01 1.577287101745605469e+01 1.596169281005859375e+01 1.589825153350830078e+01 1.561280155181884766e+01 1.596169281005859375e+01 1.600000000000000000e+01 1.567398166656494141e+01 1.568627452850341797e+01 1.596169090270996094e+01 1.594896221160888672e+01 1.584786128997802734e+01 1.586042785644531250e+01 1.594896221160888672e+01 1.594896221160888672e+01 1.600000000000000000e+01 1.596169281005859375e+01 1.597444057464599609e+01 1.600000000000000000e+01 1.597444057464599609e+01 1.589824962615966797e+01 1.584786128997802734e+01 1.577287101745605469e+01 1.550387477874755859e+01 1.537279033660888672e+01 1.529051876068115234e+01 1.466275501251220703e+01 1.473839282989501953e+01 1.400560188293457031e+01 1.506024074554443359e+01 1.359619331359863281e+01 1.342281818389892578e+01 1.540832138061523438e+01 1.524390220642089844e+01 1.378359794616699219e+01 1.533742332458496094e+01 1.586042785644531250e+01 1.534919452667236328e+01 1.538461589813232422e+01 1.591089916229248047e+01 1.587301540374755859e+01 1.556420230865478516e+01 1.589825153350830078e+01 1.560062503814697266e+01 1.584786128997802734e+01 1.549186706542968750e+01 1.547987651824951172e+01 1.455604076385498047e+01 1.329787254333496094e+01 1.212121295928955078e+01 1.133786773681640625e+01 1.159420299530029297e+01 1.218769073486328125e+01 1.313197612762451172e+01 1.388888931274414062e+01 1.464128780364990234e+01 1.452432918548583984e+01 1.474926280975341797e+01 1.454545402526855469e+01 1.325380992889404297e+01 1.246105957031250000e+01 1.299545192718505859e+01 1.151410484313964844e+01 9.220838546752929688e+00 9.746588706970214844e+00 9.940357208251953125e+00 8.478168487548828125e+00 8.499787330627441406e+00 1.034661102294921875e+01 1.179245185852050781e+01 1.401541709899902344e+01 1.531393527984619141e+01 1.577287101745605469e+01 1.596169281005859375e+01 1.602564239501953125e+01
1.594896221160888672e+01 1.596169281005859375e+01 1.592356586456298828e+01 1.583531188964843750e+01 1.550387477874755859e+01 1.464128780364990234e+01 1.310615921020507812e+01 1.231527042388916016e+01 9.666505813598632812e+00 6.718173027038574219e+00 2.347417831420898438e+00 1.000000000000000000e+00 2.341372013092041016e+00 6.653359889984130859e+00 6.988120555877685547e+00 9.070295333862304688e+00 1.089324569702148438e+01 1.204819202423095703e+01 1.338688087463378906e+01 1.469507789611816406e+01 1.544401550292968750e+01 1.573564243316650391e+01 1.586042785644531250e+01 1.577287101745605469e+01 1.596169090270996094e+01 1.593625545501708984e+01 1.573564243316650391e+01 1.596169281005859375e+01 1.600000000000000000e+01 1.583531188964843750e+01 1.578531932830810547e+01 1.596169090270996094e+01 1.594896221160888672e+01 1.589824962615966797e+01 1.587301540374755859e+01 1.596169281005859375e+01 1.594896221160888672e+01 1.597444057464599609e+01 1.596169281005859375e+01 1.596169281005859375e+01 1.598721027374267578e+01 1.597444057464599609e+01 1.583531188964843750e+01 1.579778861999511719e+01 1.568627452850341797e+01 1.532567024230957031e+01 1.518602752685546875e+01 1.491424274444580078e+01 1.435750293731689453e+01 1.406469821929931641e+01 1.336898422241210938e+01 1.435750293731689453e+01 1.291155624389648438e+01 1.336898422241210938e+01 1.514004707336425781e+01 1.488095283508300781e+01 1.394700145721435547e+01 1.540832138061523438e+01 1.579778861999511719e+01 1.525553035736083984e+01 1.547987461090087891e+01 1.593625545501708984e+01 1.588562393188476562e+01 1.552794933319091797e+01 1.584785938262939453e+01 1.563721561431884766e+01 1.583531188964843750e+01 1.558846282958984375e+01 1.563721561431884766e+01 1.485883998870849609e+01 1.386962604522705078e+01 1.266624355316162109e+01 1.213592243194580078e+01 1.225490283966064453e+01 1.279590415954589844e+01 1.361470413208007812e+01 1.418439674377441406e+01 1.485884094238281250e+01 1.483679485321044922e+01 1.504890918731689453e+01 1.480384826660156250e+01 1.358695793151855469e+01 1.289490604400634766e+01 1.366120147705078125e+01 1.244555091857910156e+01 1.044386386871337891e+01 1.126760578155517578e+01 1.140901279449462891e+01 1.017294025421142578e+01 1.019367980957031250e+01 1.232285976409912109e+01 1.324503326416015625e+01 1.483679676055908203e+01 1.560062503814697266e+01 1.584785938262939453e+01 1.597444057464599609e+01 1.602564239501953125e+01
1.596169090270996094e+01 1.596169281005859375e+01 1.597444057464599609e+01 1.596169281005859375e+01 1.579778861999511719e+01 1.525553035736083984e+01 1.440922260284423828e+01 1.403508758544921875e+01 1.173709011077880859e+01 8.598452568054199219e+00 6.770480632781982422e+00 2.341372013092041016e+00 1.000000000000000000e+00 2.475247621536254883e+00 7.207207679748535156e+00 8.267879486083984375e+00 9.935420036315917969e+00 1.234567928314208984e+01 1.374570369720458984e+01 1.472754001617431641e+01 1.540832138061523438e+01 1.572326946258544922e+01 1.593625545501708984e+01 1.588562393188476562e+01 1.601280975341796875e+01 1.598721027374267578e+01 1.591089916229248047e+01 1.600000000000000000e+01 1.600000000000000000e+01 1.593625545501708984e+01 1.593625545501708984e+01 1.600000000000000000e+01 1.601280975341796875e+01 1.597444057464599609e+01 1.597444057464599609e+01 1.598721027374267578e+01 1.598721027374267578e+01 1.600000000000000000e+01 1.598721027374267578e+01 1.597444057464599609e+01 1.598721027374267578e+01 1.597444057464599609e+01 1.587301540374755859e+01 1.579778861999511719e+01 1.572326946258544922e+01 1.537279033660888672e+01 1.516300106048583984e+01 1.478196620941162109e+01 1.427551746368408203e+01 1.405481243133544922e+01 1.350438976287841797e+01 1.458789062500000000e+01 1.339584636688232422e+01 1.400560188293457031e+01 1.544401550292968750e+01 1.500374984741210938e+01 1.426533508300781250e+01 1.563721561431884766e+01 1.587301540374755859e+01 1.524390220642089844e+01 1.557632446289062500e+01 1.596169281005859375e+01 1.586042785644531250e+01 1.543210029602050781e+01 1.586042785644531250e+01 1.566170692443847656e+01 1.588562393188476562e+01 1.569858551025390625e+01 1.577287101745605469e+01 1.518602943420410156e+01 1.446131610870361328e+01 1.338688087463378906e+01 1.307189559936523438e+01 1.304631423950195312e+01 1.353180027008056641e+01 1.410437202453613281e+01 1.446131610870361328e+01 1.499250411987304688e+01 1.493651962280273438e+01 1.511715793609619141e+01 1.501501655578613281e+01 1.405481243133544922e+01 1.337792682647705078e+01 1.413427639007568359e+01 1.310616111755371094e+01 1.136363601684570312e+01 1.245329952239990234e+01 1.275510215759277344e+01 1.191185283660888672e+01 1.201201152801513672e+01 1.389853954315185547e+01 1.437814521789550781e+01 1.536098289489746094e+01 1.584785938262939453e+01 1.593625545501708984e+01 1.598721027374267578e+01 1.602564239501953125e+01
1.591089916229248047e+01 1.592356586456298828e+01 1.587301540374755859e+01 1.571091938018798828e+01 1.520912456512451172e+01 1.378359794616699219e+01 1.247660732269287109e+01 1.179245185852050781e+01 1.029866123199462891e+01 6.985679149627685547e+00 6.821281909942626953e+00 6.653359889984130859e+00 2.475247621536254883e+00 1.000000000000000000e+00 2.495010137557983398e+00 7.299270153045654297e+00 8.169934272766113281e+00 9.564801216125488281e+00 1.210653781890869141e+01 1.351351356506347656e+01 1.441961002349853516e+01 1.509434032440185547e+01 1.550387477874755859e+01 1.545595073699951172e+01 1.593625545501708984e+01 1.577287101745605469e+01 1.534919452667236328e+01 1.591089916229248047e+01 1.597444057464599609e+01 1.563721561431884766e+01 1.563721561431884766e+01 1.594896221160888672e+01 1.597444057464599609e+01 1.591089916229248047e+01 1.589824962615966797e+01 1.597444057464599609e+01 1.597444057464599609e+01 1.597444057464599609e+01 1.594896221160888672e+01 1.597444057464599609e+01 1.597444057464599609e+01 1.596169281005859375e+01 1.579778861999511719e+01 1.576044082641601562e+01 1.567398166656494141e+01 1.500374984741210938e+01 1.450326347351074219e+01 1.352265071868896484e+01 1.322751331329345703e+01 1.332445144653320312e+01 1.321877098083496094e+01 1.441961002349853516e+01 1.244555091857910156e+01 1.261829662322998047e+01 1.488095283508300781e+01 1.414427089691162109e+01 1.256281471252441406e+01 1.458789062500000000e+01 1.536098289489746094e+01 1.409443283081054688e+01 1.453488349914550781e+01 1.566170692443847656e+01 1.550387477874755859e+01 1.481481552124023438e+01 1.563721561431884766e+01 1.501501655578613281e+01 1.571091938018798828e+01 1.494768333435058594e+01 1.524390220642089844e+01 1.419446372985839844e+01 1.291155624389648438e+01 1.199040794372558594e+01 1.217285537719726562e+01 1.257071018218994141e+01 1.337792682647705078e+01 1.422475147247314453e+01 1.471670246124267578e+01 1.522070121765136719e+01 1.511715888977050781e+01 1.536098289489746094e+01 1.509434032440185547e+01 1.412429428100585938e+01 1.355013561248779297e+01 1.406469821929931641e+01 1.260239410400390625e+01 1.061007976531982422e+01 1.190476131439208984e+01 1.190476131439208984e+01 1.047120380401611328e+01 1.036806583404541016e+01 1.189060592651367188e+01 1.215805530548095703e+01 1.415428256988525391e+01 1.501501655578613281e+01 1.571091938018798828e+01 1.591089916229248047e+01 1.598721027374267578e+01
1.588562393188476562e+01 1.587301540374755859e+01 1.577287101745605469e+01 1.538461589813232422e+01 1.451378726959228516e+01 1.250000000000000000e+01 1.092299270629882812e+01 1.003009033203125000e+01 9.722897529602050781e+00 6.466213703155517578e+00 8.061264991760253906e+00 6.988120555877685547e+00 7.207207679748535156e+00 2.495010137557983398e+00 1.000000000000000000e+00 2.506579875946044922e+00 6.971070289611816406e+00 7.432180881500244141e+00 9.306654930114746094e+00 1.195457267761230469e+01 1.366120147705078125e+01 1.412429428100585938e+01 1.461988353729248047e+01 1.447177982330322266e+01 1.571091938018798828e+01 1.525553035736083984e+01 1.425516700744628906e+01 1.551590442657470703e+01 1.582278537750244141e+01 1.499250411987304688e+01 1.497006034851074219e+01 1.582278537750244141e+01 1.588562393188476562e+01 1.573564243316650391e+01 1.569858551025390625e+01 1.592356777191162109e+01 1.593625545501708984e+01 1.593625545501708984e+01 1.587301540374755859e+01 1.589825153350830078e+01 1.592356586456298828e+01 1.589825153350830078e+01 1.567398166656494141e+01 1.557632446289062500e+01 1.540832138061523438e+01 1.461988353729248047e+01 1.393728256225585938e+01 1.354096031188964844e+01 1.202645874023437500e+01 1.302083301544189453e+01 1.176470661163330078e+01 1.324503326416015625e+01 1.042752838134765625e+01 1.049868774414062500e+01 1.345894908905029297e+01 1.228501224517822266e+01 1.009081745147705078e+01 1.302083301544189453e+01 1.441961002349853516e+01 1.289490604400634766e+01 1.338688087463378906e+01 1.543209838867187500e+01 1.540832138061523438e+01 1.474926280975341797e+01 1.563721561431884766e+01 1.459854030609130859e+01 1.551590347290039062e+01 1.417434406280517578e+01 1.481481456756591797e+01 1.379310226440429688e+01 1.272264575958251953e+01 1.283697032928466797e+01 1.298701286315917969e+01 1.383125782012939453e+01 1.456664276123046875e+01 1.523229217529296875e+01 1.550387477874755859e+01 1.573564243316650391e+01 1.568627452850341797e+01 1.583531188964843750e+01 1.574803066253662109e+01 1.529052066802978516e+01 1.501501655578613281e+01 1.538461589813232422e+01 1.434720134735107422e+01 1.242236042022705078e+01 1.367054080963134766e+01 1.333333301544189453e+01 1.126760482788085938e+01 1.069518661499023438e+01 1.174398040771484375e+01 1.112966060638427734e+01 1.331557846069335938e+01 1.409443283081054688e+01 1.540832138061523438e+01 1.581027507781982422e+01 1.594896221160888672e+01
1.587301540374755859e+01 1.587301540374755859e+01 1.586042785644531250e+01 1.572326946258544922e+01 1.512859249114990234e+01 1.392757606506347656e+01 1.270648097991943359e+01 1.194743156433105469e+01 1.179245185852050781e+01 9.212345123291015625e+00 1.044386386871337891e+01 9.070295333862304688e+00 8.267879486083984375e+00 7.299270153045654297e+00 2.506579875946044922e+00 1.000000000000000000e+00 2.470355749130249023e+00 7.317965984344482422e+00 8.417508125305175781e+00 1.103143882751464844e+01 1.335113430023193359e+01 1.383125782012939453e+01 1.432664680480957031e+01 1.435750102996826172e+01 1.569858551025390625e+01 1.547987651824951172e+01 1.470588111877441406e+01 1.573564243316650391e+01 1.593625545501708984e+01 1.550387477874755859e+01 1.538461589813232422e+01 1.591089916229248047e+01 1.594896221160888672e+01 1.584786128997802734e+01 1.582278537750244141e+01 1.593625545501708984e+01 1.594896221160888672e+01 1.596169281005859375e+01 1.591089916229248047e+01 1.592356586456298828e+01 1.591089916229248047e+01 1.587301540374755859e+01 1.561280155181884766e+01 1.537278842926025391e+01 1.503759384155273438e+01 1.386962604522705078e+01 1.363326549530029297e+01 1.307189559936523438e+01 1.240694904327392578e+01 1.328021240234375000e+01 1.253132820129394531e+01 1.347708797454833984e+01 1.078167152404785156e+01 1.159420299530029297e+01 1.397624111175537109e+01 1.229256343841552734e+01 1.073537349700927734e+01 1.367989063262939453e+01 1.429592609405517578e+01 1.216544914245605469e+01 1.350438880920410156e+01 1.526717567443847656e+01 1.498127365112304688e+01 1.432664680480957031e+01 1.552794933319091797e+01 1.483679485321044922e+01 1.569858741760253906e+01 1.500374984741210938e+01 1.551590442657470703e+01 1.491424465179443359e+01 1.427551746368408203e+01 1.436781597137451172e+01 1.435750102996826172e+01 1.477104949951171875e+01 1.517450714111328125e+01 1.552794933319091797e+01 1.563721561431884766e+01 1.578531837463378906e+01 1.574803066253662109e+01 1.582278537750244141e+01 1.584786128997802734e+01 1.558846282958984375e+01 1.536098289489746094e+01 1.563721561431884766e+01 1.516300106048583984e+01 1.381215381622314453e+01 1.463057708740234375e+01 1.460920333862304688e+01 1.333333301544189453e+01 1.280409812927246094e+01 1.339584827423095703e+01 1.300390052795410156e+01 1.467351436614990234e+01 1.502629566192626953e+01 1.567398166656494141e+01 1.589825153350830078e+01 1.594896221160888672e+01
