1.000000000000000000e+00 2.503755569458007812e+00 7.130125045776367188e+00 1.011633777618408203e+01 1.243780994415283203e+01 1.458789062500000000e+01 1.546790409088134766e+01 1.572326946258544922e+01 1.583531188964843750e+01 1.583531188964843750e+01 1.561280155181884766e+01 1.546790409088134766e+01 1.472754001617431641e+01 1.433691883087158203e+01 1.395673465728759766e+01 1.328021240234375000e+01 1.417434597015380859e+01 1.435750293731689453e+01 1.447177982330322266e+01 1.464128780364990234e+01 1.456664276123046875e+01 1.489203357696533203e+01 1.502629566192626953e+01 1.538461589813232422e+01 1.546790409088134766e+01 1.552794933319091797e+01 1.557632446289062500e+01 1.544401550292968750e+01 1.539645767211914062e+01 1.527883911132812500e+01 1.508295536041259766e+01 1.479290008544921875e+01 1.479290008544921875e+01 1.478196525573730469e+01 1.502629566192626953e+01 1.517450714111328125e+01 1.529051876068115234e+01 1.558846473693847656e+01 1.563721561431884766e+01 1.566170692443847656e+01 1.581027507781982422e+01 1.578531932830810547e+01 1.576044082641601562e+01 1.582278537750244141e+01 1.586042785644531250e+01 1.577287101745605469e+01 1.577287101745605469e+01 1.579778861999511719e+01 1.576044273376464844e+01 1.567398166656494141e+01 1.576044082641601562e+01 1.571091938018798828e+01 1.552794933319091797e+01 1.556420230865478516e+01 1.560062503814697266e+01 1.538461589813232422e+01 1.533742332458496094e+01 1.526717567443847656e+01 1.531393527984619141e+01 1.540832138061523438e+01 1.547987461090087891e+01 1.576044273376464844e+01 1.579778861999511719e+01 1.583531188964843750e+01 1.581027507781982422e+01 1.576044082641601562e+01 1.568627452850341797e+01 1.569858741760253906e+01 1.574803066253662109e+01 1.574803066253662109e+01 1.586042785644531250e+01 1.582278537750244141e+01 1.586042785644531250e+01 1.583531188964843750e+01 1.578531932830810547e+01 1.581027507781982422e+01 1.579778861999511719e+01 1.583531188964843750e+01 1.584785938262939453e+01 1.588562393188476562e+01 1.582278537750244141e+01 1.582278537750244141e+01 1.587301540374755859e+01 1.587301540374755859e+01 1.587301540374755859e+01 1.583531188964843750e+01 1.583531188964843750e+01 1.578531837463378906e+01 1.581027507781982422e+01 1.586042785644531250e+01 1.582278537750244141e+01 1.584785938262939453e+01 1.579778861999511719e+01 1.583531188964843750e+01 1.581027507781982422e+01 1.568627452850341797e+01 1.564945411682128906e+01 1.551590347290039062e+01 1.527883911132812500e+01 1.549186706542968750e+01 1.506023979187011719e+01 1.544401550292968750e+01 1.507159042358398438e+01 1.534919452667236328e+01 1.516300106048583984e+01 1.527883911132812500e+01 1.547987651824951172e+01 1.556420230865478516e+01 1.551590347290039062e+01 1.563721561431884766e+01 1.558846282958984375e+01
2.503755569458007812e+00 1.000000000000000000e+00 2.480158805847167969e+00 7.499062538146972656e+00 9.624638557434082031e+00 1.258653259277343750e+01 1.423487472534179688e+01 1.532567214965820312e+01 1.550387477874755859e+01 1.560062503814697266e+01 1.493651962280273438e+01 1.433691883087158203e+01 1.294498348236083984e+01 1.234567928314208984e+01 1.203369426727294922e+01 1.218769073486328125e+01 1.371742153167724609e+01 1.434720134735107422e+01 1.453488349914550781e+01 1.432664680480957031e+01 1.345894908905029297e+01 1.368925380706787109e+01 1.373626422882080078e+01 1.412429428100585938e+01 1.452432727813720703e+01 1.456664276123046875e+01 1.495886325836181641e+01 1.473839282989501953e+01 1.480384826660156250e+01 1.469507789611816406e+01 1.435750102996826172e+01 1.395673465728759766e+01 1.432664680480957031e+01 1.468428802490234375e+01 1.503759384155273438e+01 1.515151500701904297e+01 1.488095092773437500e+01 1.542019939422607422e+01 1.552794933319091797e+01 1.550387477874755859e+01 1.571091938018798828e+01 1.560062503814697266e+01 1.547987651824951172e+01 1.566170692443847656e+01 1.572326946258544922e+01 1.549186706542968750e+01 1.540832138061523438e+01 1.560062503814697266e+01 1.557632446289062500e+01 1.526717567443847656e+01 1.536098289489746094e+01 1.549186706542968750e+01 1.524390220642089844e+01 1.510573959350585938e+01 1.519756889343261719e+01 1.503759384155273438e+01 1.484780979156494141e+01 1.480384826660156250e+01 1.491424465179443359e+01 1.484780979156494141e+01 1.476014804840087891e+01 1.537279033660888672e+01 1.550387477874755859e+01 1.557632446289062500e+01 1.561280155181884766e+01 1.545595073699951172e+01 1.551590442657470703e+01 1.546790409088134766e+01 1.537279033660888672e+01 1.545595073699951172e+01 1.551590347290039062e+01 1.555209922790527344e+01 1.560062503814697266e+01 1.560062503814697266e+01 1.560062503814697266e+01 1.563721561431884766e+01 1.566170692443847656e+01 1.561280155181884766e+01 1.573564243316650391e+01 1.577287101745605469e+01 1.567398166656494141e+01 1.574803066253662109e+01 1.579778861999511719e+01 1.572326946258544922e+01 1.579778861999511719e+01 1.564945411682128906e+01 1.572326946258544922e+01 1.566170692443847656e+01 1.574803066253662109e+01 1.582278537750244141e+01 1.577287101745605469e+01 1.579778861999511719e+01 1.562500095367431641e+01 1.573564243316650391e+01 1.555209922790527344e+01 1.542019939422607422e+01 1.537279033660888672e+01 1.504890918731689453e+01 1.458789253234863281e+01 1.470588111877441406e+01 1.392757606506347656e+01 1.443001556396484375e+01 1.386962604522705078e+01 1.444043254852294922e+01 1.445086860656738281e+01 1.480384826660156250e+01 1.523229217529296875e+01 1.537278842926025391e+01 1.534919452667236328e+01 1.561280155181884766e+01 1.560062503814697266e+01
7.130125045776367188e+00 2.480158805847167969e+00 1.000000000000000000e+00 2.513194084167480469e+00 6.910849571228027344e+00 9.519276618957519531e+00 1.219512176513671875e+01 1.448225975036621094e+01 1.502629566192626953e+01 1.533742332458496094e+01 1.457726001739501953e+01 1.403508758544921875e+01 1.299545192718505859e+01 1.278772449493408203e+01 1.328903675079345703e+01 1.315789508819580078e+01 1.485884094238281250e+01 1.517450714111328125e+01 1.519756889343261719e+01 1.516300296783447266e+01 1.445086669921875000e+01 1.478196620941162109e+01 1.436781597137451172e+01 1.483679485321044922e+01 1.470588111877441406e+01 1.467351436614990234e+01 1.480384826660156250e+01 1.443001556396484375e+01 1.441961002349853516e+01 1.424501514434814453e+01 1.398601341247558594e+01 1.376462459564208984e+01 1.446131610870361328e+01 1.481481552124023438e+01 1.524390220642089844e+01 1.531393527984619141e+01 1.525553035736083984e+01 1.560062503814697266e+01 1.567398166656494141e+01 1.567398166656494141e+01 1.581027507781982422e+01 1.576044082641601562e+01 1.573564243316650391e+01 1.583531188964843750e+01 1.587301540374755859e+01 1.578531932830810547e+01 1.574803066253662109e+01 1.584786128997802734e+01 1.587301731109619141e+01 1.574803066253662109e+01 1.578531932830810547e+01 1.586042785644531250e+01 1.572326946258544922e+01 1.564945411682128906e+01 1.571091938018798828e+01 1.561280155181884766e+01 1.546790409088134766e+01 1.534919452667236328e+01 1.530221843719482422e+01 1.518602752685546875e+01 1.512859249114990234e+01 1.554001522064208984e+01 1.566170692443847656e+01 1.576044082641601562e+01 1.573564243316650391e+01 1.561280155181884766e+01 1.555209922790527344e+01 1.552794933319091797e+01 1.555209922790527344e+01 1.563721561431884766e+01 1.576044273376464844e+01 1.576044082641601562e+01 1.581027507781982422e+01 1.574803066253662109e+01 1.571091938018798828e+01 1.566170692443847656e+01 1.572326946258544922e+01 1.569858551025390625e+01 1.578531932830810547e+01 1.582278537750244141e+01 1.573564243316650391e+01 1.577287101745605469e+01 1.583531188964843750e+01 1.579778861999511719e+01 1.583531188964843750e+01 1.576044273376464844e+01 1.579778861999511719e+01 1.576044082641601562e+01 1.583531188964843750e+01 1.589825153350830078e+01 1.587301731109619141e+01 1.591089916229248047e+01 1.583531188964843750e+01 1.588562393188476562e+01 1.579778861999511719e+01 1.569858551025390625e+01 1.567398166656494141e+01 1.552794933319091797e+01 1.516300106048583984e+01 1.531393527984619141e+01 1.423487472534179688e+01 1.490312862396240234e+01 1.380262279510498047e+01 1.470588111877441406e+01 1.441961002349853516e+01 1.480384826660156250e+01 1.524390220642089844e+01 1.540831947326660156e+01 1.543209838867187500e+01 1.564945220947265625e+01 1.563721561431884766e+01
1.011633777618408203e+01 7.499062538146972656e+00 2.513194084167480469e+00 1.000000000000000000e+00 2.502189636230468750e+00 7.196834087371826172e+00 1.011633777618408203e+01 1.286173629760742188e+01 1.418439674377441406e+01 1.484780979156494141e+01 1.384082984924316406e+01 1.314060497283935547e+01 1.239157485961914062e+01 1.267427062988281250e+01 1.365187644958496094e+01 1.414427089691162109e+01 1.542019939422607422e+01 1.567398166656494141e+01 1.566170692443847656e+01 1.555209922790527344e+01 1.484780979156494141e+01 1.499250411987304688e+01 1.438848972320556641e+01 1.461988353729248047e+01 1.426533603668212891e+01 1.397624111175537109e+01 1.415428256988525391e+01 1.365187835693359375e+01 1.363326549530029297e+01 1.363326549530029297e+01 1.350438976287841797e+01 1.356852149963378906e+01 1.449275398254394531e+01 1.498127269744873047e+01 1.538461589813232422e+01 1.539645767211914062e+01 1.525553035736083984e+01 1.557632446289062500e+01 1.569858741760253906e+01 1.568627452850341797e+01 1.578531837463378906e+01 1.573564243316650391e+01 1.568627452850341797e+01 1.578531837463378906e+01 1.584786128997802734e+01 1.572326946258544922e+01 1.569858551025390625e+01 1.583531188964843750e+01 1.588562393188476562e+01 1.573564243316650391e+01 1.579778861999511719e+01 1.587301540374755859e+01 1.583531188964843750e+01 1.571091938018798828e+01 1.577287101745605469e+01 1.573564243316650391e+01 1.558846473693847656e+01 1.547987461090087891e+01 1.547987461090087891e+01 1.536098289489746094e+01 1.519756889343261719e+01 1.554001522064208984e+01 1.563721561431884766e+01 1.571091938018798828e+01 1.569858741760253906e+01 1.543209838867187500e+01 1.539645767211914062e+01 1.533742332458496094e+01 1.532567024230957031e+01 1.550387477874755859e+01 1.567398166656494141e+01 1.567398166656494141e+01 1.577287101745605469e+01 1.568627452850341797e+01 1.571091938018798828e+01 1.571091938018798828e+01 1.574803066253662109e+01 1.571091938018798828e+01 1.579778861999511719e+01 1.584786128997802734e+01 1.571091938018798828e+01 1.578531932830810547e+01 1.586042785644531250e+01 1.579778861999511719e+01 1.586042785644531250e+01 1.582278537750244141e+01 1.584786128997802734e+01 1.582278537750244141e+01 1.588562393188476562e+01 1.591089916229248047e+01 1.591089916229248047e+01 1.592356586456298828e+01 1.586042785644531250e+01 1.589824962615966797e+01 1.581027507781982422e+01 1.569858551025390625e+01 1.564945411682128906e+01 1.546790409088134766e+01 1.516300106048583984e+01 1.530221939086914062e+01 1.405481243133544922e+01 1.476014804840087891e+01 1.321004009246826172e+01 1.433691883087158203e+01 1.387924957275390625e+01 1.450326347351074219e+01 1.503759384155273438e+01 1.520912456512451172e+01 1.529051876068115234e+01 1.557632446289062500e+01 1.561280155181884766e+01
1.243780994415283203e+01 9.624638557434082031e+00 6.910849571228027344e+00 2.502189636230468750e+00 1.000000000000000000e+00 2.496255397796630859e+00 6.727211475372314453e+00 9.847366333007812500e+00 1.129943466186523438e+01 1.274697399139404297e+01 1.109262371063232422e+01 1.004016017913818359e+01 9.675858497619628906e+00 1.041666698455810547e+01 1.244555091857910156e+01 1.376462459564208984e+01 1.529051876068115234e+01 1.573564243316650391e+01 1.576044082641601562e+01 1.550387477874755859e+01 1.404494380950927734e+01 1.409443283081054688e+01 1.253132820129394531e+01 1.243781089782714844e+01 1.183431911468505859e+01 1.115448951721191406e+01 1.219512176513671875e+01 1.175088214874267578e+01 1.229256343841552734e+01 1.292824745178222656e+01 1.289490604400634766e+01 1.316655731201171875e+01 1.440922260284423828e+01 1.489203357696533203e+01 1.536098289489746094e+01 1.526717376708984375e+01 1.484780979156494141e+01 1.536098289489746094e+01 1.564945220947265625e+01 1.555209922790527344e+01 1.572326946258544922e+01 1.561280155181884766e+01 1.537278842926025391e+01 1.564945411682128906e+01 1.579778861999511719e+01 1.557632446289062500e+01 1.531393527984619141e+01 1.574803066253662109e+01 1.586042785644531250e+01 1.554001712799072266e+01 1.554001522064208984e+01 1.584786128997802734e+01 1.577287101745605469e+01 1.549186706542968750e+01 1.558846282958984375e+01 1.572326946258544922e+01 1.561280155181884766e+01 1.547987461090087891e+01 1.556420230865478516e+01 1.538461589813232422e+01 1.491424465179443359e+01 1.534919452667236328e+01 1.534919452667236328e+01 1.516300296783447266e+01 1.536098289489746094e+01 1.483679485321044922e+01 1.506024074554443359e+01 1.485883998870849609e+01 1.453488349914550781e+01 1.491424465179443359e+01 1.489203357696533203e+01 1.518602752685546875e+01 1.537279033660888672e+01 1.532567024230957031e+01 1.550387477874755859e+01 1.557632446289062500e+01 1.564945411682128906e+01 1.550387477874755859e+01 1.574803066253662109e+01 1.578531932830810547e+01 1.554001522064208984e+01 1.571091938018798828e+01 1.582278537750244141e+01 1.561280155181884766e+01 1.581027507781982422e+01 1.566170692443847656e+01 1.579778861999511719e+01 1.574803066253662109e+01 1.587301540374755859e+01 1.593625545501708984e+01 1.588562393188476562e+01 1.591089916229248047e+01 1.574803066253662109e+01 1.587301540374755859e+01 1.571091938018798828e+01 1.551590442657470703e+01 1.546790409088134766e+01 1.495886325836181641e+01 1.428571414947509766e+01 1.414427185058593750e+01 1.207729434967041016e+01 1.308900547027587891e+01 1.107419681549072266e+01 1.282873630523681641e+01 1.257861518859863281e+01 1.403508758544921875e+01 1.480384826660156250e+01 1.512859249114990234e+01 1.519756889343261719e+01 1.558846473693847656e+01 1.563721561431884766e+01
1.458789062500000000e+01 1.258653259277343750e+01 9.519276618957519531e+00 7.196834087371826172e+00 2.496255397796630859e+00 1.000000000000000000e+00 2.485707283020019531e+00 7.440476417541503906e+00 9.514747619628906250e+00 1.177163028717041016e+01 1.135718441009521484e+01 1.111728763580322266e+01 1.199040794372558594e+01 1.328903675079345703e+01 1.477104949951171875e+01 1.544401550292968750e+01 1.594896221160888672e+01 1.598721027374267578e+01 1.598721027374267578e+01 1.596169090270996094e+01 1.551590442657470703e+01 1.563721561431884766e+01 1.463057708740234375e+01 1.461988258361816406e+01 1.340482616424560547e+01 1.254705142974853516e+01 1.264222526550292969e+01 1.216544914245605469e+01 1.233806228637695312e+01 1.298701286315917969e+01 1.318391609191894531e+01 1.357773208618164062e+01 1.453488349914550781e+01 1.497006034851074219e+01 1.538461589813232422e+01 1.523229217529296875e+01 1.493651962280273438e+01 1.545595073699951172e+01 1.573564052581787109e+01 1.569858551025390625e+01 1.581027507781982422e+01 1.574803066253662109e+01 1.560062503814697266e+01 1.573564243316650391e+01 1.588562393188476562e+01 1.582278537750244141e+01 1.576044082641601562e+01 1.592356586456298828e+01 1.593625545501708984e+01 1.584786128997802734e+01 1.589825153350830078e+01 1.597444057464599609e+01 1.596169281005859375e+01 1.591089916229248047e+01 1.591089916229248047e+01 1.593625545501708984e+01 1.588562393188476562e+01 1.583531188964843750e+01 1.583531188964843750e+01 1.576044082641601562e+01 1.554001522064208984e+01 1.573564243316650391e+01 1.572326946258544922e+01 1.569858741760253906e+01 1.566170692443847656e+01 1.524390220642089844e+01 1.523229217529296875e+01 1.508295536041259766e+01 1.507159042358398438e+01 1.533742332458496094e+01 1.557632446289062500e+01 1.555209922790527344e+01 1.576044082641601562e+01 1.561280155181884766e+01 1.573564052581787109e+01 1.574803066253662109e+01 1.579778861999511719e+01 1.571091938018798828e+01 1.582278537750244141e+01 1.583531188964843750e+01 1.564945411682128906e+01 1.573564243316650391e+01 1.586042785644531250e+01 1.574803066253662109e+01 1.586042785644531250e+01 1.584786128997802734e+01 1.584786128997802734e+01 1.588562393188476562e+01 1.592356777191162109e+01 1.594896221160888672e+01 1.594896221160888672e+01 1.593625545501708984e+01 1.589824962615966797e+01 1.591089916229248047e+01 1.586042785644531250e+01 1.571091938018798828e+01 1.560062503814697266e+01 1.530221939086914062e+01 1.520912456512451172e+01 1.536098289489746094e+01 1.387924957275390625e+01 1.493651962280273438e+01 1.295336818695068359e+01 1.431639289855957031e+01 1.366120147705078125e+01 1.457726001739501953e+01 1.504890918731689453e+01 1.523229217529296875e+01 1.530221843719482422e+01 1.558846282958984375e+01 1.564945411682128906e+01
1.546790409088134766e+01 1.423487472534179688e+01 1.219512176513671875e+01 1.011633777618408203e+01 6.727211475372314453e+00 2.485707283020019531e+00 1.000000000000000000e+00 2.487562417984008789e+00 6.550933361053466797e+00 8.368201255798339844e+00 7.905137538909912109e+00 7.538635253906250000e+00 9.823182106018066406e+00 1.172332954406738281e+01 1.395673465728759766e+01 1.539645767211914062e+01 1.589825153350830078e+01 1.601280975341796875e+01 1.600000000000000000e+01 1.594896221160888672e+01 1.503759384155273438e+01 1.504890918731689453e+01 1.311475372314453125e+01 1.219512176513671875e+01 1.066098117828369141e+01 9.310986518859863281e+00 1.003009033203125000e+01 9.985021591186523438e+00 1.084010791778564453e+01 1.218026733398437500e+01 1.251564502716064453e+01 1.295336723327636719e+01 1.425516700744628906e+01 1.464128971099853516e+01 1.512859249114990234e+01 1.478196620941162109e+01 1.424501514434814453e+01 1.508295536041259766e+01 1.555209922790527344e+01 1.545595073699951172e+01 1.567398166656494141e+01 1.552794933319091797e+01 1.507159042358398438e+01 1.540832138061523438e+01 1.578531932830810547e+01 1.552794933319091797e+01 1.515151500701904297e+01 1.574803066253662109e+01 1.587301540374755859e+01 1.554001712799072266e+01 1.550387477874755859e+01 1.589825153350830078e+01 1.588562393188476562e+01 1.567398166656494141e+01 1.568627452850341797e+01 1.591089916229248047e+01 1.587301540374755859e+01 1.577287101745605469e+01 1.583531188964843750e+01 1.573564052581787109e+01 1.529051876068115234e+01 1.554001522064208984e+01 1.533742332458496094e+01 1.499250411987304688e+01 1.511715888977050781e+01 1.443001556396484375e+01 1.477104949951171875e+01 1.448225975036621094e+01 1.406469821929931641e+01 1.438848972320556641e+01 1.440922260284423828e+01 1.467351436614990234e+01 1.511715793609619141e+01 1.498127269744873047e+01 1.542019939422607422e+01 1.551590442657470703e+01 1.560062503814697266e+01 1.529051876068115234e+01 1.564945220947265625e+01 1.564945220947265625e+01 1.529051876068115234e+01 1.550387477874755859e+01 1.576044082641601562e+01 1.543209838867187500e+01 1.573564243316650391e+01 1.561280155181884766e+01 1.581027507781982422e+01 1.581027698516845703e+01 1.591089916229248047e+01 1.597444057464599609e+01 1.593625545501708984e+01 1.594896221160888672e+01 1.577287101745605469e+01 1.588562393188476562e+01 1.562500095367431641e+01 1.529051876068115234e+01 1.502629566192626953e+01 1.411432647705078125e+01 1.384083175659179688e+01 1.360544204711914062e+01 1.179245185852050781e+01 1.306335735321044922e+01 1.093493652343750000e+01 1.261034011840820312e+01 1.244555091857910156e+01 1.392757606506347656e+01 1.457726001739501953e+01 1.498127269744873047e+01 1.514004516601562500e+01 1.556420230865478516e+01 1.564945220947265625e+01
1.572326946258544922e+01 1.532567214965820312e+01 1.448225975036621094e+01 1.286173629760742188e+01 9.847366333007812500e+00 7.440476417541503906e+00 2.487562417984008789e+00 1.000000000000000000e+00 2.403268575668334961e+00 7.633586883544921875e+00 9.107468605041503906e+00 1.009081840515136719e+01 1.287001228332519531e+01 1.469507789611816406e+01 1.567398166656494141e+01 1.594896221160888672e+01 1.597444057464599609e+01 1.601280975341796875e+01 1.602564239501953125e+01 1.601280975341796875e+01 1.577287101745605469e+01 1.581027507781982422e+01 1.489203357696533203e+01 1.452432918548583984e+01 1.251564502716064453e+01 1.170960140228271484e+01 1.100109958648681641e+01 1.121076202392578125e+01 1.152073764801025391e+01 1.257861518859863281e+01 1.302931690216064453e+01 1.356852149963378906e+01 1.461988353729248047e+01 1.495886325836181641e+01 1.537279033660888672e+01 1.516300106048583984e+01 1.489203357696533203e+01 1.539645767211914062e+01 1.572326946258544922e+01 1.564945220947265625e+01 1.576044082641601562e+01 1.569858551025390625e+01 1.545595073699951172e+01 1.555209922790527344e+01 1.584785938262939453e+01 1.579778861999511719e+01 1.571091938018798828e+01 1.587301731109619141e+01 1.593625545501708984e+01 1.584786128997802734e+01 1.588562393188476562e+01 1.596169090270996094e+01 1.596169090270996094e+01 1.593625545501708984e+01 1.593625545501708984e+01 1.596169281005859375e+01 1.594896221160888672e+01 1.589825153350830078e+01 1.591089916229248047e+01 1.587301540374755859e+01 1.568627452850341797e+01 1.578531932830810547e+01 1.567397975921630859e+01 1.562500095367431641e+01 1.551590442657470703e+01 1.507159042358398438e+01 1.515151500701904297e+01 1.493651962280273438e+01 1.491424465179443359e+01 1.514004516601562500e+01 1.542019939422607422e+01 1.531393527984619141e+01 1.562499904632568359e+01 1.538461589813232422e+01 1.561280155181884766e+01 1.563721561431884766e+01 1.568627452850341797e+01 1.550387477874755859e+01 1.571091938018798828e+01 1.573564243316650391e+01 1.546790409088134766e+01 1.556420230865478516e+01 1.579778861999511719e+01 1.567398166656494141e+01 1.579778861999511719e+01 1.583531188964843750e+01 1.587301731109619141e+01 1.587301540374755859e+01 1.592356586456298828e+01 1.596169281005859375e+01 1.594896221160888672e+01 1.597444057464599609e+01 1.588562393188476562e+01 1.592356586456298828e+01 1.577287101745605469e+01 1.551590347290039062e+01 1.524390220642089844e+01 1.484780979156494141e+01 1.494768333435058594e+01 1.524390220642089844e+01 1.402524566650390625e+01 1.507159042358398438e+01 1.328903675079345703e+01 1.428571605682373047e+01 1.348617744445800781e+01 1.431639289855957031e+01 1.458789062500000000e+01 1.488095092773437500e+01 1.504890918731689453e+01 1.543210029602050781e+01 1.555209922790527344e+01
1.583531188964843750e+01 1.550387477874755859e+01 1.502629566192626953e+01 1.418439674377441406e+01 1.129943466186523438e+01 9.514747619628906250e+00 6.550933361053466797e+00 2.403268575668334961e+00 1.000000000000000000e+00 2.426595449447631836e+00 6.870490550994873047e+00 8.298755645751953125e+00 1.162115001678466797e+01 1.428571414947509766e+01 1.564945220947265625e+01 1.598721027374267578e+01 1.597444057464599609e+01 1.601280975341796875e+01 1.605136489868164062e+01 1.605136489868164062e+01 1.586042785644531250e+01 1.582278537750244141e+01 1.445086669921875000e+01 1.380262279510498047e+01 1.114206123352050781e+01 1.037882709503173828e+01 9.385265350341796875e+00 1.020408153533935547e+01 1.085187149047851562e+01 1.227747058868408203e+01 1.279590415954589844e+01 1.340482616424560547e+01 1.460920333862304688e+01 1.499250411987304688e+01 1.542019939422607422e+01 1.519756889343261719e+01 1.482579612731933594e+01 1.532567214965820312e+01 1.566170692443847656e+01 1.550387477874755859e+01 1.567398166656494141e+01 1.556420230865478516e+01 1.520912456512451172e+01 1.534919452667236328e+01 1.576044082641601562e+01 1.566170692443847656e+01 1.547987651824951172e+01 1.578531932830810547e+01 1.593625545501708984e+01 1.581027507781982422e+01 1.583531188964843750e+01 1.596169090270996094e+01 1.596169090270996094e+01 1.591089916229248047e+01 1.591089916229248047e+01 1.597444057464599609e+01 1.593625545501708984e+01 1.587301540374755859e+01 1.588562393188476562e+01 1.582278537750244141e+01 1.561280155181884766e+01 1.571091938018798828e+01 1.554001522064208984e+01 1.538461589813232422e+01 1.525553035736083984e+01 1.481481552124023438e+01 1.504890918731689453e+01 1.488095092773437500e+01 1.472754001617431641e+01 1.498127269744873047e+01 1.519756889343261719e+01 1.509434032440185547e+01 1.550387477874755859e+01 1.514004516601562500e+01 1.550387477874755859e+01 1.552794933319091797e+01 1.554001522064208984e+01 1.523229217529296875e+01 1.552794933319091797e+01 1.560062503814697266e+01 1.518602752685546875e+01 1.536098289489746094e+01 1.572326946258544922e+01 1.551590442657470703e+01 1.574803066253662109e+01 1.577287101745605469e+01 1.586042785644531250e+01 1.583531188964843750e+01 1.589825153350830078e+01 1.594896221160888672e+01 1.592356586456298828e+01 1.596169281005859375e+01 1.584785938262939453e+01 1.587301540374755859e+01 1.561280155181884766e+01 1.525553035736083984e+01 1.491424465179443359e+01 1.426533508300781250e+01 1.440922260284423828e+01 1.472754001617431641e+01 1.367053985595703125e+01 1.465201473236083984e+01 1.276324176788330078e+01 1.341381549835205078e+01 1.257071018218994141e+01 1.345894908905029297e+01 1.391788387298583984e+01 1.447177982330322266e+01 1.478196525573730469e+01 1.532567024230957031e+01 1.546790409088134766e+01
1.583531188964843750e+01 1.560062503814697266e+01 1.533742332458496094e+01 1.484780979156494141e+01 1.274697399139404297e+01 1.177163028717041016e+01 8.368201255798339844e+00 7.633586883544921875e+00 2.426595449447631836e+00 1.000000000000000000e+00 2.455192804336547852e+00 7.331378459930419922e+00 1.053740787506103516e+01 1.371742153167724609e+01 1.558846473693847656e+01 1.594896221160888672e+01 1.598721027374267578e+01 1.600000000000000000e+01 1.602564239501953125e+01 1.603849220275878906e+01 1.586042785644531250e+01 1.576044082641601562e+01 1.358695602416992188e+01 1.284521484375000000e+01 9.652509689331054688e+00 9.337067604064941406e+00 8.467400550842285156e+00 9.920635223388671875e+00 1.108033275604248047e+01 1.287829971313476562e+01 1.359619331359863281e+01 1.414427089691162109e+01 1.504890918731689453e+01 1.525553035736083984e+01 1.558846282958984375e+01 1.542019939422607422e+01 1.509434032440185547e+01 1.542019939422607422e+01 1.567398166656494141e+01 1.551590442657470703e+01 1.566170692443847656e+01 1.562500095367431641e+01 1.525553035736083984e+01 1.529051876068115234e+01 1.571091938018798828e+01 1.558846282958984375e+01 1.526717567443847656e+01 1.566170692443847656e+01 1.589824962615966797e+01 1.574803066253662109e+01 1.576044082641601562e+01 1.593625545501708984e+01 1.594896221160888672e+01 1.588562393188476562e+01 1.591089916229248047e+01 1.596169281005859375e+01 1.593625545501708984e+01 1.587301540374755859e+01 1.584785938262939453e+01 1.581027507781982422e+01 1.555209922790527344e+01 1.560062503814697266e+01 1.533742332458496094e+01 1.518602943420410156e+01 1.510573959350585938e+01 1.466275501251220703e+01 1.499250411987304688e+01 1.485884094238281250e+01 1.456664276123046875e+01 1.486988925933837891e+01 1.499250411987304688e+01 1.479290008544921875e+01 1.524390220642089844e+01 1.453488349914550781e+01 1.512859249114990234e+01 1.517450714111328125e+01 1.523229217529296875e+01 1.481481552124023438e+01 1.537278842926025391e+01 1.542019939422607422e+01 1.476014804840087891e+01 1.509434032440185547e+01 1.552794933319091797e+01 1.518602752685546875e+01 1.556420230865478516e+01 1.562500095367431641e+01 1.576044273376464844e+01 1.573564243316650391e+01 1.586042785644531250e+01 1.592356586456298828e+01 1.587301540374755859e+01 1.593625545501708984e+01 1.573564243316650391e+01 1.579778861999511719e+01 1.536098289489746094e+01 1.480384826660156250e+01 1.435750102996826172e+01 1.343183326721191406e+01 1.353180027008056641e+01 1.397624111175537109e+01 1.291155624389648438e+01 1.423487472534179688e+01 1.214329051971435547e+01 1.308900547027587891e+01 1.188354110717773438e+01 1.352265071868896484e+01 1.404494380950927734e+01 1.467351436614990234e+01 1.501501655578613281e+01 1.550387477874755859e+01 1.562500095367431641e+01
1.561280155181884766e+01 1.493651962280273438e+01 1.457726001739501953e+01 1.384082984924316406e+01 1.109262371063232422e+01 1.135718441009521484e+01 7.905137538909912109e+00 9.107468605041503906e+00 6.870490550994873047e+00 2.455192804336547852e+00 1.000000000000000000e+00 2.499375104904174805e+00 7.125044345855712891e+00 1.100109958648681641e+01 1.353180027008056641e+01 1.588562393188476562e+01 1.596169090270996094e+01 1.600000000000000000e+01 1.603849220275878906e+01 1.606425666809082031e+01 1.543210029602050781e+01 1.490312862396240234e+01 1.135718345642089844e+01 1.023017883300781250e+01 7.194244861602783203e+00 7.473841667175292969e+00 7.393715381622314453e+00 1.004016017913818359e+01 1.168224239349365234e+01 1.368925285339355469e+01 1.416430568695068359e+01 1.463057708740234375e+01 1.539645767211914062e+01 1.552794933319091797e+01 1.576044082641601562e+01 1.566170692443847656e+01 1.532567214965820312e+01 1.563721561431884766e+01 1.581027507781982422e+01 1.563721561431884766e+01 1.574803066253662109e+01 1.567398166656494141e+01 1.512859249114990234e+01 1.514004516601562500e+01 1.567398166656494141e+01 1.536098289489746094e+01 1.458789062500000000e+01 1.544401550292968750e+01 1.581027507781982422e+01 1.536098289489746094e+01 1.522069931030273438e+01 1.587301540374755859e+01 1.592356586456298828e+01 1.563721561431884766e+01 1.569858741760253906e+01 1.594896221160888672e+01 1.592356586456298828e+01 1.579778861999511719e+01 1.587301540374755859e+01 1.581027507781982422e+01 1.533742332458496094e+01 1.543210029602050781e+01 1.490312862396240234e+01 1.470588111877441406e+01 1.491424274444580078e+01 1.452432918548583984e+01 1.524390220642089844e+01 1.510573959350585938e+01 1.450326347351074219e+01 1.486988925933837891e+01 1.441961002349853516e+01 1.459854030609130859e+01 1.482579612731933594e+01 1.431639289855957031e+01 1.503759384155273438e+01 1.518602752685546875e+01 1.525553035736083984e+01 1.473839282989501953e+01 1.550387477874755859e+01 1.547987651824951172e+01 1.467351436614990234e+01 1.525553035736083984e+01 1.561280155181884766e+01 1.499250411987304688e+01 1.555209922790527344e+01 1.532567214965820312e+01 1.558846473693847656e+01 1.546790409088134766e+01 1.576044082641601562e+01 1.589825153350830078e+01 1.583531188964843750e+01 1.588562393188476562e+01 1.545595073699951172e+01 1.566170692443847656e+01 1.489203357696533203e+01 1.414427089691162109e+01 1.395673465728759766e+01 1.258653259277343750e+01 1.293661117553710938e+01 1.265022182464599609e+01 1.195457267761230469e+01 1.274697208404541016e+01 1.144819736480712891e+01 1.190476131439208984e+01 1.243008136749267578e+01 1.371742153167724609e+01 1.461988353729248047e+01 1.510573959350585938e+01 1.534919452667236328e+01 1.573564052581787109e+01 1.577287101745605469e+01
1.546790409088134766e+01 1.433691883087158203e+01 1.403508758544921875e+01 1.314060497283935547e+01 1.004016017913818359e+01 1.111728763580322266e+01 7.538635253906250000e+00 1.009081840515136719e+01 8.298755645751953125e+00 7.331378459930419922e+00 2.499375104904174805e+00 1.000000000000000000e+00 2.512878656387329102e+00 7.196834087371826172e+00 1.033057880401611328e+01 1.370801925659179688e+01 1.545595073699951172e+01 1.592356586456298828e+01 1.602564239501953125e+01 1.574803066253662109e+01 1.221001243591308594e+01 1.148764991760253906e+01 7.704160690307617188e+00 7.399186134338378906e+00 6.482982158660888672e+00 6.657789230346679688e+00 9.178522109985351562e+00 1.130582237243652344e+01 1.308900547027587891e+01 1.471670246124267578e+01 1.472754001617431641e+01 1.481481456756591797e+01 1.549186706542968750e+01 1.556420230865478516e+01 1.582278537750244141e+01 1.572326946258544922e+01 1.534919452667236328e+01 1.569858741760253906e+01 1.587301540374755859e+01 1.574803066253662109e+01 1.584786128997802734e+01 1.578531932830810547e+01 1.516300296783447266e+01 1.536098289489746094e+01 1.578531932830810547e+01 1.539645767211914062e+01 1.413427639007568359e+01 1.537279033660888672e+01 1.582278537750244141e+01 1.486988925933837891e+01 1.432664680480957031e+01 1.573564052581787109e+01 1.583531188964843750e+01 1.485884094238281250e+01 1.515151500701904297e+01 1.587301540374755859e+01 1.584786128997802734e+01 1.566170692443847656e+01 1.584785938262939453e+01 1.573564243316650391e+01 1.499250411987304688e+01 1.516300296783447266e+01 1.446131610870361328e+01 1.328021240234375000e+01 1.423487567901611328e+01 1.364256381988525391e+01 1.503759384155273438e+01 1.478196525573730469e+01 1.335113430023193359e+01 1.418439674377441406e+01 1.277955341339111328e+01 1.392757606506347656e+01 1.397624111175537109e+01 1.367989063262939453e+01 1.477104949951171875e+01 1.483679485321044922e+01 1.469507789611816406e+01 1.337792491912841797e+01 1.492537307739257812e+01 1.479290008544921875e+01 1.328021335601806641e+01 1.465201473236083984e+01 1.506024074554443359e+01 1.342282009124755859e+01 1.474926280975341797e+01 1.387925052642822266e+01 1.486988925933837891e+01 1.480384826660156250e+01 1.556420230865478516e+01 1.581027698516845703e+01 1.567398166656494141e+01 1.574803066253662109e+01 1.477104949951171875e+01 1.551590442657470703e+01 1.439884662628173828e+01 1.418439674377441406e+01 1.456664276123046875e+01 1.309757614135742188e+01 1.199040794372558594e+01 1.104362201690673828e+01 9.337067604064941406e+00 1.024590206146240234e+01 8.952551841735839844e+00 1.124859428405761719e+01 1.220256233215332031e+01 1.439884853363037109e+01 1.508295536041259766e+01 1.545595073699951172e+01 1.557632446289062500e+01 1.584786128997802734e+01 1.587301731109619141e+01
1.472754001617431641e+01 1.294498348236083984e+01 1.299545192718505859e+01 1.239157485961914062e+01 9.675858497619628906e+00 1.199040794372558594e+01 9.823182106018066406e+00 1.287001228332519531e+01 1.162115001678466797e+01 1.053740787506103516e+01 7.125044345855712891e+00 2.512878656387329102e+00 1.000000000000000000e+00 2.509725332260131836e+00 6.956521034240722656e+00 1.081081104278564453e+01 1.318391513824462891e+01 1.579778861999511719e+01 1.588562393188476562e+01 1.476014804840087891e+01 1.070663833618164062e+01 9.465215682983398438e+00 7.092198371887207031e+00 6.033182621002197266e+00 6.395906448364257812e+00 8.140007972717285156e+00 1.074691009521484375e+01 1.336898422241210938e+01 1.468428802490234375e+01 1.554001712799072266e+01 1.543209838867187500e+01 1.549186706542968750e+01 1.578531837463378906e+01 1.581027507781982422e+01 1.592356586456298828e+01 1.589824962615966797e+01 1.569858741760253906e+01 1.587301540374755859e+01 1.593625545501708984e+01 1.587301540374755859e+01 1.589824962615966797e+01 1.572326946258544922e+01 1.495886325836181641e+01 1.497006034851074219e+01 1.542019939422607422e+01 1.472754001617431641e+01 1.283697032928466797e+01 1.446131610870361328e+01 1.514004516601562500e+01 1.334222793579101562e+01 1.247660636901855469e+01 1.493651962280273438e+01 1.514004516601562500e+01 1.302931594848632812e+01 1.372683525085449219e+01 1.547987651824951172e+01 1.539645767211914062e+01 1.500374984741210938e+01 1.545595073699951172e+01 1.511715793609619141e+01 1.354096126556396484e+01 1.441961002349853516e+01 1.383125782012939453e+01 1.311475372314453125e+01 1.467351436614990234e+01 1.440922260284423828e+01 1.554001522064208984e+01 1.543210029602050781e+01 1.432664680480957031e+01 1.495886135101318359e+01 1.322751331329345703e+01 1.448225975036621094e+01 1.415428256988525391e+01 1.417434406280517578e+01 1.506024074554443359e+01 1.516300106048583984e+01 1.511715888977050781e+01 1.382170104980468750e+01 1.533742332458496094e+01 1.511715888977050781e+01 1.378359794616699219e+01 1.510573959350585938e+01 1.537278842926025391e+01 1.347708797454833984e+01 1.464128780364990234e+01 1.282873630523681641e+01 1.385041522979736328e+01 1.360544204711914062e+01 1.493651962280273438e+01 1.544401550292968750e+01 1.526717567443847656e+01 1.543209838867187500e+01 1.366120147705078125e+01 1.501501655578613281e+01 1.343183326721191406e+01 1.345895004272460938e+01 1.433691883087158203e+01 1.271455860137939453e+01 1.186239624023437500e+01 1.033057880401611328e+01 1.016260242462158203e+01 9.306653976440429688e+00 1.073537254333496094e+01 1.145475292205810547e+01 1.383125782012939453e+01 1.517450714111328125e+01 1.558846473693847656e+01 1.572326946258544922e+01 1.574803066253662109e+01 1.589824962615966797e+01 1.591089916229248047e+01
1.433691883087158203e+01 1.234567928314208984e+01 1.278772449493408203e+01 1.267427062988281250e+01 1.041666698455810547e+01 1.328903675079345703e+01 1.172332954406738281e+01 1.469507789611816406e+01 1.428571414947509766e+01 1.371742153167724609e+01 1.100109958648681641e+01 7.196834087371826172e+00 2.509725332260131836e+00 1.000000000000000000e+00 2.530044078826904297e+00 7.186489582061767578e+00 1.039500999450683594e+01 1.333333301544189453e+01 1.354096031188964844e+01 1.112347030639648438e+01 6.193868160247802734e+00 6.851662158966064453e+00 6.007810592651367188e+00 6.449532032012939453e+00 9.615384101867675781e+00 1.087547588348388672e+01 1.417434597015380859e+01 1.544401550292968750e+01 1.579778861999511719e+01 1.592356586456298828e+01 1.588562393188476562e+01 1.582278537750244141e+01 1.593625545501708984e+01 1.589825153350830078e+01 1.596169090270996094e+01 1.594896221160888672e+01 1.587301731109619141e+01 1.594896221160888672e+01 1.596169090270996094e+01 1.596169090270996094e+01 1.597444057464599609e+01 1.594896221160888672e+01 1.568627452850341797e+01 1.577287101745605469e+01 1.592356777191162109e+01 1.568627452850341797e+01 1.431639289855957031e+01 1.544401550292968750e+01 1.578531932830810547e+01 1.428571605682373047e+01 1.308900547027587891e+01 1.544401550292968750e+01 1.539645957946777344e+01 1.308044528961181641e+01 1.361470413208007812e+01 1.554001712799072266e+01 1.538461589813232422e+01 1.504890918731689453e+01 1.556420230865478516e+01 1.518602752685546875e+01 1.382170104980468750e+01 1.413427639007568359e+01 1.408450698852539062e+01 1.222493934631347656e+01 1.436781597137451172e+01 1.415428256988525391e+01 1.549186706542968750e+01 1.531393527984619141e+01 1.405481243133544922e+01 1.491424465179443359e+01 1.321004009246826172e+01 1.455604076385498047e+01 1.418439674377441406e+01 1.405481243133544922e+01 1.493651962280273438e+01 1.470588111877441406e+01 1.458789253234863281e+01 1.247660636901855469e+01 1.450326347351074219e+01 1.410437202453613281e+01 1.241464900970458984e+01 1.411432647705078125e+01 1.426533603668212891e+01 1.120448207855224609e+01 1.283697032928466797e+01 9.818360328674316406e+00 1.170275020599365234e+01 1.180637454986572266e+01 1.395673465728759766e+01 1.479290008544921875e+01 1.435750293731689453e+01 1.453488349914550781e+01 1.212856197357177734e+01 1.415428256988525391e+01 1.251564502716064453e+01 1.313197612762451172e+01 1.458789062500000000e+01 1.328903675079345703e+01 1.122334384918212891e+01 1.051524734497070312e+01 9.416195869445800781e+00 9.770396232604980469e+00 1.057641506195068359e+01 1.196172237396240234e+01 1.341381549835205078e+01 1.525553035736083984e+01 1.530221939086914062e+01 1.555209922790527344e+01 1.564945220947265625e+01 1.583531188964843750e+01 1.587301540374755859e+01
