1.000000000000000000e+00 2.380385875701904297e+00 7.418397426605224609e+00 9.799117088317871094e+00 1.200480175018310547e+01 1.436781597137451172e+01 1.536098289489746094e+01 1.583531188964843750e+01 1.588562393188476562e+01 1.569858551025390625e+01 1.552794933319091797e+01 1.424501514434814453e+01 1.287001228332519531e+01 1.117318439483642578e+01 9.610764503479003906e+00 1.026694107055664062e+01 1.081665802001953125e+01 1.204093933105468750e+01 1.297016811370849609e+01 1.157407379150390625e+01 1.408450794219970703e+01 1.440922260284423828e+01 1.544401550292968750e+01 1.578531837463378906e+01 1.592356777191162109e+01 1.596169090270996094e+01 1.597444057464599609e+01 1.600000000000000000e+01 1.598721027374267578e+01 1.596169090270996094e+01 1.597444057464599609e+01 1.587301731109619141e+01 1.584786128997802734e+01 1.572326946258544922e+01 1.569858551025390625e+01 1.522070121765136719e+01 1.518602943420410156e+01 1.427551746368408203e+01 1.482579612731933594e+01 1.461988353729248047e+01 1.544401550292968750e+01 1.561280155181884766e+01 1.556420230865478516e+01 1.582278537750244141e+01 1.586042785644531250e+01 1.591089916229248047e+01 1.592356777191162109e+01 1.593625545501708984e+01 1.591089916229248047e+01 1.596169090270996094e+01 1.592356777191162109e+01 1.594896221160888672e+01 1.593625545501708984e+01 1.597444057464599609e+01 1.597444057464599609e+01 1.596169090270996094e+01 1.594896221160888672e+01 1.594896221160888672e+01 1.596169090270996094e+01 1.594896221160888672e+01 1.598721027374267578e+01 1.594896221160888672e+01 1.597444057464599609e+01 1.594896221160888672e+01 1.594896221160888672e+01 1.596169090270996094e+01 1.596169090270996094e+01 1.592356777191162109e+01 1.592356777191162109e+01 1.588562393188476562e+01 1.581027698516845703e+01 1.582278537750244141e+01 1.589825153350830078e+01 1.591089916229248047e+01 1.593625545501708984e+01 1.594896221160888672e+01 1.596169281005859375e+01 1.594896221160888672e+01 1.596169281005859375e+01 1.596169090270996094e+01 1.596169090270996094e+01 1.596169090270996094e+01 1.592356777191162109e+01 1.592356777191162109e+01 1.589825153350830078e+01 1.588562393188476562e+01 1.591089916229248047e+01 1.587301540374755859e+01 1.588562393188476562e+01 1.588562393188476562e+01 1.582278537750244141e+01 1.586042785644531250e+01 1.569858741760253906e+01 1.582278537750244141e+01 1.582278537750244141e+01 1.569858551025390625e+01 1.566170692443847656e+01 1.549186706542968750e+01 1.507159042358398438e+01 1.491424465179443359e+01 1.453488349914550781e+01 1.441961002349853516e+01 1.461988353729248047e+01 1.488095283508300781e+01 1.532567214965820312e+01 1.537278842926025391e+01 1.555209922790527344e+01 1.563721561431884766e+01 1.560062503814697266e+01 1.561280155181884766e+01 1.563721561431884766e+01 1.563721561431884766e+01 1.562500095367431641e+01 1.563721561431884766e+01 1.566170692443847656e+01 1.567398166656494141e+01 1.562500095367431641e+01 1.567398166656494141e+01 1.572326946258544922e+01 1.569858551025390625e+01 1.571091938018798828e+01 1.574803066253662109e+01 1.577287101745605469e+01 1.571091938018798828e+01 1.572326946258544922e+01 1.571091938018798828e+01
2.380385875701904297e+00 1.000000000000000000e+00 2.366303920745849609e+00 7.064641475677490234e+00 9.528347015380859375e+00 1.257071018218994141e+01 1.444043254852294922e+01 1.568627452850341797e+01 1.583531188964843750e+01 1.547987651824951172e+01 1.494768333435058594e+01 1.234567928314208984e+01 1.047120380401611328e+01 8.699434280395507812e+00 7.607455253601074219e+00 9.017132759094238281e+00 1.012145709991455078e+01 1.152073764801025391e+01 1.211386966705322266e+01 9.775170326232910156e+00 1.275510215759277344e+01 1.315789508819580078e+01 1.482579612731933594e+01 1.561280155181884766e+01 1.591089916229248047e+01 1.594896221160888672e+01 1.597444057464599609e+01 1.598721027374267578e+01 1.597444057464599609e+01 1.594896221160888672e+01 1.596169281005859375e+01 1.581027698516845703e+01 1.573564243316650391e+01 1.547987461090087891e+01 1.542019939422607422e+01 1.466275691986083984e+01 1.492537307739257812e+01 1.387924957275390625e+01 1.464128780364990234e+01 1.395673465728759766e+01 1.523229217529296875e+01 1.542019939422607422e+01 1.532567024230957031e+01 1.578531932830810547e+01 1.578531837463378906e+01 1.591089916229248047e+01 1.592356586456298828e+01 1.592356586456298828e+01 1.591089916229248047e+01 1.592356586456298828e+01 1.589825153350830078e+01 1.591089916229248047e+01 1.591089916229248047e+01 1.593625545501708984e+01 1.592356586456298828e+01 1.594896221160888672e+01 1.594896221160888672e+01 1.596169090270996094e+01 1.596169090270996094e+01 1.596169090270996094e+01 1.597444057464599609e+01 1.594896221160888672e+01 1.596169281005859375e+01 1.594896221160888672e+01 1.592356586456298828e+01 1.596169090270996094e+01 1.593625545501708984e+01 1.591089916229248047e+01 1.591089916229248047e+01 1.586042785644531250e+01 1.576044082641601562e+01 1.576044082641601562e+01 1.584786128997802734e+01 1.584786128997802734e+01 1.589825153350830078e+01 1.592356777191162109e+01 1.593625545501708984e+01 1.593625545501708984e+01 1.594896221160888672e+01 1.596169090270996094e+01 1.594896221160888672e+01 1.593625545501708984e+01 1.591089916229248047e+01 1.591089916229248047e+01 1.588562393188476562e+01 1.586042785644531250e+01 1.587301731109619141e+01 1.586042785644531250e+01 1.582278537750244141e+01 1.584786128997802734e+01 1.571091938018798828e+01 1.583531188964843750e+01 1.564945411682128906e+01 1.583531188964843750e+01 1.587301731109619141e+01 1.572326946258544922e+01 1.572326946258544922e+01 1.550387477874755859e+01 1.499250411987304688e+01 1.476014804840087891e+01 1.400560188293457031e+01 1.390820693969726562e+01 1.380262279510498047e+01 1.440922260284423828e+01 1.493652153015136719e+01 1.507159042358398438e+01 1.527883911132812500e+01 1.545595073699951172e+01 1.543210029602050781e+01 1.542019939422607422e+01 1.549186706542968750e+01 1.551590347290039062e+01 1.545595073699951172e+01 1.547987651824951172e+01 1.550387477874755859e+01 1.551590442657470703e+01 1.545595073699951172e+01 1.550387477874755859e+01 1.558846473693847656e+01 1.556420230865478516e+01 1.556420230865478516e+01 1.562499904632568359e+01 1.568627452850341797e+01 1.566170692443847656e+01 1.569858551025390625e+01 1.574803066253662109e+01
7.418397426605224609e+00 2.366303920745849609e+00 1.000000000000000000e+00 2.495632648468017578e+00 7.107320785522460938e+00 1.027749252319335938e+01 1.263423919677734375e+01 1.529051876068115234e+01 1.563721561431884766e+01 1.480384826660156250e+01 1.405481243133544922e+01 1.092896175384521484e+01 8.960574150085449219e+00 8.340283393859863281e+00 7.309941768646240234e+00 1.015228462219238281e+01 1.125492286682128906e+01 1.249219226837158203e+01 1.244555091857910156e+01 9.082652091979980469e+00 1.221001243591308594e+01 1.207000541687011719e+01 1.433691883087158203e+01 1.540832138061523438e+01 1.588562393188476562e+01 1.594896221160888672e+01 1.596169090270996094e+01 1.596169090270996094e+01 1.597444057464599609e+01 1.596169090270996094e+01 1.596169090270996094e+01 1.581027507781982422e+01 1.571091938018798828e+01 1.527883911132812500e+01 1.534919452667236328e+01 1.424501514434814453e+01 1.489203357696533203e+01 1.386962604522705078e+01 1.458789253234863281e+01 1.368925380706787109e+01 1.520912456512451172e+01 1.543209838867187500e+01 1.532567024230957031e+01 1.583531188964843750e+01 1.581027507781982422e+01 1.592356777191162109e+01 1.593625545501708984e+01 1.593625545501708984e+01 1.592356586456298828e+01 1.593625545501708984e+01 1.593625545501708984e+01 1.592356586456298828e+01 1.593625545501708984e+01 1.596169090270996094e+01 1.594896221160888672e+01 1.594896221160888672e+01 1.593625545501708984e+01 1.594896221160888672e+01 1.596169090270996094e+01 1.596169090270996094e+01 1.597444057464599609e+01 1.594896221160888672e+01 1.597444057464599609e+01 1.596169090270996094e+01 1.593625545501708984e+01 1.596169090270996094e+01 1.594896221160888672e+01 1.591089916229248047e+01 1.591089916229248047e+01 1.584785938262939453e+01 1.576044082641601562e+01 1.581027698516845703e+01 1.589825153350830078e+01 1.589825153350830078e+01 1.592356777191162109e+01 1.596169090270996094e+01 1.593625545501708984e+01 1.593625545501708984e+01 1.593625545501708984e+01 1.596169090270996094e+01 1.593625545501708984e+01 1.593625545501708984e+01 1.592356586456298828e+01 1.592356586456298828e+01 1.589825153350830078e+01 1.589824962615966797e+01 1.586042785644531250e+01 1.589825153350830078e+01 1.582278537750244141e+01 1.587301731109619141e+01 1.579778861999511719e+01 1.589825153350830078e+01 1.576044082641601562e+01 1.588562393188476562e+01 1.591089916229248047e+01 1.584786128997802734e+01 1.587301731109619141e+01 1.573564052581787109e+01 1.536098289489746094e+01 1.519756889343261719e+01 1.428571414947509766e+01 1.423487472534179688e+01 1.375515747070312500e+01 1.434720134735107422e+01 1.472754001617431641e+01 1.491424465179443359e+01 1.512859249114990234e+01 1.533742332458496094e+01 1.530221843719482422e+01 1.526717567443847656e+01 1.538461589813232422e+01 1.542019939422607422e+01 1.536098289489746094e+01 1.536098289489746094e+01 1.542019939422607422e+01 1.542019939422607422e+01 1.540832138061523438e+01 1.547987461090087891e+01 1.557632446289062500e+01 1.556420230865478516e+01 1.556420230865478516e+01 1.561280155181884766e+01 1.566170692443847656e+01 1.562500095367431641e+01 1.567398166656494141e+01 1.574803066253662109e+01
9.799117088317871094e+00 7.064641475677490234e+00 2.495632648468017578e+00 1.000000000000000000e+00 2.514774322509765625e+00 7.404664993286132812e+00 1.001502227783203125e+01 1.373626422882080078e+01 1.455604076385498047e+01 1.217285537719726562e+01 1.124859428405761719e+01 7.538635253906250000e+00 7.052186965942382812e+00 7.524454593658447266e+00 8.470986366271972656e+00 1.193317413330078125e+01 1.345895004272460938e+01 1.439884662628173828e+01 1.370801925659179688e+01 9.652509689331054688e+00 1.170960140228271484e+01 1.064395904541015625e+01 1.273885345458984375e+01 1.429592609405517578e+01 1.552794933319091797e+01 1.589825153350830078e+01 1.596169090270996094e+01 1.598721027374267578e+01 1.597444057464599609e+01 1.594896221160888672e+01 1.591089916229248047e+01 1.564945220947265625e+01 1.551590442657470703e+01 1.473839282989501953e+01 1.510573959350585938e+01 1.354096126556396484e+01 1.472754001617431641e+01 1.371742153167724609e+01 1.428571414947509766e+01 1.291989707946777344e+01 1.493651962280273438e+01 1.520912456512451172e+01 1.499250411987304688e+01 1.574803066253662109e+01 1.572326946258544922e+01 1.594896221160888672e+01 1.596169090270996094e+01 1.592356777191162109e+01 1.594896221160888672e+01 1.592356777191162109e+01 1.593625545501708984e+01 1.592356777191162109e+01 1.592356586456298828e+01 1.594896221160888672e+01 1.594896221160888672e+01 1.596169090270996094e+01 1.597444057464599609e+01 1.598721027374267578e+01 1.598721027374267578e+01 1.597444057464599609e+01 1.598721027374267578e+01 1.596169090270996094e+01 1.598721027374267578e+01 1.597444057464599609e+01 1.594896221160888672e+01 1.598721027374267578e+01 1.597444057464599609e+01 1.596169090270996094e+01 1.594896221160888672e+01 1.587301540374755859e+01 1.569858551025390625e+01 1.572326946258544922e+01 1.583531188964843750e+01 1.591089916229248047e+01 1.591089916229248047e+01 1.592356586456298828e+01 1.596169090270996094e+01 1.594896221160888672e+01 1.594896221160888672e+01 1.596169090270996094e+01 1.593625545501708984e+01 1.594896221160888672e+01 1.593625545501708984e+01 1.593625545501708984e+01 1.591089916229248047e+01 1.589825153350830078e+01 1.583531188964843750e+01 1.587301540374755859e+01 1.573564052581787109e+01 1.588562393188476562e+01 1.582278537750244141e+01 1.592356777191162109e+01 1.586042785644531250e+01 1.591089916229248047e+01 1.594896221160888672e+01 1.592356586456298828e+01 1.593625545501708984e+01 1.587301540374755859e+01 1.564945411682128906e+01 1.554001522064208984e+01 1.459854030609130859e+01 1.463057708740234375e+01 1.361470413208007812e+01 1.433691883087158203e+01 1.445086860656738281e+01 1.471670436859130859e+01 1.495886325836181641e+01 1.526717567443847656e+01 1.523229217529296875e+01 1.517450714111328125e+01 1.534919452667236328e+01 1.539645767211914062e+01 1.529052066802978516e+01 1.537278842926025391e+01 1.544401550292968750e+01 1.546790409088134766e+01 1.545595073699951172e+01 1.556420230865478516e+01 1.564945220947265625e+01 1.564945220947265625e+01 1.566170692443847656e+01 1.569858551025390625e+01 1.572326946258544922e+01 1.569858551025390625e+01 1.573564243316650391e+01 1.579778861999511719e+01
1.200480175018310547e+01 9.528347015380859375e+00 7.107320785522460938e+00 2.514774322509765625e+00 1.000000000000000000e+00 2.506894111633300781e+00 6.961364746093750000e+00 1.066098117828369141e+01 1.199040794372558594e+01 1.037344360351562500e+01 9.779952049255371094e+00 7.908264160156250000e+00 5.641748905181884766e+00 8.710801124572753906e+00 8.392782211303710938e+00 1.272264575958251953e+01 1.410437202453613281e+01 1.466275691986083984e+01 1.359619331359863281e+01 8.992805480957031250e+00 1.129305458068847656e+01 9.474183082580566406e+00 1.252348136901855469e+01 1.358695793151855469e+01 1.546790409088134766e+01 1.591089916229248047e+01 1.598721027374267578e+01 1.598721027374267578e+01 1.600000000000000000e+01 1.597444057464599609e+01 1.591089916229248047e+01 1.550387668609619141e+01 1.525553035736083984e+01 1.373626422882080078e+01 1.481481552124023438e+01 1.263423824310302734e+01 1.459854030609130859e+01 1.359619331359863281e+01 1.411432647705078125e+01 1.257861518859863281e+01 1.481481552124023438e+01 1.512859249114990234e+01 1.495886325836181641e+01 1.581027698516845703e+01 1.579778861999511719e+01 1.594896221160888672e+01 1.598721027374267578e+01 1.594896221160888672e+01 1.597444057464599609e+01 1.593625545501708984e+01 1.596169090270996094e+01 1.589825153350830078e+01 1.591089916229248047e+01 1.593625545501708984e+01 1.589825153350830078e+01 1.594896221160888672e+01 1.594896221160888672e+01 1.596169090270996094e+01 1.598721027374267578e+01 1.597444057464599609e+01 1.598721027374267578e+01 1.598721027374267578e+01 1.597444057464599609e+01 1.597444057464599609e+01 1.594896221160888672e+01 1.597444057464599609e+01 1.597444057464599609e+01 1.596169090270996094e+01 1.594896221160888672e+01 1.588562393188476562e+01 1.574803066253662109e+01 1.572326946258544922e+01 1.583531188964843750e+01 1.589825153350830078e+01 1.592356777191162109e+01 1.597444057464599609e+01 1.594896221160888672e+01 1.596169090270996094e+01 1.593625545501708984e+01 1.596169090270996094e+01 1.594896221160888672e+01 1.596169090270996094e+01 1.593625545501708984e+01 1.596169281005859375e+01 1.592356586456298828e+01 1.592356586456298828e+01 1.581027507781982422e+01 1.589825153350830078e+01 1.574803066253662109e+01 1.591089916229248047e+01 1.584785938262939453e+01 1.593625545501708984e+01 1.591089916229248047e+01 1.593625545501708984e+01 1.597444057464599609e+01 1.594896221160888672e+01 1.596169090270996094e+01 1.592356777191162109e+01 1.583531188964843750e+01 1.579778861999511719e+01 1.510573959350585938e+01 1.516300106048583984e+01 1.389853954315185547e+01 1.453488349914550781e+01 1.411432647705078125e+01 1.446131610870361328e+01 1.465201473236083984e+01 1.511715793609619141e+01 1.510573959350585938e+01 1.500374984741210938e+01 1.527883911132812500e+01 1.532567214965820312e+01 1.522070121765136719e+01 1.533742332458496094e+01 1.543210029602050781e+01 1.550387477874755859e+01 1.551590442657470703e+01 1.562500095367431641e+01 1.572326946258544922e+01 1.571091938018798828e+01 1.572326946258544922e+01 1.574803066253662109e+01 1.578531932830810547e+01 1.574803066253662109e+01 1.577287101745605469e+01 1.581027507781982422e+01
1.436781597137451172e+01 1.257071018218994141e+01 1.027749252319335938e+01 7.404664993286132812e+00 2.506894111633300781e+00 1.000000000000000000e+00 2.390057325363159180e+00 7.930213928222656250e+00 9.136591911315917969e+00 7.007708549499511719e+00 7.521625041961669922e+00 7.296607017517089844e+00 7.301934719085693359e+00 1.136363601684570312e+01 1.236858272552490234e+01 1.549186706542968750e+01 1.582278537750244141e+01 1.592356586456298828e+01 1.567398166656494141e+01 1.229256343841552734e+01 1.333333301544189453e+01 9.910802841186523438e+00 1.242235946655273438e+01 1.221001243591308594e+01 1.445086860656738281e+01 1.558846282958984375e+01 1.587301731109619141e+01 1.598721027374267578e+01 1.600000000000000000e+01 1.596169090270996094e+01 1.591089916229248047e+01 1.524390220642089844e+01 1.540832138061523438e+01 1.327139949798583984e+01 1.503759384155273438e+01 1.247660636901855469e+01 1.479290008544921875e+01 1.386962604522705078e+01 1.429592609405517578e+01 1.264222526550292969e+01 1.485884094238281250e+01 1.498127365112304688e+01 1.477104949951171875e+01 1.577287101745605469e+01 1.576044273376464844e+01 1.593625545501708984e+01 1.598721027374267578e+01 1.593625545501708984e+01 1.596169090270996094e+01 1.593625545501708984e+01 1.596169090270996094e+01 1.592356586456298828e+01 1.594896221160888672e+01 1.594896221160888672e+01 1.592356586456298828e+01 1.594896221160888672e+01 1.597444057464599609e+01 1.598721027374267578e+01 1.598721027374267578e+01 1.597444057464599609e+01 1.598721027374267578e+01 1.598721027374267578e+01 1.596169090270996094e+01 1.596169090270996094e+01 1.593625545501708984e+01 1.598721027374267578e+01 1.597444057464599609e+01 1.596169090270996094e+01 1.593625545501708984e+01 1.588562393188476562e+01 1.577287101745605469e+01 1.572326946258544922e+01 1.586042785644531250e+01 1.589825153350830078e+01 1.591089916229248047e+01 1.596169090270996094e+01 1.592356586456298828e+01 1.594896221160888672e+01 1.592356777191162109e+01 1.597444057464599609e+01 1.589825153350830078e+01 1.594896221160888672e+01 1.591089916229248047e+01 1.593625545501708984e+01 1.588562393188476562e+01 1.593625545501708984e+01 1.582278537750244141e+01 1.591089916229248047e+01 1.584785938262939453e+01 1.593625545501708984e+01 1.591089916229248047e+01 1.594896221160888672e+01 1.594896221160888672e+01 1.597444057464599609e+01 1.598721027374267578e+01 1.598721027374267578e+01 1.600000000000000000e+01 1.597444057464599609e+01 1.593625545501708984e+01 1.594896221160888672e+01 1.566170692443847656e+01 1.566170692443847656e+01 1.468428707122802734e+01 1.501501655578613281e+01 1.421464157104492188e+01 1.425516700744628906e+01 1.435750102996826172e+01 1.474926280975341797e+01 1.477104949951171875e+01 1.474926280975341797e+01 1.509434032440185547e+01 1.514004516601562500e+01 1.500374984741210938e+01 1.523229217529296875e+01 1.538461589813232422e+01 1.546790409088134766e+01 1.549186706542968750e+01 1.560062503814697266e+01 1.569858551025390625e+01 1.571091938018798828e+01 1.573564052581787109e+01 1.576044082641601562e+01 1.579778861999511719e+01 1.574803066253662109e+01 1.576044082641601562e+01 1.582278537750244141e+01
1.536098289489746094e+01 1.444043254852294922e+01 1.263423919677734375e+01 1.001502227783203125e+01 6.961364746093750000e+00 2.390057325363159180e+00 1.000000000000000000e+00 2.366583824157714844e+00 5.760368824005126953e+00 5.819028377532958984e+00 5.337603092193603516e+00 7.393715381622314453e+00 5.936479568481445312e+00 1.086366081237792969e+01 1.223241519927978516e+01 1.538461589813232422e+01 1.579778861999511719e+01 1.584786128997802734e+01 1.504890918731689453e+01 1.093493652343750000e+01 1.135718345642089844e+01 7.147963047027587891e+00 1.019367980957031250e+01 9.372071266174316406e+00 1.264222526550292969e+01 1.450326347351074219e+01 1.547987461090087891e+01 1.589825153350830078e+01 1.593625545501708984e+01 1.577287101745605469e+01 1.512859249114990234e+01 1.297858524322509766e+01 1.322751331329345703e+01 9.970089912414550781e+00 1.300390052795410156e+01 1.011633777618408203e+01 1.363326549530029297e+01 1.315789413452148438e+01 1.374570369720458984e+01 1.152073764801025391e+01 1.409443283081054688e+01 1.382169914245605469e+01 1.318391609191894531e+01 1.518602752685546875e+01 1.522070121765136719e+01 1.587301540374755859e+01 1.594896221160888672e+01 1.577287101745605469e+01 1.592356777191162109e+01 1.561280155181884766e+01 1.588562393188476562e+01 1.560062503814697266e+01 1.589824962615966797e+01 1.583531188964843750e+01 1.587301540374755859e+01 1.589824962615966797e+01 1.594896221160888672e+01 1.596169090270996094e+01 1.597444057464599609e+01 1.596169090270996094e+01 1.596169090270996094e+01 1.597444057464599609e+01 1.588562393188476562e+01 1.596169090270996094e+01 1.581027698516845703e+01 1.596169090270996094e+01 1.591089916229248047e+01 1.589825153350830078e+01 1.589825153350830078e+01 1.583531188964843750e+01 1.550387477874755859e+01 1.538461589813232422e+01 1.545595073699951172e+01 1.569858741760253906e+01 1.562500095367431641e+01 1.588562393188476562e+01 1.576044273376464844e+01 1.592356586456298828e+01 1.583531188964843750e+01 1.591089916229248047e+01 1.572326946258544922e+01 1.588562393188476562e+01 1.579778861999511719e+01 1.586042785644531250e+01 1.572326946258544922e+01 1.584786128997802734e+01 1.534919452667236328e+01 1.583531188964843750e+01 1.543209838867187500e+01 1.589825153350830078e+01 1.582278537750244141e+01 1.594896221160888672e+01 1.594896221160888672e+01 1.596169090270996094e+01 1.597444057464599609e+01 1.594896221160888672e+01 1.598721027374267578e+01 1.593625545501708984e+01 1.591089916229248047e+01 1.591089916229248047e+01 1.537278842926025391e+01 1.549186706542968750e+01 1.377410507202148438e+01 1.448225975036621094e+01 1.293661117553710938e+01 1.353180027008056641e+01 1.356852149963378906e+01 1.443001556396484375e+01 1.455604076385498047e+01 1.457726001739501953e+01 1.508295536041259766e+01 1.520912456512451172e+01 1.504890918731689453e+01 1.530221843719482422e+01 1.545595073699951172e+01 1.550387477874755859e+01 1.551590442657470703e+01 1.561280155181884766e+01 1.569858741760253906e+01 1.568627452850341797e+01 1.573564243316650391e+01 1.574803066253662109e+01 1.579778861999511719e+01 1.573564052581787109e+01 1.576044082641601562e+01 1.579778861999511719e+01
1.583531188964843750e+01 1.568627452850341797e+01 1.529051876068115234e+01 1.373626422882080078e+01 1.066098117828369141e+01 7.930213928222656250e+00 2.366583824157714844e+00 1.000000000000000000e+00 2.409928798675537109e+00 7.189072608947753906e+00 7.727975368499755859e+00 1.109262371063232422e+01 1.000000095367431641e+01 1.449275207519531250e+01 1.516300296783447266e+01 1.593625545501708984e+01 1.597444057464599609e+01 1.598721027374267578e+01 1.583531188964843750e+01 1.384083175659179688e+01 1.407459449768066406e+01 9.718173027038574219e+00 1.226241493225097656e+01 1.005025100708007812e+01 1.277139186859130859e+01 1.404494380950927734e+01 1.502629566192626953e+01 1.574803066253662109e+01 1.581027507781982422e+01 1.561280155181884766e+01 1.498127269744873047e+01 1.239925575256347656e+01 1.314924430847167969e+01 8.948545455932617188e+00 1.214329051971435547e+01 8.507018089294433594e+00 1.230012226104736328e+01 1.205545520782470703e+01 1.271455860137939453e+01 1.050972175598144531e+01 1.286173629760742188e+01 1.240694808959960938e+01 1.209189891815185547e+01 1.441961002349853516e+01 1.453488349914550781e+01 1.561280155181884766e+01 1.577287101745605469e+01 1.550387477874755859e+01 1.579778861999511719e+01 1.543210029602050781e+01 1.578531932830810547e+01 1.545595073699951172e+01 1.581027507781982422e+01 1.574803066253662109e+01 1.577287101745605469e+01 1.583531188964843750e+01 1.591089916229248047e+01 1.591089916229248047e+01 1.594896221160888672e+01 1.591089916229248047e+01 1.593625545501708984e+01 1.592356586456298828e+01 1.578531932830810547e+01 1.589825153350830078e+01 1.562499904632568359e+01 1.588562393188476562e+01 1.578531837463378906e+01 1.576044082641601562e+01 1.582278537750244141e+01 1.568627452850341797e+01 1.524390220642089844e+01 1.507159042358398438e+01 1.516300296783447266e+01 1.544401550292968750e+01 1.533742332458496094e+01 1.569858551025390625e+01 1.551590442657470703e+01 1.577287101745605469e+01 1.560062503814697266e+01 1.574803066253662109e+01 1.537279033660888672e+01 1.569858551025390625e+01 1.556420230865478516e+01 1.562500095367431641e+01 1.546790409088134766e+01 1.567398166656494141e+01 1.515151500701904297e+01 1.571091938018798828e+01 1.545595073699951172e+01 1.584786128997802734e+01 1.584786128997802734e+01 1.592356777191162109e+01 1.592356586456298828e+01 1.596169090270996094e+01 1.596169090270996094e+01 1.594896221160888672e+01 1.596169090270996094e+01 1.593625545501708984e+01 1.592356586456298828e+01 1.591089916229248047e+01 1.573564243316650391e+01 1.577287101745605469e+01 1.493651962280273438e+01 1.532567024230957031e+01 1.416430568695068359e+01 1.425516700744628906e+01 1.427551746368408203e+01 1.469507789611816406e+01 1.467351436614990234e+01 1.465201473236083984e+01 1.506024074554443359e+01 1.514004516601562500e+01 1.497006034851074219e+01 1.523229217529296875e+01 1.538461589813232422e+01 1.543209838867187500e+01 1.542019939422607422e+01 1.552794933319091797e+01 1.561280155181884766e+01 1.561280155181884766e+01 1.564945220947265625e+01 1.567397975921630859e+01 1.572326946258544922e+01 1.564945411682128906e+01 1.569858551025390625e+01 1.574803066253662109e+01
1.588562393188476562e+01 1.583531188964843750e+01 1.563721561431884766e+01 1.455604076385498047e+01 1.199040794372558594e+01 9.136591911315917969e+00 5.760368824005126953e+00 2.409928798675537109e+00 1.000000000000000000e+00 2.341097831726074219e+00 5.711022377014160156e+00 1.023017883300781250e+01 1.027221393585205078e+01 1.453488349914550781e+01 1.556420230865478516e+01 1.597444057464599609e+01 1.597444057464599609e+01 1.596169090270996094e+01 1.583531188964843750e+01 1.396647930145263672e+01 1.354096126556396484e+01 8.580008506774902344e+00 1.031991767883300781e+01 7.039774894714355469e+00 9.847366333007812500e+00 1.147446918487548828e+01 1.324503326416015625e+01 1.509434032440185547e+01 1.499250411987304688e+01 1.436781597137451172e+01 1.283697032928466797e+01 9.975062370300292969e+00 1.158748531341552734e+01 7.964953899383544922e+00 1.268230819702148438e+01 1.043841361999511719e+01 1.439884662628173828e+01 1.434720134735107422e+01 1.481481552124023438e+01 1.320131969451904297e+01 1.479290008544921875e+01 1.414427089691162109e+01 1.368925380706787109e+01 1.516300296783447266e+01 1.511715888977050781e+01 1.576044082641601562e+01 1.583531188964843750e+01 1.549186706542968750e+01 1.569858551025390625e+01 1.501501655578613281e+01 1.564945220947265625e+01 1.503759384155273438e+01 1.571091938018798828e+01 1.560062503814697266e+01 1.574803066253662109e+01 1.583531188964843750e+01 1.592356586456298828e+01 1.593625545501708984e+01 1.593625545501708984e+01 1.589825153350830078e+01 1.592356586456298828e+01 1.591089916229248047e+01 1.571091938018798828e+01 1.587301540374755859e+01 1.550387477874755859e+01 1.587301731109619141e+01 1.577287101745605469e+01 1.574803066253662109e+01 1.583531188964843750e+01 1.567397975921630859e+01 1.512859249114990234e+01 1.484780979156494141e+01 1.483679676055908203e+01 1.524390220642089844e+01 1.508295726776123047e+01 1.564945411682128906e+01 1.542019939422607422e+01 1.578531932830810547e+01 1.558846473693847656e+01 1.572326946258544922e+01 1.509434032440185547e+01 1.556420230865478516e+01 1.546790409088134766e+01 1.543210029602050781e+01 1.504890918731689453e+01 1.540832138061523438e+01 1.445086860656738281e+01 1.558846473693847656e+01 1.519756889343261719e+01 1.586042785644531250e+01 1.587301540374755859e+01 1.594896221160888672e+01 1.593625545501708984e+01 1.596169090270996094e+01 1.597444057464599609e+01 1.597444057464599609e+01 1.596169090270996094e+01 1.593625545501708984e+01 1.588562393188476562e+01 1.587301540374755859e+01 1.567398166656494141e+01 1.572326946258544922e+01 1.453488349914550781e+01 1.495886135101318359e+01 1.336898422241210938e+01 1.348617649078369141e+01 1.348617744445800781e+01 1.410437202453613281e+01 1.421464157104492188e+01 1.428571414947509766e+01 1.486988925933837891e+01 1.504890918731689453e+01 1.488095092773437500e+01 1.520912456512451172e+01 1.537278842926025391e+01 1.545595073699951172e+01 1.546790409088134766e+01 1.558846282958984375e+01 1.567397975921630859e+01 1.564945411682128906e+01 1.566170692443847656e+01 1.568627452850341797e+01 1.576044273376464844e+01 1.568627452850341797e+01 1.573564243316650391e+01 1.578531932830810547e+01
1.569858551025390625e+01 1.547987651824951172e+01 1.480384826660156250e+01 1.217285537719726562e+01 1.037344360351562500e+01 7.007708549499511719e+00 5.819028377532958984e+00 7.189072608947753906e+00 2.341097831726074219e+00 1.000000000000000000e+00 2.212389230728149414e+00 7.936507701873779297e+00 9.847366333007812500e+00 1.357773208618164062e+01 1.556420230865478516e+01 1.598721027374267578e+01 1.600000000000000000e+01 1.601280975341796875e+01 1.594896221160888672e+01 1.463057708740234375e+01 1.369863033294677734e+01 8.598452568054199219e+00 9.250694274902343750e+00 6.205398559570312500e+00 8.428150177001953125e+00 1.097092723846435547e+01 1.294498348236083984e+01 1.504890918731689453e+01 1.480384826660156250e+01 1.428571414947509766e+01 1.226993846893310547e+01 1.095290279388427734e+01 1.258653259277343750e+01 1.074113941192626953e+01 1.501501655578613281e+01 1.330671977996826172e+01 1.581027698516845703e+01 1.545595073699951172e+01 1.571091938018798828e+01 1.463057708740234375e+01 1.562500095367431641e+01 1.523229217529296875e+01 1.476014804840087891e+01 1.571091938018798828e+01 1.561280155181884766e+01 1.592356777191162109e+01 1.594896221160888672e+01 1.582278537750244141e+01 1.587301731109619141e+01 1.549186706542968750e+01 1.582278537750244141e+01 1.540832138061523438e+01 1.583531188964843750e+01 1.573564052581787109e+01 1.584785938262939453e+01 1.588562393188476562e+01 1.594896221160888672e+01 1.596169090270996094e+01 1.597444057464599609e+01 1.593625545501708984e+01 1.593625545501708984e+01 1.593625545501708984e+01 1.584785938262939453e+01 1.593625545501708984e+01 1.574803066253662109e+01 1.594896221160888672e+01 1.589825153350830078e+01 1.589824962615966797e+01 1.593625545501708984e+01 1.586042785644531250e+01 1.552794933319091797e+01 1.540831947326660156e+01 1.542019939422607422e+01 1.566170692443847656e+01 1.547987461090087891e+01 1.582278537750244141e+01 1.564945220947265625e+01 1.588562393188476562e+01 1.572326946258544922e+01 1.583531188964843750e+01 1.531393527984619141e+01 1.571091938018798828e+01 1.557632446289062500e+01 1.552794933319091797e+01 1.522069931030273438e+01 1.554001712799072266e+01 1.469507789611816406e+01 1.578531932830810547e+01 1.546790409088134766e+01 1.594896221160888672e+01 1.597444057464599609e+01 1.596169090270996094e+01 1.597444057464599609e+01 1.597444057464599609e+01 1.598721027374267578e+01 1.598721027374267578e+01 1.600000000000000000e+01 1.596169090270996094e+01 1.597444057464599609e+01 1.596169281005859375e+01 1.567398166656494141e+01 1.566170692443847656e+01 1.356852149963378906e+01 1.399580192565917969e+01 1.190476226806640625e+01 1.204819202423095703e+01 1.239157485961914062e+01 1.319261169433593750e+01 1.359619331359863281e+01 1.386001396179199219e+01 1.467351436614990234e+01 1.502629566192626953e+01 1.491424465179443359e+01 1.522069931030273438e+01 1.542019939422607422e+01 1.549186706542968750e+01 1.551590442657470703e+01 1.562499904632568359e+01 1.569858741760253906e+01 1.566170692443847656e+01 1.568627452850341797e+01 1.572326946258544922e+01 1.576044082641601562e+01 1.572326946258544922e+01 1.576044082641601562e+01 1.579778861999511719e+01
1.552794933319091797e+01 1.494768333435058594e+01 1.405481243133544922e+01 1.124859428405761719e+01 9.779952049255371094e+00 7.521625041961669922e+00 5.337603092193603516e+00 7.727975368499755859e+00 5.711022377014160156e+00 2.212389230728149414e+00 1.000000000000000000e+00 2.370511054992675781e+00 6.856359004974365234e+00 1.036269378662109375e+01 1.343183326721191406e+01 1.571091938018798828e+01 1.596169281005859375e+01 1.603849220275878906e+01 1.563721561431884766e+01 1.166180801391601562e+01 1.027749252319335938e+01 5.298013210296630859e+00 6.082725048065185547e+00 5.072280406951904297e+00 8.350730895996093750e+00 1.136363601684570312e+01 1.390820503234863281e+01 1.545595073699951172e+01 1.477104949951171875e+01 1.393728256225585938e+01 1.075847244262695312e+01 9.832841873168945312e+00 1.017811679840087891e+01 9.070295333862304688e+00 1.317523002624511719e+01 1.174398040771484375e+01 1.550387477874755859e+01 1.524390220642089844e+01 1.561280155181884766e+01 1.397624111175537109e+01 1.549186706542968750e+01 1.495886135101318359e+01 1.389853954315185547e+01 1.545595073699951172e+01 1.514004516601562500e+01 1.587301540374755859e+01 1.589825153350830078e+01 1.549186706542968750e+01 1.574803066253662109e+01 1.455604076385498047e+01 1.563721561431884766e+01 1.456664276123046875e+01 1.571091938018798828e+01 1.537278842926025391e+01 1.577287101745605469e+01 1.579778861999511719e+01 1.594896221160888672e+01 1.597444057464599609e+01 1.596169090270996094e+01 1.591089916229248047e+01 1.591089916229248047e+01 1.591089916229248047e+01 1.558846282958984375e+01 1.589825153350830078e+01 1.531393527984619141e+01 1.591089916229248047e+01 1.579778861999511719e+01 1.583531188964843750e+01 1.591089916229248047e+01 1.576044082641601562e+01 1.491424465179443359e+01 1.473839282989501953e+01 1.426533508300781250e+01 1.531393527984619141e+01 1.490312862396240234e+01 1.578531932830810547e+01 1.558846473693847656e+01 1.591089916229248047e+01 1.573564052581787109e+01 1.586042785644531250e+01 1.510573959350585938e+01 1.568627452850341797e+01 1.552794933319091797e+01 1.538461589813232422e+01 1.467351436614990234e+01 1.490312862396240234e+01 1.288659763336181641e+01 1.518602752685546875e+01 1.392757797241210938e+01 1.581027507781982422e+01 1.576044082641601562e+01 1.598721027374267578e+01 1.598721027374267578e+01 1.598721027374267578e+01 1.600000000000000000e+01 1.597444057464599609e+01 1.598721027374267578e+01 1.596169281005859375e+01 1.596169281005859375e+01 1.592356586456298828e+01 1.455604076385498047e+01 1.484780979156494141e+01 1.112966156005859375e+01 1.245329952239990234e+01 1.028277683258056641e+01 1.166180801391601562e+01 1.227747058868408203e+01 1.364256381988525391e+01 1.401541709899902344e+01 1.422475147247314453e+01 1.506024074554443359e+01 1.536098289489746094e+01 1.522069931030273438e+01 1.545595073699951172e+01 1.557632446289062500e+01 1.563721561431884766e+01 1.562499904632568359e+01 1.571091938018798828e+01 1.576044082641601562e+01 1.571091938018798828e+01 1.571091938018798828e+01 1.574803066253662109e+01 1.578531932830810547e+01 1.574803066253662109e+01 1.576044082641601562e+01 1.582278537750244141e+01
1.424501514434814453e+01 1.234567928314208984e+01 1.092896175384521484e+01 7.538635253906250000e+00 7.908264160156250000e+00 7.296607017517089844e+00 7.393715381622314453e+00 1.109262371063232422e+01 1.023017883300781250e+01 7.936507701873779297e+00 2.370511054992675781e+00 1.000000000000000000e+00 2.541618824005126953e+00 6.825939178466796875e+00 1.083423614501953125e+01 1.374570369720458984e+01 1.576044082641601562e+01 1.594896221160888672e+01 1.472754001617431641e+01 1.074113941192626953e+01 9.013069152832031250e+00 6.548788070678710938e+00 5.431830406188964844e+00 7.930213928222656250e+00 9.935420036315917969e+00 1.356852149963378906e+01 1.530221939086914062e+01 1.583531188964843750e+01 1.531393527984619141e+01 1.493652153015136719e+01 1.132502746582031250e+01 1.161440181732177734e+01 1.033057880401611328e+01 1.087547588348388672e+01 1.345895004272460938e+01 1.261829662322998047e+01 1.576044082641601562e+01 1.529051876068115234e+01 1.584786128997802734e+01 1.439884662628173828e+01 1.572326946258544922e+01 1.533742332458496094e+01 1.425516700744628906e+01 1.564945411682128906e+01 1.529051876068115234e+01 1.591089916229248047e+01 1.593625545501708984e+01 1.566170692443847656e+01 1.591089916229248047e+01 1.492537307739257812e+01 1.586042785644531250e+01 1.483679676055908203e+01 1.577287101745605469e+01 1.547987461090087891e+01 1.571091938018798828e+01 1.578531932830810547e+01 1.592356586456298828e+01 1.594896221160888672e+01 1.597444057464599609e+01 1.589825153350830078e+01 1.592356586456298828e+01 1.593625545501708984e+01 1.574803066253662109e+01 1.593625545501708984e+01 1.545595073699951172e+01 1.593625545501708984e+01 1.581027698516845703e+01 1.581027698516845703e+01 1.588562393188476562e+01 1.571091938018798828e+01 1.453488349914550781e+01 1.465201473236083984e+01 1.423487472534179688e+01 1.552794933319091797e+01 1.527883911132812500e+01 1.591089916229248047e+01 1.581027698516845703e+01 1.593625545501708984e+01 1.581027507781982422e+01 1.589825153350830078e+01 1.537279033660888672e+01 1.576044082641601562e+01 1.562500095367431641e+01 1.542019939422607422e+01 1.463057708740234375e+01 1.434720134735107422e+01 1.184132671356201172e+01 1.446131610870361328e+01 1.231527042388916016e+01 1.551590442657470703e+01 1.530221939086914062e+01 1.597444057464599609e+01 1.598721027374267578e+01 1.598721027374267578e+01 1.598721027374267578e+01 1.600000000000000000e+01 1.601280975341796875e+01 1.597444057464599609e+01 1.572326946258544922e+01 1.552794933319091797e+01 1.192605876922607422e+01 1.242236042022705078e+01 8.019246101379394531e+00 9.615384101867675781e+00 8.904719352722167969e+00 1.078167152404785156e+01 1.247660636901855469e+01 1.386001396179199219e+01 1.434720134735107422e+01 1.463057708740234375e+01 1.532567024230957031e+01 1.555209922790527344e+01 1.544401550292968750e+01 1.557632446289062500e+01 1.564945220947265625e+01 1.568627452850341797e+01 1.563721561431884766e+01 1.572326946258544922e+01 1.574803066253662109e+01 1.568627452850341797e+01 1.569858551025390625e+01 1.574803066253662109e+01 1.579778861999511719e+01 1.573564243316650391e+01 1.574803066253662109e+01 1.582278537750244141e+01
