1.000000000000000000e+00 2.512878656387329102e+00 6.951685905456542969e+00 8.442380905151367188e+00 1.002003955841064453e+01 1.079330825805664062e+01 1.152073764801025391e+01 1.284521484375000000e+01 1.385041522979736328e+01 1.476014614105224609e+01 1.537278842926025391e+01 1.563721561431884766e+01 1.578531932830810547e+01 1.583531188964843750e+01 1.583531188964843750e+01 1.586042785644531250e+01 1.586042785644531250e+01 1.582278537750244141e+01 1.588562393188476562e+01 1.587301540374755859e+01 1.583531188964843750e+01 1.583531188964843750e+01 1.586042785644531250e+01 1.581027507781982422e+01 1.576044082641601562e+01 1.583531188964843750e+01 1.584786128997802734e+01 1.587301731109619141e+01 1.588562393188476562e+01 1.589825153350830078e+01 1.588562393188476562e+01 1.591089916229248047e+01 1.588562393188476562e+01 1.587301540374755859e+01 1.582278537750244141e+01 1.581027698516845703e+01 1.576044082641601562e+01 1.573564243316650391e+01 1.566170692443847656e+01 1.560062503814697266e+01 1.560062503814697266e+01 1.557632446289062500e+01 1.556420230865478516e+01 1.555209922790527344e+01 1.551590442657470703e+01 1.538461589813232422e+01 1.524390220642089844e+01 1.517450714111328125e+01 1.520912456512451172e+01 1.511715888977050781e+01 1.500374984741210938e+01 1.500374984741210938e+01 1.529051876068115234e+01 1.520912456512451172e+01 1.491424274444580078e+01 1.533742332458496094e+01 1.533742332458496094e+01 1.542019939422607422e+01 1.558846473693847656e+01 1.569858551025390625e+01 1.578531932830810547e+01 1.582278537750244141e+01 1.587301540374755859e+01 1.589825153350830078e+01 1.586042785644531250e+01 1.589825153350830078e+01 1.587301540374755859e+01 1.586042785644531250e+01 1.586042785644531250e+01 1.586042785644531250e+01 1.581027698516845703e+01 1.578531932830810547e+01 1.581027698516845703e+01 1.574803066253662109e+01 1.569858551025390625e+01 1.568627452850341797e+01 1.567398166656494141e+01 1.569858551025390625e+01 1.574803066253662109e+01 1.583531188964843750e+01 1.581027698516845703e+01 1.591089916229248047e+01 1.584786128997802734e+01 1.588562393188476562e+01 1.589825153350830078e+01 1.589825153350830078e+01 1.583531188964843750e+01 1.586042785644531250e+01 1.587301540374755859e+01 1.587301731109619141e+01 1.582278537750244141e+01 1.583531188964843750e+01 1.587301540374755859e+01 1.588562393188476562e+01 1.591089916229248047e+01 1.588562393188476562e+01 1.588562393188476562e+01 1.586042785644531250e+01 1.586042785644531250e+01 1.581027507781982422e+01 1.571091938018798828e+01 1.572326946258544922e+01 1.558846282958984375e+01 1.556420230865478516e+01 1.546790409088134766e+01 1.547987461090087891e+01 1.552794933319091797e+01 1.561280155181884766e+01 1.564945220947265625e+01 1.573564052581787109e+01 1.579778861999511719e+01 1.583531188964843750e+01 1.586042785644531250e+01 1.587301540374755859e+01 1.587301540374755859e+01 1.588562393188476562e+01 1.589825153350830078e+01 1.591089916229248047e+01 1.592356586456298828e+01 1.591089916229248047e+01 1.592356586456298828e+01 1.589825153350830078e+01 1.589825153350830078e+01 1.589825153350830078e+01 1.587301540374755859e+01 1.588562393188476562e+01 1.584785938262939453e+01 1.579778861999511719e+01 1.579778861999511719e+01 1.582278537750244141e+01 1.571091938018798828e+01 1.561280155181884766e+01 1.571091938018798828e+01 1.566170692443847656e+01 1.547987651824951172e+01 1.554001522064208984e+01 1.560062503814697266e+01 1.554001522064208984e+01 1.544401550292968750e+01 1.545595073699951172e+01
2.512878656387329102e+00 1.000000000000000000e+00 2.429838418960571289e+00 7.212405204772949219e+00 7.830853462219238281e+00 7.846213817596435547e+00 9.680541992187500000e+00 1.128668212890625000e+01 1.159420299530029297e+01 1.302083301544189453e+01 1.444043254852294922e+01 1.507159042358398438e+01 1.552794933319091797e+01 1.571091938018798828e+01 1.567397975921630859e+01 1.577287101745605469e+01 1.574803066253662109e+01 1.552794933319091797e+01 1.572326946258544922e+01 1.576044273376464844e+01 1.560062503814697266e+01 1.549186706542968750e+01 1.572326946258544922e+01 1.569858551025390625e+01 1.556420230865478516e+01 1.566170692443847656e+01 1.577287101745605469e+01 1.582278537750244141e+01 1.578531932830810547e+01 1.581027698516845703e+01 1.576044082641601562e+01 1.579778861999511719e+01 1.572326946258544922e+01 1.572326946258544922e+01 1.562499904632568359e+01 1.557632446289062500e+01 1.545595073699951172e+01 1.552794933319091797e+01 1.540832138061523438e+01 1.522070121765136719e+01 1.531393527984619141e+01 1.520912456512451172e+01 1.501501464843750000e+01 1.498127365112304688e+01 1.497006034851074219e+01 1.480384826660156250e+01 1.469507789611816406e+01 1.457726001739501953e+01 1.478196525573730469e+01 1.477104949951171875e+01 1.433691883087158203e+01 1.460920333862304688e+01 1.493651962280273438e+01 1.484780979156494141e+01 1.423487472534179688e+01 1.459854030609130859e+01 1.482579612731933594e+01 1.489203357696533203e+01 1.509434032440185547e+01 1.540832138061523438e+01 1.561280155181884766e+01 1.576044082641601562e+01 1.578531932830810547e+01 1.587301540374755859e+01 1.584786128997802734e+01 1.587301540374755859e+01 1.582278537750244141e+01 1.577287101745605469e+01 1.581027507781982422e+01 1.577287101745605469e+01 1.564945220947265625e+01 1.567398166656494141e+01 1.569858551025390625e+01 1.555209922790527344e+01 1.540832138061523438e+01 1.545595073699951172e+01 1.545595073699951172e+01 1.551590442657470703e+01 1.561280155181884766e+01 1.568627452850341797e+01 1.568627452850341797e+01 1.586042785644531250e+01 1.578531837463378906e+01 1.576044273376464844e+01 1.586042785644531250e+01 1.586042785644531250e+01 1.573564243316650391e+01 1.578531932830810547e+01 1.583531188964843750e+01 1.579778861999511719e+01 1.574803066253662109e+01 1.578531932830810547e+01 1.586042785644531250e+01 1.583531188964843750e+01 1.587301540374755859e+01 1.586042785644531250e+01 1.582278537750244141e+01 1.581027698516845703e+01 1.572326946258544922e+01 1.561280155181884766e+01 1.542019939422607422e+01 1.537279033660888672e+01 1.515151500701904297e+01 1.515151500701904297e+01 1.512859249114990234e+01 1.523229217529296875e+01 1.525553035736083984e+01 1.526717567443847656e+01 1.539645957946777344e+01 1.549186706542968750e+01 1.557632446289062500e+01 1.564945411682128906e+01 1.569858551025390625e+01 1.577287101745605469e+01 1.581027507781982422e+01 1.584786128997802734e+01 1.588562393188476562e+01 1.584785938262939453e+01 1.591089916229248047e+01 1.591089916229248047e+01 1.592356586456298828e+01 1.584785938262939453e+01 1.584785938262939453e+01 1.584785938262939453e+01 1.581027698516845703e+01 1.573564243316650391e+01 1.573564052581787109e+01 1.568627452850341797e+01 1.562500095367431641e+01 1.560062503814697266e+01 1.549186706542968750e+01 1.523229217529296875e+01 1.539645767211914062e+01 1.533742332458496094e+01 1.497006034851074219e+01 1.506024074554443359e+01 1.522070121765136719e+01 1.526717376708984375e+01 1.514004516601562500e+01 1.520912456512451172e+01
6.951685905456542969e+00 2.429838418960571289e+00 1.000000000000000000e+00 2.485707283020019531e+00 6.572461128234863281e+00 6.576784610748291016e+00 7.751937389373779297e+00 1.008572864532470703e+01 1.106806850433349609e+01 1.194743156433105469e+01 1.363326549530029297e+01 1.489203357696533203e+01 1.550387477874755859e+01 1.574803066253662109e+01 1.573564243316650391e+01 1.583531188964843750e+01 1.578531932830810547e+01 1.563721561431884766e+01 1.581027507781982422e+01 1.581027507781982422e+01 1.563721561431884766e+01 1.564945220947265625e+01 1.582278537750244141e+01 1.577287101745605469e+01 1.563721561431884766e+01 1.579778861999511719e+01 1.583531188964843750e+01 1.586042785644531250e+01 1.584785938262939453e+01 1.589825153350830078e+01 1.586042785644531250e+01 1.588562393188476562e+01 1.584786128997802734e+01 1.583531188964843750e+01 1.572326946258544922e+01 1.567398166656494141e+01 1.556420040130615234e+01 1.560062503814697266e+01 1.545595073699951172e+01 1.536098289489746094e+01 1.538461589813232422e+01 1.537279033660888672e+01 1.531393527984619141e+01 1.525553035736083984e+01 1.527883911132812500e+01 1.516300106048583984e+01 1.504890918731689453e+01 1.499250411987304688e+01 1.516300296783447266e+01 1.520912456512451172e+01 1.499250411987304688e+01 1.504890918731689453e+01 1.527883911132812500e+01 1.511715793609619141e+01 1.459854030609130859e+01 1.498127269744873047e+01 1.497006034851074219e+01 1.504890918731689453e+01 1.530221939086914062e+01 1.552794933319091797e+01 1.569858551025390625e+01 1.579778861999511719e+01 1.584786128997802734e+01 1.588562393188476562e+01 1.586042785644531250e+01 1.589825153350830078e+01 1.588562393188476562e+01 1.584786128997802734e+01 1.586042785644531250e+01 1.582278537750244141e+01 1.577287101745605469e+01 1.574803066253662109e+01 1.577287101745605469e+01 1.566170692443847656e+01 1.558846282958984375e+01 1.557632446289062500e+01 1.558846282958984375e+01 1.563721561431884766e+01 1.569858551025390625e+01 1.579778861999511719e+01 1.576044273376464844e+01 1.588562393188476562e+01 1.582278537750244141e+01 1.582278537750244141e+01 1.589825153350830078e+01 1.589824962615966797e+01 1.579778861999511719e+01 1.584786128997802734e+01 1.588562393188476562e+01 1.583531188964843750e+01 1.578531932830810547e+01 1.583531188964843750e+01 1.588562393188476562e+01 1.587301540374755859e+01 1.592356586456298828e+01 1.589825153350830078e+01 1.588562393188476562e+01 1.586042785644531250e+01 1.579778861999511719e+01 1.568627452850341797e+01 1.547987461090087891e+01 1.546790409088134766e+01 1.516300106048583984e+01 1.512859249114990234e+01 1.504890918731689453e+01 1.519756889343261719e+01 1.527883911132812500e+01 1.536098289489746094e+01 1.544401550292968750e+01 1.557632446289062500e+01 1.569858551025390625e+01 1.578531932830810547e+01 1.583531188964843750e+01 1.586042785644531250e+01 1.584785938262939453e+01 1.588562393188476562e+01 1.591089916229248047e+01 1.591089916229248047e+01 1.593625545501708984e+01 1.591089916229248047e+01 1.594896221160888672e+01 1.589825153350830078e+01 1.589825153350830078e+01 1.588562393188476562e+01 1.587301540374755859e+01 1.583531188964843750e+01 1.579778861999511719e+01 1.573564243316650391e+01 1.564945220947265625e+01 1.569858551025390625e+01 1.555209922790527344e+01 1.529051876068115234e+01 1.547987461090087891e+01 1.536098289489746094e+01 1.506023979187011719e+01 1.512859249114990234e+01 1.526717376708984375e+01 1.523229217529296875e+01 1.511715793609619141e+01 1.520912456512451172e+01
8.442380905151367188e+00 7.212405204772949219e+00 2.485707283020019531e+00 1.000000000000000000e+00 2.498126506805419922e+00 7.114906311035156250e+00 6.600659847259521484e+00 7.716049194335937500e+00 1.030396747589111328e+01 1.156069278717041016e+01 1.231527042388916016e+01 1.390820693969726562e+01 1.524390220642089844e+01 1.564945220947265625e+01 1.569858741760253906e+01 1.581027507781982422e+01 1.574803066253662109e+01 1.550387477874755859e+01 1.578531837463378906e+01 1.579778861999511719e+01 1.549186706542968750e+01 1.556420230865478516e+01 1.581027698516845703e+01 1.571091938018798828e+01 1.552794933319091797e+01 1.577287101745605469e+01 1.584786128997802734e+01 1.587301540374755859e+01 1.584786128997802734e+01 1.589825153350830078e+01 1.587301540374755859e+01 1.587301540374755859e+01 1.583531188964843750e+01 1.581027698516845703e+01 1.572326946258544922e+01 1.571091938018798828e+01 1.557632446289062500e+01 1.562500095367431641e+01 1.546790409088134766e+01 1.536098289489746094e+01 1.537279033660888672e+01 1.543210029602050781e+01 1.540832138061523438e+01 1.539645767211914062e+01 1.542019939422607422e+01 1.531393527984619141e+01 1.526717376708984375e+01 1.522070121765136719e+01 1.537279033660888672e+01 1.543209838867187500e+01 1.527883911132812500e+01 1.536098289489746094e+01 1.545595073699951172e+01 1.533742332458496094e+01 1.494768333435058594e+01 1.517450714111328125e+01 1.517450714111328125e+01 1.519756889343261719e+01 1.543209838867187500e+01 1.563721561431884766e+01 1.574803066253662109e+01 1.583531188964843750e+01 1.587301540374755859e+01 1.591089916229248047e+01 1.589825153350830078e+01 1.593625545501708984e+01 1.589825153350830078e+01 1.584786128997802734e+01 1.588562393188476562e+01 1.586042785644531250e+01 1.579778861999511719e+01 1.577287101745605469e+01 1.579778861999511719e+01 1.569858551025390625e+01 1.561280155181884766e+01 1.560062503814697266e+01 1.558846473693847656e+01 1.562500095367431641e+01 1.571091938018798828e+01 1.579778861999511719e+01 1.577287101745605469e+01 1.589825153350830078e+01 1.583531188964843750e+01 1.581027507781982422e+01 1.588562393188476562e+01 1.589824962615966797e+01 1.579778861999511719e+01 1.583531188964843750e+01 1.589824962615966797e+01 1.587301540374755859e+01 1.581027698516845703e+01 1.586042785644531250e+01 1.591089916229248047e+01 1.587301540374755859e+01 1.594896221160888672e+01 1.592356586456298828e+01 1.591089916229248047e+01 1.588562393188476562e+01 1.578531932830810547e+01 1.566170692443847656e+01 1.540832138061523438e+01 1.539645767211914062e+01 1.499250411987304688e+01 1.507159042358398438e+01 1.494768333435058594e+01 1.512859249114990234e+01 1.524390220642089844e+01 1.530221939086914062e+01 1.538461589813232422e+01 1.554001522064208984e+01 1.568627452850341797e+01 1.577287101745605469e+01 1.584785938262939453e+01 1.588562393188476562e+01 1.587301540374755859e+01 1.589825153350830078e+01 1.593625545501708984e+01 1.592356777191162109e+01 1.596169090270996094e+01 1.593625545501708984e+01 1.594896221160888672e+01 1.592356777191162109e+01 1.591089916229248047e+01 1.592356777191162109e+01 1.591089916229248047e+01 1.587301540374755859e+01 1.582278537750244141e+01 1.576044082641601562e+01 1.566170692443847656e+01 1.571091938018798828e+01 1.555209922790527344e+01 1.522069931030273438e+01 1.545595073699951172e+01 1.538461589813232422e+01 1.500374984741210938e+01 1.504890918731689453e+01 1.524390220642089844e+01 1.520912456512451172e+01 1.499250411987304688e+01 1.516300106048583984e+01
1.002003955841064453e+01 7.830853462219238281e+00 6.572461128234863281e+00 2.498126506805419922e+00 1.000000000000000000e+00 2.490350008010864258e+00 6.934813022613525391e+00 6.527415275573730469e+00 7.584375858306884766e+00 1.046025085449218750e+01 1.165501213073730469e+01 1.229256343841552734e+01 1.425516700744628906e+01 1.537279033660888672e+01 1.547987461090087891e+01 1.577287101745605469e+01 1.555209922790527344e+01 1.489203357696533203e+01 1.563721561431884766e+01 1.573564052581787109e+01 1.510573959350585938e+01 1.511715888977050781e+01 1.569858551025390625e+01 1.561280155181884766e+01 1.532567024230957031e+01 1.567397975921630859e+01 1.582278537750244141e+01 1.584785938262939453e+01 1.582278537750244141e+01 1.586042785644531250e+01 1.578531932830810547e+01 1.578531932830810547e+01 1.564945220947265625e+01 1.567397975921630859e+01 1.544401550292968750e+01 1.544401550292968750e+01 1.526717567443847656e+01 1.539645767211914062e+01 1.516300106048583984e+01 1.495886135101318359e+01 1.508295726776123047e+01 1.508295536041259766e+01 1.495886325836181641e+01 1.501501464843750000e+01 1.511715793609619141e+01 1.498127269744873047e+01 1.495886135101318359e+01 1.498127365112304688e+01 1.523229217529296875e+01 1.531393527984619141e+01 1.506023979187011719e+01 1.532567024230957031e+01 1.544401550292968750e+01 1.530221939086914062e+01 1.474926280975341797e+01 1.486988925933837891e+01 1.491424465179443359e+01 1.489203357696533203e+01 1.516300296783447266e+01 1.544401550292968750e+01 1.566170692443847656e+01 1.577287101745605469e+01 1.581027507781982422e+01 1.588562393188476562e+01 1.588562393188476562e+01 1.592356586456298828e+01 1.588562393188476562e+01 1.581027507781982422e+01 1.586042785644531250e+01 1.582278537750244141e+01 1.572326946258544922e+01 1.569858551025390625e+01 1.576044273376464844e+01 1.558846282958984375e+01 1.540832138061523438e+01 1.539645767211914062e+01 1.534919452667236328e+01 1.539645767211914062e+01 1.551590442657470703e+01 1.563721561431884766e+01 1.563721561431884766e+01 1.584786128997802734e+01 1.577287101745605469e+01 1.569858741760253906e+01 1.582278537750244141e+01 1.584786128997802734e+01 1.569858551025390625e+01 1.576044082641601562e+01 1.586042785644531250e+01 1.582278537750244141e+01 1.572326946258544922e+01 1.579778861999511719e+01 1.588562393188476562e+01 1.584786128997802734e+01 1.592356586456298828e+01 1.588562393188476562e+01 1.587301731109619141e+01 1.582278537750244141e+01 1.567398166656494141e+01 1.540832138061523438e+01 1.498127269744873047e+01 1.495886325836181641e+01 1.437814521789550781e+01 1.457726001739501953e+01 1.449275398254394531e+01 1.479290008544921875e+01 1.488095092773437500e+01 1.482579612731933594e+01 1.490312862396240234e+01 1.504890918731689453e+01 1.532567024230957031e+01 1.557632446289062500e+01 1.563721561431884766e+01 1.578531932830810547e+01 1.578531837463378906e+01 1.586042785644531250e+01 1.592356586456298828e+01 1.589825153350830078e+01 1.594896221160888672e+01 1.591089916229248047e+01 1.593625545501708984e+01 1.588562393188476562e+01 1.587301540374755859e+01 1.589825153350830078e+01 1.584786128997802734e+01 1.577287101745605469e+01 1.574803066253662109e+01 1.560062503814697266e+01 1.537278842926025391e+01 1.542019939422607422e+01 1.515151500701904297e+01 1.453488349914550781e+01 1.495886135101318359e+01 1.490312862396240234e+01 1.430615234375000000e+01 1.434720134735107422e+01 1.483679485321044922e+01 1.488095283508300781e+01 1.460920333862304688e+01 1.485884094238281250e+01
1.079330825805664062e+01 7.846213817596435547e+00 6.576784610748291016e+00 7.114906311035156250e+00 2.490350008010864258e+00 1.000000000000000000e+00 2.465483188629150391e+00 7.135211944580078125e+00 6.289307594299316406e+00 7.766990661621093750e+00 1.041124439239501953e+01 1.128031539916992188e+01 1.269841289520263672e+01 1.448225975036621094e+01 1.486988925933837891e+01 1.554001712799072266e+01 1.515151500701904297e+01 1.396647930145263672e+01 1.526717567443847656e+01 1.562500095367431641e+01 1.484780979156494141e+01 1.471670436859130859e+01 1.557632446289062500e+01 1.561280155181884766e+01 1.537279033660888672e+01 1.566170692443847656e+01 1.584785938262939453e+01 1.587301540374755859e+01 1.578531932830810547e+01 1.583531188964843750e+01 1.571091938018798828e+01 1.567398166656494141e+01 1.543210029602050781e+01 1.542019939422607422e+01 1.514004707336425781e+01 1.511715793609619141e+01 1.486988925933837891e+01 1.515151500701904297e+01 1.489203357696533203e+01 1.450326347351074219e+01 1.478196525573730469e+01 1.479290008544921875e+01 1.450326347351074219e+01 1.464128780364990234e+01 1.482579612731933594e+01 1.476014804840087891e+01 1.481481456756591797e+01 1.484780979156494141e+01 1.525553035736083984e+01 1.534919452667236328e+01 1.502629566192626953e+01 1.537279033660888672e+01 1.544401550292968750e+01 1.538461589813232422e+01 1.474926280975341797e+01 1.466275691986083984e+01 1.473839282989501953e+01 1.459854030609130859e+01 1.482579612731933594e+01 1.525553035736083984e+01 1.555209922790527344e+01 1.573564243316650391e+01 1.577287101745605469e+01 1.589825153350830078e+01 1.588562393188476562e+01 1.591089916229248047e+01 1.586042785644531250e+01 1.578531837463378906e+01 1.586042785644531250e+01 1.581027507781982422e+01 1.563721561431884766e+01 1.568627452850341797e+01 1.577287101745605469e+01 1.556420230865478516e+01 1.533742332458496094e+01 1.537279033660888672e+01 1.533742332458496094e+01 1.540832138061523438e+01 1.552794933319091797e+01 1.560062503814697266e+01 1.561280155181884766e+01 1.586042785644531250e+01 1.576044082641601562e+01 1.560062503814697266e+01 1.579778861999511719e+01 1.582278537750244141e+01 1.563721561431884766e+01 1.567398166656494141e+01 1.583531188964843750e+01 1.582278537750244141e+01 1.568627452850341797e+01 1.574803066253662109e+01 1.588562393188476562e+01 1.583531188964843750e+01 1.591089916229248047e+01 1.588562393188476562e+01 1.583531188964843750e+01 1.577287101745605469e+01 1.554001712799072266e+01 1.512859249114990234e+01 1.452432918548583984e+01 1.447177982330322266e+01 1.376462459564208984e+01 1.414427089691162109e+01 1.421463966369628906e+01 1.467351436614990234e+01 1.470588111877441406e+01 1.429592609405517578e+01 1.449275398254394531e+01 1.454545402526855469e+01 1.492537307739257812e+01 1.527883911132812500e+01 1.546790409088134766e+01 1.572326946258544922e+01 1.576044082641601562e+01 1.584786128997802734e+01 1.591089916229248047e+01 1.587301540374755859e+01 1.593625545501708984e+01 1.591089916229248047e+01 1.594896221160888672e+01 1.588562393188476562e+01 1.586042785644531250e+01 1.586042785644531250e+01 1.583531188964843750e+01 1.572326946258544922e+01 1.571091938018798828e+01 1.558846473693847656e+01 1.527883911132812500e+01 1.520912456512451172e+01 1.493652153015136719e+01 1.408450698852539062e+01 1.449275398254394531e+01 1.452432918548583984e+01 1.372683525085449219e+01 1.367989063262939453e+01 1.437814521789550781e+01 1.459854030609130859e+01 1.428571414947509766e+01 1.455604076385498047e+01
1.152073764801025391e+01 9.680541992187500000e+00 7.751937389373779297e+00 6.600659847259521484e+00 6.934813022613525391e+00 2.465483188629150391e+00 1.000000000000000000e+00 2.463660955429077148e+00 6.939624786376953125e+00 6.578947544097900391e+00 8.103727340698242188e+00 1.064962768554687500e+01 1.215066814422607422e+01 1.358695602416992188e+01 1.447177982330322266e+01 1.544401550292968750e+01 1.481481552124023438e+01 1.389853954315185547e+01 1.549186706542968750e+01 1.567398166656494141e+01 1.478196525573730469e+01 1.508295536041259766e+01 1.577287101745605469e+01 1.567397975921630859e+01 1.543210029602050781e+01 1.578531932830810547e+01 1.587301540374755859e+01 1.592356586456298828e+01 1.587301731109619141e+01 1.591089916229248047e+01 1.583531188964843750e+01 1.584785938262939453e+01 1.572326946258544922e+01 1.573564243316650391e+01 1.547987461090087891e+01 1.552794933319091797e+01 1.531393527984619141e+01 1.545594882965087891e+01 1.525553035736083984e+01 1.502629566192626953e+01 1.519756889343261719e+01 1.526717567443847656e+01 1.512859249114990234e+01 1.526717376708984375e+01 1.539645767211914062e+01 1.536098289489746094e+01 1.536098289489746094e+01 1.533742332458496094e+01 1.556420230865478516e+01 1.563721561431884766e+01 1.549186706542968750e+01 1.563721561431884766e+01 1.566170692443847656e+01 1.563721561431884766e+01 1.534919452667236328e+01 1.533742332458496094e+01 1.530221939086914062e+01 1.523229217529296875e+01 1.540832138061523438e+01 1.561280155181884766e+01 1.576044273376464844e+01 1.584786128997802734e+01 1.587301540374755859e+01 1.594896221160888672e+01 1.592356586456298828e+01 1.594896221160888672e+01 1.592356586456298828e+01 1.587301731109619141e+01 1.591089916229248047e+01 1.589825153350830078e+01 1.583531188964843750e+01 1.581027507781982422e+01 1.587301731109619141e+01 1.578531837463378906e+01 1.566170692443847656e+01 1.564945411682128906e+01 1.563721561431884766e+01 1.568627452850341797e+01 1.576044082641601562e+01 1.581027507781982422e+01 1.577287101745605469e+01 1.589824962615966797e+01 1.584786128997802734e+01 1.576044082641601562e+01 1.587301731109619141e+01 1.588562393188476562e+01 1.577287101745605469e+01 1.581027507781982422e+01 1.591089916229248047e+01 1.589825153350830078e+01 1.581027698516845703e+01 1.584786128997802734e+01 1.592356586456298828e+01 1.591089916229248047e+01 1.594896221160888672e+01 1.592356586456298828e+01 1.589825153350830078e+01 1.587301540374755859e+01 1.573564243316650391e+01 1.544401550292968750e+01 1.485883998870849609e+01 1.489203357696533203e+01 1.412429428100585938e+01 1.446131610870361328e+01 1.435750102996826172e+01 1.477104949951171875e+01 1.482579612731933594e+01 1.471670436859130859e+01 1.484780979156494141e+01 1.504890918731689453e+01 1.540831947326660156e+01 1.563721561431884766e+01 1.573564243316650391e+01 1.584785938262939453e+01 1.586042785644531250e+01 1.591089916229248047e+01 1.593625545501708984e+01 1.593625545501708984e+01 1.594896221160888672e+01 1.593625545501708984e+01 1.594896221160888672e+01 1.592356777191162109e+01 1.592356777191162109e+01 1.591089916229248047e+01 1.586042785644531250e+01 1.583531188964843750e+01 1.579778861999511719e+01 1.573564243316650391e+01 1.552794933319091797e+01 1.556420230865478516e+01 1.534919452667236328e+01 1.479290008544921875e+01 1.508295536041259766e+01 1.504890918731689453e+01 1.441961002349853516e+01 1.434720134735107422e+01 1.483679485321044922e+01 1.492537307739257812e+01 1.461988258361816406e+01 1.482579612731933594e+01
1.284521484375000000e+01 1.128668212890625000e+01 1.008572864532470703e+01 7.716049194335937500e+00 6.527415275573730469e+00 7.135211944580078125e+00 2.463660955429077148e+00 1.000000000000000000e+00 2.513510227203369141e+00 6.971070289611816406e+00 6.968641281127929688e+00 8.557979583740234375e+00 1.135073757171630859e+01 1.290322589874267578e+01 1.348617649078369141e+01 1.497006034851074219e+01 1.393728256225585938e+01 1.282051277160644531e+01 1.509434032440185547e+01 1.532567214965820312e+01 1.384082984924316406e+01 1.444043254852294922e+01 1.555209922790527344e+01 1.527883911132812500e+01 1.493651962280273438e+01 1.563721561431884766e+01 1.584785938262939453e+01 1.589825153350830078e+01 1.582278537750244141e+01 1.591089916229248047e+01 1.582278537750244141e+01 1.582278537750244141e+01 1.567397975921630859e+01 1.566170692443847656e+01 1.530221939086914062e+01 1.543209838867187500e+01 1.527883911132812500e+01 1.543209838867187500e+01 1.519756889343261719e+01 1.495886135101318359e+01 1.520912456512451172e+01 1.524390411376953125e+01 1.502629566192626953e+01 1.518602943420410156e+01 1.536098289489746094e+01 1.534919452667236328e+01 1.540832138061523438e+01 1.543209838867187500e+01 1.564945220947265625e+01 1.569858741760253906e+01 1.556420230865478516e+01 1.569858551025390625e+01 1.571091938018798828e+01 1.568627452850341797e+01 1.542019939422607422e+01 1.543210029602050781e+01 1.537279033660888672e+01 1.524390220642089844e+01 1.539645767211914062e+01 1.558846282958984375e+01 1.577287101745605469e+01 1.584786128997802734e+01 1.589825153350830078e+01 1.594896221160888672e+01 1.593625545501708984e+01 1.596169281005859375e+01 1.592356586456298828e+01 1.588562393188476562e+01 1.592356586456298828e+01 1.588562393188476562e+01 1.582278537750244141e+01 1.579778861999511719e+01 1.586042785644531250e+01 1.572326946258544922e+01 1.563721561431884766e+01 1.566170692443847656e+01 1.567398166656494141e+01 1.568627452850341797e+01 1.576044273376464844e+01 1.579778861999511719e+01 1.576044082641601562e+01 1.591089916229248047e+01 1.582278537750244141e+01 1.573564243316650391e+01 1.586042785644531250e+01 1.588562393188476562e+01 1.574803066253662109e+01 1.581027698516845703e+01 1.588562393188476562e+01 1.587301540374755859e+01 1.577287101745605469e+01 1.584786128997802734e+01 1.592356586456298828e+01 1.589824962615966797e+01 1.593625545501708984e+01 1.591089916229248047e+01 1.588562393188476562e+01 1.586042785644531250e+01 1.573564243316650391e+01 1.545594882965087891e+01 1.489203357696533203e+01 1.499250411987304688e+01 1.425516700744628906e+01 1.456664276123046875e+01 1.439884853363037109e+01 1.479290008544921875e+01 1.483679676055908203e+01 1.470588111877441406e+01 1.481481456756591797e+01 1.499250411987304688e+01 1.536098289489746094e+01 1.567398166656494141e+01 1.574803066253662109e+01 1.586042785644531250e+01 1.588562393188476562e+01 1.591089916229248047e+01 1.593625545501708984e+01 1.592356586456298828e+01 1.594896221160888672e+01 1.593625545501708984e+01 1.596169090270996094e+01 1.592356586456298828e+01 1.591089916229248047e+01 1.591089916229248047e+01 1.583531188964843750e+01 1.578531837463378906e+01 1.577287101745605469e+01 1.563721561431884766e+01 1.538461589813232422e+01 1.549186706542968750e+01 1.529051876068115234e+01 1.470588111877441406e+01 1.501501655578613281e+01 1.502629566192626953e+01 1.437814521789550781e+01 1.428571414947509766e+01 1.476014614105224609e+01 1.492537307739257812e+01 1.460920333862304688e+01 1.480384826660156250e+01
1.385041522979736328e+01 1.159420299530029297e+01 1.106806850433349609e+01 1.030396747589111328e+01 7.584375858306884766e+00 6.289307594299316406e+00 6.939624786376953125e+00 2.513510227203369141e+00 1.000000000000000000e+00 2.522068262100219727e+00 7.072135448455810547e+00 6.779660701751708984e+00 8.818342208862304688e+00 1.138303852081298828e+01 1.175778961181640625e+01 1.359619331359863281e+01 1.219512176513671875e+01 1.029336071014404297e+01 1.338688087463378906e+01 1.437814521789550781e+01 1.265022087097167969e+01 1.284521484375000000e+01 1.489203357696533203e+01 1.503759384155273438e+01 1.471670436859130859e+01 1.538461589813232422e+01 1.581027507781982422e+01 1.587301540374755859e+01 1.572326946258544922e+01 1.581027698516845703e+01 1.555209922790527344e+01 1.547987651824951172e+01 1.503759384155273438e+01 1.504890918731689453e+01 1.453488349914550781e+01 1.481481552124023438e+01 1.463057708740234375e+01 1.514004707336425781e+01 1.489203357696533203e+01 1.437814521789550781e+01 1.480384826660156250e+01 1.476014804840087891e+01 1.420454597473144531e+01 1.451378726959228516e+01 1.483679485321044922e+01 1.491424465179443359e+01 1.512859249114990234e+01 1.524390220642089844e+01 1.556420230865478516e+01 1.564945220947265625e+01 1.538461589813232422e+01 1.563721561431884766e+01 1.560062503814697266e+01 1.560062503814697266e+01 1.520912456512451172e+01 1.491424274444580078e+01 1.490312862396240234e+01 1.452432918548583984e+01 1.461988353729248047e+01 1.510573959350585938e+01 1.551590442657470703e+01 1.576044273376464844e+01 1.579778861999511719e+01 1.592356586456298828e+01 1.589824962615966797e+01 1.592356586456298828e+01 1.589824962615966797e+01 1.579778861999511719e+01 1.587301731109619141e+01 1.583531188964843750e+01 1.563721561431884766e+01 1.567398166656494141e+01 1.576044082641601562e+01 1.552794933319091797e+01 1.532567214965820312e+01 1.549186706542968750e+01 1.549186706542968750e+01 1.549186706542968750e+01 1.558846282958984375e+01 1.560062503814697266e+01 1.561280155181884766e+01 1.583531188964843750e+01 1.569858551025390625e+01 1.546790409088134766e+01 1.574803066253662109e+01 1.578531837463378906e+01 1.549186706542968750e+01 1.557632446289062500e+01 1.578531932830810547e+01 1.574803066253662109e+01 1.555209922790527344e+01 1.569858551025390625e+01 1.586042785644531250e+01 1.581027507781982422e+01 1.591089916229248047e+01 1.587301731109619141e+01 1.579778861999511719e+01 1.571091938018798828e+01 1.539645767211914062e+01 1.489203357696533203e+01 1.402524566650390625e+01 1.415428256988525391e+01 1.328903675079345703e+01 1.395673465728759766e+01 1.404494380950927734e+01 1.458789253234863281e+01 1.439884662628173828e+01 1.364256381988525391e+01 1.384082984924316406e+01 1.384082984924316406e+01 1.428571414947509766e+01 1.500374984741210938e+01 1.525553035736083984e+01 1.568627452850341797e+01 1.579778861999511719e+01 1.586042785644531250e+01 1.589825153350830078e+01 1.586042785644531250e+01 1.592356777191162109e+01 1.589825153350830078e+01 1.593625545501708984e+01 1.588562393188476562e+01 1.583531188964843750e+01 1.586042785644531250e+01 1.577287101745605469e+01 1.556420230865478516e+01 1.560062503814697266e+01 1.544401550292968750e+01 1.493651962280273438e+01 1.492537307739257812e+01 1.477104949951171875e+01 1.367053985595703125e+01 1.392757606506347656e+01 1.420454597473144531e+01 1.321877098083496094e+01 1.304631519317626953e+01 1.386962604522705078e+01 1.433691883087158203e+01 1.393728256225585938e+01 1.417434597015380859e+01
1.476014614105224609e+01 1.302083301544189453e+01 1.194743156433105469e+01 1.156069278717041016e+01 1.046025085449218750e+01 7.766990661621093750e+00 6.578947544097900391e+00 6.971070289611816406e+00 2.522068262100219727e+00 1.000000000000000000e+00 2.520796298980712891e+00 7.089684009552001953e+00 7.243752956390380859e+00 9.407338142395019531e+00 1.139601135253906250e+01 1.314060497283935547e+01 1.123595523834228516e+01 1.057082462310791016e+01 1.416430568695068359e+01 1.478196525573730469e+01 1.313197612762451172e+01 1.421464157104492188e+01 1.560062503814697266e+01 1.556420230865478516e+01 1.540832138061523438e+01 1.581027698516845703e+01 1.591089916229248047e+01 1.594896221160888672e+01 1.591089916229248047e+01 1.589825153350830078e+01 1.582278537750244141e+01 1.581027698516845703e+01 1.557632446289062500e+01 1.560062503814697266e+01 1.520912456512451172e+01 1.540831947326660156e+01 1.522070121765136719e+01 1.546790409088134766e+01 1.531393527984619141e+01 1.498127269744873047e+01 1.531393527984619141e+01 1.537278842926025391e+01 1.510573959350585938e+01 1.526717376708984375e+01 1.545595073699951172e+01 1.547987461090087891e+01 1.560062503814697266e+01 1.561280155181884766e+01 1.577287101745605469e+01 1.579778861999511719e+01 1.571091938018798828e+01 1.581027507781982422e+01 1.576044273376464844e+01 1.576044082641601562e+01 1.558846473693847656e+01 1.547987461090087891e+01 1.533742332458496094e+01 1.512859249114990234e+01 1.523229217529296875e+01 1.552794933319091797e+01 1.574803066253662109e+01 1.586042785644531250e+01 1.589825153350830078e+01 1.594896221160888672e+01 1.593625545501708984e+01 1.593625545501708984e+01 1.593625545501708984e+01 1.588562393188476562e+01 1.592356586456298828e+01 1.592356586456298828e+01 1.586042785644531250e+01 1.582278537750244141e+01 1.586042785644531250e+01 1.579778861999511719e+01 1.568627452850341797e+01 1.572326946258544922e+01 1.571091938018798828e+01 1.571091938018798828e+01 1.577287101745605469e+01 1.582278537750244141e+01 1.582278537750244141e+01 1.593625545501708984e+01 1.583531188964843750e+01 1.577287101745605469e+01 1.588562393188476562e+01 1.588562393188476562e+01 1.574803066253662109e+01 1.579778861999511719e+01 1.589825153350830078e+01 1.586042785644531250e+01 1.572326946258544922e+01 1.583531188964843750e+01 1.591089916229248047e+01 1.589824962615966797e+01 1.593625545501708984e+01 1.593625545501708984e+01 1.589824962615966797e+01 1.584785938262939453e+01 1.571091938018798828e+01 1.543209838867187500e+01 1.479290008544921875e+01 1.498127365112304688e+01 1.418439674377441406e+01 1.465201473236083984e+01 1.454545402526855469e+01 1.486988925933837891e+01 1.481481456756591797e+01 1.452432918548583984e+01 1.461988353729248047e+01 1.483679676055908203e+01 1.520912456512451172e+01 1.560062503814697266e+01 1.569858551025390625e+01 1.586042785644531250e+01 1.587301540374755859e+01 1.593625545501708984e+01 1.594896221160888672e+01 1.591089916229248047e+01 1.593625545501708984e+01 1.592356586456298828e+01 1.596169090270996094e+01 1.593625545501708984e+01 1.589825153350830078e+01 1.589825153350830078e+01 1.584786128997802734e+01 1.577287101745605469e+01 1.574803066253662109e+01 1.564945220947265625e+01 1.532567024230957031e+01 1.540832138061523438e+01 1.529051876068115234e+01 1.452432918548583984e+01 1.470588111877441406e+01 1.491424465179443359e+01 1.418439674377441406e+01 1.403508758544921875e+01 1.454545402526855469e+01 1.478196525573730469e+01 1.434720134735107422e+01 1.453488349914550781e+01
1.537278842926025391e+01 1.444043254852294922e+01 1.363326549530029297e+01 1.231527042388916016e+01 1.165501213073730469e+01 1.041124439239501953e+01 8.103727340698242188e+00 6.968641281127929688e+00 7.072135448455810547e+00 2.520796298980712891e+00 1.000000000000000000e+00 2.491901159286499023e+00 7.173600673675537109e+00 8.156606674194335938e+00 9.866798400878906250e+00 1.204093933105468750e+01 9.751340866088867188e+00 9.037505149841308594e+00 1.291989707946777344e+01 1.370801830291748047e+01 1.193317413330078125e+01 1.359619331359863281e+01 1.526717376708984375e+01 1.520912456512451172e+01 1.522070121765136719e+01 1.581027698516845703e+01 1.592356777191162109e+01 1.597444057464599609e+01 1.591089916229248047e+01 1.591089916229248047e+01 1.577287101745605469e+01 1.577287101745605469e+01 1.546790409088134766e+01 1.554001712799072266e+01 1.511715793609619141e+01 1.534919452667236328e+01 1.515151500701904297e+01 1.543209838867187500e+01 1.529051876068115234e+01 1.497006034851074219e+01 1.531393527984619141e+01 1.539645767211914062e+01 1.519756889343261719e+01 1.537279033660888672e+01 1.551590442657470703e+01 1.556420230865478516e+01 1.567397975921630859e+01 1.567398166656494141e+01 1.579778861999511719e+01 1.583531188964843750e+01 1.576044273376464844e+01 1.582278537750244141e+01 1.581027507781982422e+01 1.579778861999511719e+01 1.567398166656494141e+01 1.556420040130615234e+01 1.544401550292968750e+01 1.525553035736083984e+01 1.526717567443847656e+01 1.556420230865478516e+01 1.574803066253662109e+01 1.587301731109619141e+01 1.588562393188476562e+01 1.594896221160888672e+01 1.592356586456298828e+01 1.596169281005859375e+01 1.594896221160888672e+01 1.591089916229248047e+01 1.593625545501708984e+01 1.592356586456298828e+01 1.586042785644531250e+01 1.582278537750244141e+01 1.587301540374755859e+01 1.579778861999511719e+01 1.569858551025390625e+01 1.571091938018798828e+01 1.568627452850341797e+01 1.571091938018798828e+01 1.578531932830810547e+01 1.582278537750244141e+01 1.581027698516845703e+01 1.593625545501708984e+01 1.586042785644531250e+01 1.579778861999511719e+01 1.589824962615966797e+01 1.591089916229248047e+01 1.577287101745605469e+01 1.582278537750244141e+01 1.592356586456298828e+01 1.587301540374755859e+01 1.571091938018798828e+01 1.582278537750244141e+01 1.593625545501708984e+01 1.589825153350830078e+01 1.594896221160888672e+01 1.592356586456298828e+01 1.588562393188476562e+01 1.583531188964843750e+01 1.571091938018798828e+01 1.544401550292968750e+01 1.471670436859130859e+01 1.495886325836181641e+01 1.417434597015380859e+01 1.459854030609130859e+01 1.446131610870361328e+01 1.478196620941162109e+01 1.468428707122802734e+01 1.439884853363037109e+01 1.452432918548583984e+01 1.471670246124267578e+01 1.509434032440185547e+01 1.551590442657470703e+01 1.562500095367431641e+01 1.583531188964843750e+01 1.587301540374755859e+01 1.591089916229248047e+01 1.594896221160888672e+01 1.591089916229248047e+01 1.594896221160888672e+01 1.593625545501708984e+01 1.596169090270996094e+01 1.592356586456298828e+01 1.589825153350830078e+01 1.589825153350830078e+01 1.584786128997802734e+01 1.576044082641601562e+01 1.574803066253662109e+01 1.566170692443847656e+01 1.519756889343261719e+01 1.525553035736083984e+01 1.525553035736083984e+01 1.439884853363037109e+01 1.440922260284423828e+01 1.467351436614990234e+01 1.399580192565917969e+01 1.379310417175292969e+01 1.428571414947509766e+01 1.459854030609130859e+01 1.409443283081054688e+01 1.425516700744628906e+01
