1.000000000000000000e+00 2.529404163360595703e+00 6.795786380767822266e+00 6.706907749176025391e+00 6.745361804962158203e+00 8.631851196289062500e+00 1.040041637420654297e+01 1.106806850433349609e+01 1.205545520782470703e+01 1.419446563720703125e+01 1.525553035736083984e+01 1.564945220947265625e+01 1.584786128997802734e+01 1.594896221160888672e+01 1.600000000000000000e+01 1.598721027374267578e+01 1.601280975341796875e+01 1.601280975341796875e+01 1.602564048767089844e+01 1.602564048767089844e+01 1.601280975341796875e+01 1.600000000000000000e+01 1.597444057464599609e+01 1.583531188964843750e+01 1.573564052581787109e+01 1.438848972320556641e+01 1.470588111877441406e+01 1.233045578002929688e+01 1.370801925659179688e+01 1.376462459564208984e+01 1.425516700744628906e+01 1.393728256225585938e+01 1.301236248016357422e+01 1.438848972320556641e+01 1.408450698852539062e+01 1.547987461090087891e+01 1.564945220947265625e+01 1.591089916229248047e+01 1.594896221160888672e+01 1.586042785644531250e+01 1.591089916229248047e+01 1.567398166656494141e+01 1.588562393188476562e+01 1.589824962615966797e+01 1.568627452850341797e+01 1.581027507781982422e+01 1.592356586456298828e+01 1.569858551025390625e+01 1.560062503814697266e+01 1.582278537750244141e+01 1.554001522064208984e+01 1.516300296783447266e+01 1.543209838867187500e+01 1.562500095367431641e+01 1.516300296783447266e+01 1.524390220642089844e+01 1.572326946258544922e+01 1.582278537750244141e+01 1.573564243316650391e+01 1.576044082641601562e+01 1.566170692443847656e+01 1.564945411682128906e+01 1.567398166656494141e+01 1.550387477874755859e+01 1.581027698516845703e+01 1.576044082641601562e+01 1.589825153350830078e+01 1.587301540374755859e+01 1.592356777191162109e+01 1.592356586456298828e+01 1.592356586456298828e+01 1.592356586456298828e+01 1.592356586456298828e+01 1.589824962615966797e+01 1.587301731109619141e+01 1.584786128997802734e+01 1.558846473693847656e+01 1.569858551025390625e+01 1.569858551025390625e+01 1.563721561431884766e+01
2.529404163360595703e+00 1.000000000000000000e+00 2.443494081497192383e+00 6.572461128234863281e+00 5.406867027282714844e+00 6.457862377166748047e+00 9.358914375305175781e+00 1.038961029052734375e+01 1.052077865600585938e+01 1.282873630523681641e+01 1.479290008544921875e+01 1.544401550292968750e+01 1.596169281005859375e+01 1.600000000000000000e+01 1.602564239501953125e+01 1.603849220275878906e+01 1.605136489868164062e+01 1.605136489868164062e+01 1.605136489868164062e+01 1.605136489868164062e+01 1.605136489868164062e+01 1.603849220275878906e+01 1.601280975341796875e+01 1.592356586456298828e+01 1.591089916229248047e+01 1.448225975036621094e+01 1.517450714111328125e+01 1.262626266479492188e+01 1.436781597137451172e+01 1.440922260284423828e+01 1.476014804840087891e+01 1.437814521789550781e+01 1.323626804351806641e+01 1.477104949951171875e+01 1.415428256988525391e+01 1.564945220947265625e+01 1.573564243316650391e+01 1.592356777191162109e+01 1.598721027374267578e+01 1.592356586456298828e+01 1.594896221160888672e+01 1.568627452850341797e+01 1.589825153350830078e+01 1.593625545501708984e+01 1.572326946258544922e+01 1.579778861999511719e+01 1.596169090270996094e+01 1.577287101745605469e+01 1.566170692443847656e+01 1.591089916229248047e+01 1.562500095367431641e+01 1.529051876068115234e+01 1.561280155181884766e+01 1.579778861999511719e+01 1.537279033660888672e+01 1.544401550292968750e+01 1.583531188964843750e+01 1.588562393188476562e+01 1.581027698516845703e+01 1.583531188964843750e+01 1.577287101745605469e+01 1.576044082641601562e+01 1.578531932830810547e+01 1.558846282958984375e+01 1.586042785644531250e+01 1.581027698516845703e+01 1.594896221160888672e+01 1.593625545501708984e+01 1.597444057464599609e+01 1.597444057464599609e+01 1.597444057464599609e+01 1.596169090270996094e+01 1.596169090270996094e+01 1.593625545501708984e+01 1.589825153350830078e+01 1.588562393188476562e+01 1.563721561431884766e+01 1.577287101745605469e+01 1.581027507781982422e+01 1.579778861999511719e+01
6.795786380767822266e+00 2.443494081497192383e+00 1.000000000000000000e+00 2.468526363372802734e+00 7.099750995635986328e+00 5.709391593933105469e+00 6.491399288177490234e+00 9.666505813598632812e+00 1.075268840789794922e+01 1.094690704345703125e+01 1.287830066680908203e+01 1.501501655578613281e+01 1.574803066253662109e+01 1.605136489868164062e+01 1.605136489868164062e+01 1.601280975341796875e+01 1.602564239501953125e+01 1.601280975341796875e+01 1.602564239501953125e+01 1.603849220275878906e+01 1.605136489868164062e+01 1.603849220275878906e+01 1.603849220275878906e+01 1.577287101745605469e+01 1.584786128997802734e+01 1.391788387298583984e+01 1.495886325836181641e+01 1.204819297790527344e+01 1.399580192565917969e+01 1.395673465728759766e+01 1.438848972320556641e+01 1.378359794616699219e+01 1.211386966705322266e+01 1.391788387298583984e+01 1.299545192718505859e+01 1.536098289489746094e+01 1.551590442657470703e+01 1.593625545501708984e+01 1.600000000000000000e+01 1.593625545501708984e+01 1.602564239501953125e+01 1.583531188964843750e+01 1.598721027374267578e+01 1.597444057464599609e+01 1.581027507781982422e+01 1.592356777191162109e+01 1.598721027374267578e+01 1.577287101745605469e+01 1.576044082641601562e+01 1.597444057464599609e+01 1.555209922790527344e+01 1.531393527984619141e+01 1.576044273376464844e+01 1.591089916229248047e+01 1.545595073699951172e+01 1.554001712799072266e+01 1.589824962615966797e+01 1.591089916229248047e+01 1.583531188964843750e+01 1.586042785644531250e+01 1.577287101745605469e+01 1.572326946258544922e+01 1.572326946258544922e+01 1.538461589813232422e+01 1.579778861999511719e+01 1.563721561431884766e+01 1.589824962615966797e+01 1.583531188964843750e+01 1.592356586456298828e+01 1.596169281005859375e+01 1.594896221160888672e+01 1.596169090270996094e+01 1.593625545501708984e+01 1.592356777191162109e+01 1.584786128997802734e+01 1.587301540374755859e+01 1.550387477874755859e+01 1.573564052581787109e+01 1.574803066253662109e+01 1.573564243316650391e+01
6.706907749176025391e+00 6.572461128234863281e+00 2.468526363372802734e+00 1.000000000000000000e+00 2.457002401351928711e+00 7.099750995635986328e+00 5.524862289428710938e+00 6.170934677124023438e+00 9.596928596496582031e+00 1.080496978759765625e+01 1.061007976531982422e+01 1.250000000000000000e+01 1.507159042358398438e+01 1.571091938018798828e+01 1.594896221160888672e+01 1.597444057464599609e+01 1.603849220275878906e+01 1.600000000000000000e+01 1.600000000000000000e+01 1.598721027374267578e+01 1.601280975341796875e+01 1.584786128997802734e+01 1.577287101745605469e+01 1.384082984924316406e+01 1.415428256988525391e+01 9.847366333007812500e+00 1.170960140228271484e+01 8.254230499267578125e+00 1.137656497955322266e+01 1.198322296142578125e+01 1.291155624389648438e+01 1.178550434112548828e+01 9.302325248718261719e+00 1.123595523834228516e+01 9.212345123291015625e+00 1.344085979461669922e+01 1.370801830291748047e+01 1.552794933319091797e+01 1.582278537750244141e+01 1.540832138061523438e+01 1.587301540374755859e+01 1.562499904632568359e+01 1.588562393188476562e+01 1.576044273376464844e+01 1.506023979187011719e+01 1.561280155181884766e+01 1.574803066253662109e+01 1.470588111877441406e+01 1.464128971099853516e+01 1.558846473693847656e+01 1.477104949951171875e+01 1.357773208618164062e+01 1.486988925933837891e+01 1.539645957946777344e+01 1.444043254852294922e+01 1.439884853363037109e+01 1.557632446289062500e+01 1.574803066253662109e+01 1.561280155181884766e+01 1.572326946258544922e+01 1.538461589813232422e+01 1.536098289489746094e+01 1.515151500701904297e+01 1.389853954315185547e+01 1.502629566192626953e+01 1.417434406280517578e+01 1.534919452667236328e+01 1.500374984741210938e+01 1.557632446289062500e+01 1.577287101745605469e+01 1.578531932830810547e+01 1.579778861999511719e+01 1.578531932830810547e+01 1.564945220947265625e+01 1.512859249114990234e+01 1.539645767211914062e+01 1.434720134735107422e+01 1.517450714111328125e+01 1.529052066802978516e+01 1.549186706542968750e+01
6.745361804962158203e+00 5.406867027282714844e+00 7.099750995635986328e+00 2.457002401351928711e+00 1.000000000000000000e+00 2.478007793426513672e+00 7.084661960601806641e+00 5.489980697631835938e+00 6.226649761199951172e+00 9.713453292846679688e+00 1.071237277984619141e+01 1.057641506195068359e+01 1.284521484375000000e+01 1.517450714111328125e+01 1.563721561431884766e+01 1.598721027374267578e+01 1.605136489868164062e+01 1.601280975341796875e+01 1.601280975341796875e+01 1.600000000000000000e+01 1.600000000000000000e+01 1.567398166656494141e+01 1.557632446289062500e+01 1.330671977996826172e+01 1.432664680480957031e+01 1.057641506195068359e+01 1.330671977996826172e+01 1.070090961456298828e+01 1.383125782012939453e+01 1.424501514434814453e+01 1.482579612731933594e+01 1.399580097198486328e+01 1.182033061981201172e+01 1.333333301544189453e+01 1.103143978118896484e+01 1.456664276123046875e+01 1.441961002349853516e+01 1.581027698516845703e+01 1.593625545501708984e+01 1.562500095367431641e+01 1.587301540374755859e+01 1.551590442657470703e+01 1.584786128997802734e+01 1.574803066253662109e+01 1.502629566192626953e+01 1.547987651824951172e+01 1.578531932830810547e+01 1.493651962280273438e+01 1.464128780364990234e+01 1.557632446289062500e+01 1.530221939086914062e+01 1.412429428100585938e+01 1.509434032440185547e+01 1.571091938018798828e+01 1.517450714111328125e+01 1.506023979187011719e+01 1.582278537750244141e+01 1.589825153350830078e+01 1.581027698516845703e+01 1.587301540374755859e+01 1.567398166656494141e+01 1.569858551025390625e+01 1.564945220947265625e+01 1.481481456756591797e+01 1.557632446289062500e+01 1.473839473724365234e+01 1.563721561431884766e+01 1.527883911132812500e+01 1.577287101745605469e+01 1.584786128997802734e+01 1.587301540374755859e+01 1.587301540374755859e+01 1.584785938262939453e+01 1.577287101745605469e+01 1.540832138061523438e+01 1.564945220947265625e+01 1.482579612731933594e+01 1.552794933319091797e+01 1.562500095367431641e+01 1.572326946258544922e+01
8.631851196289062500e+00 6.457862377166748047e+00 5.709391593933105469e+00 7.099750995635986328e+00 2.478007793426513672e+00 1.000000000000000000e+00 2.457606315612792969e+00 7.189072608947753906e+00 5.603810787200927734e+00 6.424671173095703125e+00 9.756096839904785156e+00 1.087547588348388672e+01 1.092896175384521484e+01 1.303780937194824219e+01 1.517450714111328125e+01 1.577287101745605469e+01 1.609010505676269531e+01 1.605136489868164062e+01 1.602564239501953125e+01 1.601280975341796875e+01 1.603849220275878906e+01 1.592356586456298828e+01 1.600000000000000000e+01 1.477104949951171875e+01 1.579778861999511719e+01 1.328021240234375000e+01 1.551590442657470703e+01 1.347708797454833984e+01 1.542019939422607422e+01 1.540832138061523438e+01 1.564945220947265625e+01 1.527883911132812500e+01 1.378359794616699219e+01 1.500374984741210938e+01 1.297016811370849609e+01 1.562500095367431641e+01 1.532567214965820312e+01 1.601280975341796875e+01 1.603849220275878906e+01 1.598721027374267578e+01 1.602564239501953125e+01 1.589825153350830078e+01 1.602564239501953125e+01 1.605136489868164062e+01 1.573564243316650391e+01 1.588562393188476562e+01 1.600000000000000000e+01 1.560062503814697266e+01 1.555209922790527344e+01 1.596169281005859375e+01 1.583531188964843750e+01 1.539645767211914062e+01 1.582278537750244141e+01 1.601280975341796875e+01 1.572326946258544922e+01 1.572326946258544922e+01 1.600000000000000000e+01 1.601280975341796875e+01 1.597444057464599609e+01 1.600000000000000000e+01 1.592356777191162109e+01 1.594896221160888672e+01 1.592356586456298828e+01 1.557632446289062500e+01 1.591089916229248047e+01 1.552794933319091797e+01 1.592356777191162109e+01 1.569858551025390625e+01 1.592356586456298828e+01 1.594896221160888672e+01 1.596169090270996094e+01 1.594896221160888672e+01 1.596169281005859375e+01 1.592356586456298828e+01 1.581027507781982422e+01 1.592356586456298828e+01 1.554001522064208984e+01 1.584785938262939453e+01 1.584786128997802734e+01 1.584786128997802734e+01
1.040041637420654297e+01 9.358914375305175781e+00 6.491399288177490234e+00 5.524862289428710938e+00 7.084661960601806641e+00 2.457606315612792969e+00 1.000000000000000000e+00 2.458210229873657227e+00 7.064641475677490234e+00 5.605381488800048828e+00 6.305170059204101562e+00 9.666505813598632812e+00 1.092896175384521484e+01 1.097092723846435547e+01 1.278772449493408203e+01 1.504890918731689453e+01 1.584786128997802734e+01 1.605136489868164062e+01 1.597444057464599609e+01 1.592356586456298828e+01 1.601280975341796875e+01 1.518602752685546875e+01 1.567398166656494141e+01 1.295336818695068359e+01 1.461988353729248047e+01 1.071811389923095703e+01 1.357773208618164062e+01 1.134430027008056641e+01 1.410437202453613281e+01 1.449275207519531250e+01 1.494768333435058594e+01 1.402524566650390625e+01 1.162115001678466797e+01 1.274697208404541016e+01 9.871667861938476562e+00 1.394700145721435547e+01 1.343183326721191406e+01 1.562499904632568359e+01 1.591089916229248047e+01 1.560062503814697266e+01 1.598721027374267578e+01 1.588562393188476562e+01 1.600000000000000000e+01 1.578531932830810547e+01 1.526717567443847656e+01 1.583531188964843750e+01 1.568627452850341797e+01 1.439884853363037109e+01 1.483679485321044922e+01 1.572326946258544922e+01 1.489203357696533203e+01 1.391788387298583984e+01 1.538461589813232422e+01 1.572326946258544922e+01 1.474926280975341797e+01 1.501501655578613281e+01 1.582278537750244141e+01 1.589824962615966797e+01 1.573564052581787109e+01 1.587301540374755859e+01 1.564945220947265625e+01 1.567398166656494141e+01 1.550387477874755859e+01 1.449275398254394531e+01 1.539645767211914062e+01 1.421463966369628906e+01 1.549186706542968750e+01 1.479290008544921875e+01 1.556420230865478516e+01 1.574803066253662109e+01 1.578531932830810547e+01 1.582278537750244141e+01 1.579778861999511719e+01 1.578531932830810547e+01 1.519756889343261719e+01 1.563721561431884766e+01 1.470588111877441406e+01 1.550387477874755859e+01 1.560062503814697266e+01 1.564945220947265625e+01
1.106806850433349609e+01 1.038961029052734375e+01 9.666505813598632812e+00 6.170934677124023438e+00 5.489980697631835938e+00 7.189072608947753906e+00 2.458210229873657227e+00 1.000000000000000000e+00 2.460932493209838867e+00 7.109847068786621094e+00 5.464480876922607422e+00 6.140620708465576172e+00 9.741841316223144531e+00 1.090512466430664062e+01 1.055966186523437500e+01 1.257071018218994141e+01 1.524390220642089844e+01 1.582278537750244141e+01 1.597444057464599609e+01 1.519756889343261719e+01 1.556420230865478516e+01 1.220256233215332031e+01 1.300390148162841797e+01 8.639308929443359375e+00 1.110494232177734375e+01 7.199423313140869141e+00 1.133144569396972656e+01 9.995001792907714844e+00 1.376462459564208984e+01 1.461988353729248047e+01 1.512859249114990234e+01 1.388888931274414062e+01 1.106806850433349609e+01 1.147446918487548828e+01 7.363770008087158203e+00 1.156069374084472656e+01 1.018848705291748047e+01 1.425516700744628906e+01 1.518602943420410156e+01 1.422475147247314453e+01 1.576044082641601562e+01 1.545595073699951172e+01 1.582278537750244141e+01 1.514004516601562500e+01 1.340482616424560547e+01 1.498127269744873047e+01 1.519756889343261719e+01 1.252348136901855469e+01 1.274697399139404297e+01 1.494768333435058594e+01 1.431639289855957031e+01 1.223990249633789062e+01 1.454545593261718750e+01 1.550387477874755859e+01 1.468428802490234375e+01 1.456664276123046875e+01 1.581027698516845703e+01 1.593625545501708984e+01 1.586042785644531250e+01 1.592356586456298828e+01 1.567398166656494141e+01 1.576044082641601562e+01 1.550387477874755859e+01 1.368925380706787109e+01 1.468428802490234375e+01 1.212121295928955078e+01 1.423487567901611328e+01 1.306335735321044922e+01 1.489203357696533203e+01 1.545595073699951172e+01 1.562500095367431641e+01 1.552794933319091797e+01 1.532567024230957031e+01 1.511715888977050781e+01 1.362397861480712891e+01 1.495886325836181641e+01 1.355932140350341797e+01 1.526717376708984375e+01 1.558846473693847656e+01 1.571091938018798828e+01
1.205545520782470703e+01 1.052077865600585938e+01 1.075268840789794922e+01 9.596928596496582031e+00 6.226649761199951172e+00 5.603810787200927734e+00 7.064641475677490234e+00 2.460932493209838867e+00 1.000000000000000000e+00 2.454891443252563477e+00 7.114905834197998047e+00 5.561735153198242188e+00 6.367398262023925781e+00 9.737098693847656250e+00 1.078167152404785156e+01 1.069518661499023438e+01 1.293661117553710938e+01 1.527883911132812500e+01 1.582278537750244141e+01 1.511715888977050781e+01 1.569858551025390625e+01 1.299545192718505859e+01 1.465201473236083984e+01 1.131861972808837891e+01 1.448225975036621094e+01 1.151410484313964844e+01 1.508295536041259766e+01 1.395673465728759766e+01 1.569858551025390625e+01 1.579778861999511719e+01 1.586042785644531250e+01 1.545595073699951172e+01 1.424501514434814453e+01 1.467351436614990234e+01 1.148765087127685547e+01 1.458789253234863281e+01 1.290322589874267578e+01 1.552794933319091797e+01 1.567398166656494141e+01 1.519756889343261719e+01 1.588562393188476562e+01 1.562500095367431641e+01 1.593625545501708984e+01 1.573564243316650391e+01 1.457726001739501953e+01 1.542019939422607422e+01 1.586042785644531250e+01 1.461988258361816406e+01 1.456664276123046875e+01 1.572326946258544922e+01 1.567398166656494141e+01 1.467351436614990234e+01 1.568627452850341797e+01 1.600000000000000000e+01 1.576044082641601562e+01 1.576044273376464844e+01 1.598721027374267578e+01 1.601280975341796875e+01 1.601280975341796875e+01 1.601280975341796875e+01 1.594896221160888672e+01 1.598721027374267578e+01 1.596169090270996094e+01 1.544401550292968750e+01 1.584786128997802734e+01 1.476014804840087891e+01 1.569858551025390625e+01 1.483679485321044922e+01 1.568627452850341797e+01 1.578531837463378906e+01 1.586042785644531250e+01 1.581027507781982422e+01 1.573564243316650391e+01 1.571091938018798828e+01 1.526717567443847656e+01 1.579778861999511719e+01 1.527883911132812500e+01 1.581027698516845703e+01 1.588562393188476562e+01 1.586042785644531250e+01
1.419446563720703125e+01 1.282873630523681641e+01 1.094690704345703125e+01 1.080496978759765625e+01 9.713453292846679688e+00 6.424671173095703125e+00 5.605381488800048828e+00 7.109847068786621094e+00 2.454891443252563477e+00 1.000000000000000000e+00 2.460932731628417969e+00 7.153076171875000000e+00 5.660912036895751953e+00 6.443298816680908203e+00 9.727626800537109375e+00 1.089918327331542969e+01 1.103752803802490234e+01 1.304631519317626953e+01 1.533742332458496094e+01 1.465201473236083984e+01 1.588562393188476562e+01 1.363326549530029297e+01 1.558846473693847656e+01 1.304631423950195312e+01 1.567398166656494141e+01 1.318391609191894531e+01 1.573564052581787109e+01 1.499250411987304688e+01 1.592356586456298828e+01 1.591089916229248047e+01 1.594896221160888672e+01 1.581027507781982422e+01 1.506024074554443359e+01 1.540832138061523438e+01 1.283697032928466797e+01 1.545595073699951172e+01 1.376462459564208984e+01 1.584786128997802734e+01 1.591089916229248047e+01 1.550387477874755859e+01 1.601280975341796875e+01 1.593625545501708984e+01 1.600000000000000000e+01 1.584786128997802734e+01 1.525553035736083984e+01 1.589825153350830078e+01 1.594896221160888672e+01 1.495886325836181641e+01 1.537279033660888672e+01 1.600000000000000000e+01 1.560062503814697266e+01 1.500374984741210938e+01 1.592356586456298828e+01 1.597444057464599609e+01 1.557632446289062500e+01 1.578531932830810547e+01 1.602564239501953125e+01 1.597444057464599609e+01 1.594896221160888672e+01 1.598721027374267578e+01 1.594896221160888672e+01 1.600000000000000000e+01 1.598721027374267578e+01 1.569858551025390625e+01 1.597444057464599609e+01 1.524390220642089844e+01 1.587301540374755859e+01 1.514004516601562500e+01 1.579778861999511719e+01 1.588562393188476562e+01 1.592356586456298828e+01 1.591089916229248047e+01 1.588562393188476562e+01 1.589825153350830078e+01 1.560062503814697266e+01 1.592356777191162109e+01 1.558846473693847656e+01 1.589825153350830078e+01 1.593625545501708984e+01 1.588562393188476562e+01
1.525553035736083984e+01 1.479290008544921875e+01 1.287830066680908203e+01 1.061007976531982422e+01 1.071237277984619141e+01 9.756096839904785156e+00 6.305170059204101562e+00 5.464480876922607422e+00 7.114905834197998047e+00 2.460932731628417969e+00 1.000000000000000000e+00 2.442598819732666016e+00 7.137758731842041016e+00 5.662513732910156250e+00 6.095702171325683594e+00 9.615384101867675781e+00 1.101321601867675781e+01 1.109262371063232422e+01 1.300390148162841797e+01 1.162790775299072266e+01 1.371742153167724609e+01 9.647852897644042969e+00 1.230769252777099609e+01 8.968609809875488281e+00 1.252348136901855469e+01 9.900990486145019531e+00 1.391788387298583984e+01 1.364256381988525391e+01 1.552794933319091797e+01 1.573564243316650391e+01 1.584786128997802734e+01 1.543209838867187500e+01 1.400560188293457031e+01 1.367054080963134766e+01 9.671179771423339844e+00 1.265022087097167969e+01 9.727626800537109375e+00 1.390820503234863281e+01 1.451378726959228516e+01 1.299545192718505859e+01 1.547987461090087891e+01 1.542019939422607422e+01 1.579778861999511719e+01 1.434720134735107422e+01 1.287830066680908203e+01 1.510573959350585938e+01 1.499250411987304688e+01 1.204819202423095703e+01 1.344989967346191406e+01 1.520912456512451172e+01 1.413427639007568359e+01 1.269035530090332031e+01 1.506024074554443359e+01 1.550387477874755859e+01 1.474926280975341797e+01 1.509434032440185547e+01 1.583531188964843750e+01 1.587301540374755859e+01 1.582278537750244141e+01 1.591089916229248047e+01 1.577287101745605469e+01 1.587301540374755859e+01 1.577287101745605469e+01 1.460920333862304688e+01 1.522069931030273438e+01 1.277139186859130859e+01 1.456664276123046875e+01 1.305483055114746094e+01 1.483679485321044922e+01 1.539645767211914062e+01 1.558846282958984375e+01 1.546790409088134766e+01 1.536098289489746094e+01 1.533742332458496094e+01 1.401541709899902344e+01 1.536098289489746094e+01 1.437814521789550781e+01 1.560062503814697266e+01 1.578531932830810547e+01 1.581027507781982422e+01
1.564945220947265625e+01 1.544401550292968750e+01 1.501501655578613281e+01 1.250000000000000000e+01 1.057641506195068359e+01 1.087547588348388672e+01 9.666505813598632812e+00 6.140620708465576172e+00 5.561735153198242188e+00 7.153076171875000000e+00 2.442598819732666016e+00 1.000000000000000000e+00 2.469440460205078125e+00 7.112375736236572266e+00 5.425935745239257812e+00 6.118078708648681641e+00 9.765625000000000000e+00 1.104362201690673828e+01 1.142204475402832031e+01 9.737098693847656250e+00 1.126760482788085938e+01 7.155634880065917969e+00 1.008572864532470703e+01 7.347538948059082031e+00 1.189768028259277344e+01 1.052631568908691406e+01 1.472754001617431641e+01 1.479290008544921875e+01 1.589825153350830078e+01 1.594896221160888672e+01 1.597444057464599609e+01 1.579778861999511719e+01 1.508295726776123047e+01 1.450326347351074219e+01 1.062699317932128906e+01 1.243780994415283203e+01 8.602150917053222656e+00 1.243780994415283203e+01 1.250781631469726562e+01 1.091703033447265625e+01 1.450326347351074219e+01 1.428571414947509766e+01 1.539645767211914062e+01 1.364256381988525391e+01 1.133144569396972656e+01 1.430615234375000000e+01 1.495886325836181641e+01 1.204819202423095703e+01 1.295336818695068359e+01 1.534919452667236328e+01 1.499250411987304688e+01 1.350438880920410156e+01 1.537278842926025391e+01 1.593625545501708984e+01 1.558846473693847656e+01 1.564945220947265625e+01 1.601280975341796875e+01 1.602564239501953125e+01 1.598721027374267578e+01 1.600000000000000000e+01 1.596169090270996094e+01 1.601280975341796875e+01 1.597444057464599609e+01 1.518602752685546875e+01 1.550387477874755859e+01 1.309757614135742188e+01 1.455604076385498047e+01 1.273885345458984375e+01 1.465201473236083984e+01 1.520912456512451172e+01 1.546790409088134766e+01 1.531393527984619141e+01 1.514004516601562500e+01 1.511715793609619141e+01 1.384082984924316406e+01 1.539645767211914062e+01 1.453488349914550781e+01 1.567398166656494141e+01 1.589825153350830078e+01 1.584786128997802734e+01
1.584786128997802734e+01 1.596169281005859375e+01 1.574803066253662109e+01 1.507159042358398438e+01 1.284521484375000000e+01 1.092896175384521484e+01 1.092896175384521484e+01 9.741841316223144531e+00 6.367398262023925781e+00 5.660912036895751953e+00 7.137758731842041016e+00 2.469440460205078125e+00 1.000000000000000000e+00 2.457606315612792969e+00 7.220216274261474609e+00 5.665722846984863281e+00 6.418485164642333984e+00 9.718173027038574219e+00 1.144819736480712891e+01 1.091703033447265625e+01 1.362397861480712891e+01 1.095290279388427734e+01 1.448225975036621094e+01 1.235330486297607422e+01 1.569858741760253906e+01 1.480384826660156250e+01 1.601280975341796875e+01 1.594896221160888672e+01 1.601280975341796875e+01 1.601280975341796875e+01 1.601280975341796875e+01 1.601280975341796875e+01 1.594896221160888672e+01 1.594896221160888672e+01 1.454545593261718750e+01 1.563721561431884766e+01 1.308044338226318359e+01 1.538461589813232422e+01 1.489203357696533203e+01 1.421464157104492188e+01 1.572326946258544922e+01 1.539645767211914062e+01 1.602564239501953125e+01 1.560062503814697266e+01 1.455604076385498047e+01 1.569858741760253906e+01 1.602564239501953125e+01 1.486988925933837891e+01 1.537279033660888672e+01 1.600000000000000000e+01 1.583531188964843750e+01 1.556420230865478516e+01 1.602564239501953125e+01 1.603849220275878906e+01 1.586042785644531250e+01 1.597444057464599609e+01 1.605136489868164062e+01 1.603849220275878906e+01 1.602564239501953125e+01 1.603849220275878906e+01 1.602564239501953125e+01 1.602564239501953125e+01 1.603849220275878906e+01 1.598721027374267578e+01 1.601280975341796875e+01 1.556420230865478516e+01 1.593625545501708984e+01 1.508295536041259766e+01 1.577287101745605469e+01 1.577287101745605469e+01 1.584785938262939453e+01 1.586042785644531250e+01 1.582278537750244141e+01 1.589825153350830078e+01 1.560062503814697266e+01 1.591089916229248047e+01 1.571091938018798828e+01 1.594896221160888672e+01 1.598721027374267578e+01 1.592356586456298828e+01
1.594896221160888672e+01 1.600000000000000000e+01 1.605136489868164062e+01 1.571091938018798828e+01 1.517450714111328125e+01 1.303780937194824219e+01 1.097092723846435547e+01 1.090512466430664062e+01 9.737098693847656250e+00 6.443298816680908203e+00 5.662513732910156250e+00 7.112375736236572266e+00 2.457606315612792969e+00 1.000000000000000000e+00 2.461841583251953125e+00 7.130125045776367188e+00 5.829204082489013672e+00 6.487187385559082031e+00 9.847366333007812500e+00 9.564801216125488281e+00 1.305483055114746094e+01 1.065530109405517578e+01 1.445086669921875000e+01 1.281229972839355469e+01 1.574803066253662109e+01 1.507159042358398438e+01 1.600000000000000000e+01 1.598721027374267578e+01 1.601280975341796875e+01 1.602564239501953125e+01 1.602564239501953125e+01 1.601280975341796875e+01 1.596169090270996094e+01 1.591089916229248047e+01 1.477104949951171875e+01 1.554001712799072266e+01 1.293661117553710938e+01 1.520912456512451172e+01 1.445086860656738281e+01 1.348617744445800781e+01 1.543209838867187500e+01 1.556420230865478516e+01 1.602564239501953125e+01 1.491424274444580078e+01 1.440922260284423828e+01 1.588562393188476562e+01 1.564945411682128906e+01 1.418439674377441406e+01 1.546790409088134766e+01 1.594896221160888672e+01 1.524390220642089844e+01 1.525553035736083984e+01 1.592356777191162109e+01 1.591089916229248047e+01 1.555209922790527344e+01 1.587301540374755859e+01 1.600000000000000000e+01 1.597444057464599609e+01 1.596169281005859375e+01 1.601280975341796875e+01 1.597444057464599609e+01 1.600000000000000000e+01 1.601280975341796875e+01 1.591089916229248047e+01 1.593625545501708984e+01 1.542019939422607422e+01 1.579778861999511719e+01 1.489203357696533203e+01 1.562500095367431641e+01 1.573564243316650391e+01 1.582278537750244141e+01 1.583531188964843750e+01 1.584785938262939453e+01 1.589825153350830078e+01 1.560062503814697266e+01 1.584786128997802734e+01 1.560062503814697266e+01 1.589824962615966797e+01 1.594896221160888672e+01 1.592356586456298828e+01
1.600000000000000000e+01 1.602564239501953125e+01 1.605136489868164062e+01 1.594896221160888672e+01 1.563721561431884766e+01 1.517450714111328125e+01 1.278772449493408203e+01 1.055966186523437500e+01 1.078167152404785156e+01 9.727626800537109375e+00 6.095702171325683594e+00 5.425935745239257812e+00 7.220216274261474609e+00 2.461841583251953125e+00 1.000000000000000000e+00 2.444988012313842773e+00 7.230658054351806641e+00 6.031363010406494141e+00 6.779660701751708984e+00 5.412720203399658203e+00 8.375209808349609375e+00 5.750431060791015625e+00 9.746588706970214844e+00 9.004952430725097656e+00 1.367053985595703125e+01 1.351351356506347656e+01 1.579778861999511719e+01 1.591089916229248047e+01 1.602564239501953125e+01 1.602564239501953125e+01 1.605136489868164062e+01 1.600000000000000000e+01 1.588562393188476562e+01 1.556420230865478516e+01 1.299545192718505859e+01 1.345894908905029297e+01 8.944543838500976562e+00 1.174398040771484375e+01 1.042752838134765625e+01 9.182736396789550781e+00 1.287001228332519531e+01 1.379310226440429688e+01 1.493651962280273438e+01 1.200480175018310547e+01 1.101928329467773438e+01 1.445086669921875000e+01 1.433691883087158203e+01 1.134430027008056641e+01 1.349527645111083984e+01 1.540832138061523438e+01 1.458789062500000000e+01 1.403508758544921875e+01 1.566170692443847656e+01 1.583531188964843750e+01 1.546790409088134766e+01 1.572326946258544922e+01 1.602564239501953125e+01 1.601280975341796875e+01 1.600000000000000000e+01 1.601280975341796875e+01 1.596169281005859375e+01 1.597444057464599609e+01 1.596169090270996094e+01 1.545595073699951172e+01 1.556420230865478516e+01 1.374570369720458984e+01 1.465201473236083984e+01 1.270648097991943359e+01 1.443001556396484375e+01 1.503759384155273438e+01 1.532567214965820312e+01 1.519756889343261719e+01 1.516300296783447266e+01 1.523229217529296875e+01 1.411432647705078125e+01 1.525553035736083984e+01 1.449275207519531250e+01 1.544401550292968750e+01 1.577287101745605469e+01 1.582278537750244141e+01
1.598721027374267578e+01 1.603849220275878906e+01 1.601280975341796875e+01 1.597444057464599609e+01 1.598721027374267578e+01 1.577287101745605469e+01 1.504890918731689453e+01 1.257071018218994141e+01 1.069518661499023438e+01 1.089918327331542969e+01 9.615384101867675781e+00 6.118078708648681641e+00 5.665722846984863281e+00 7.130125045776367188e+00 2.444988012313842773e+00 1.000000000000000000e+00 2.443792581558227539e+00 7.147963047027587891e+00 6.548788070678710938e+00 6.242197036743164062e+00 8.378718376159667969e+00 7.401924133300781250e+00 1.140250873565673828e+01 1.133786773681640625e+01 1.523229217529296875e+01 1.543209838867187500e+01 1.603849220275878906e+01 1.605136489868164062e+01 1.603849220275878906e+01 1.602564239501953125e+01 1.605136489868164062e+01 1.602564239501953125e+01 1.602564239501953125e+01 1.598721027374267578e+01 1.514004516601562500e+01 1.522070121765136719e+01 1.163467121124267578e+01 1.343183326721191406e+01 1.172332954406738281e+01 1.143510627746582031e+01 1.396648120880126953e+01 1.429592609405517578e+01 1.543210029602050781e+01 1.386001396179199219e+01 1.303780937194824219e+01 1.530221939086914062e+01 1.561280155181884766e+01 1.399580097198486328e+01 1.504890918731689453e+01 1.598721027374267578e+01 1.569858551025390625e+01 1.557632446289062500e+01 1.603849220275878906e+01 1.606425666809082031e+01 1.593625545501708984e+01 1.602564239501953125e+01 1.605136489868164062e+01 1.603849220275878906e+01 1.602564239501953125e+01 1.602564239501953125e+01 1.601280975341796875e+01 1.600000000000000000e+01 1.601280975341796875e+01 1.593625545501708984e+01 1.593625545501708984e+01 1.540832138061523438e+01 1.558846282958984375e+01 1.441961002349853516e+01 1.514004516601562500e+01 1.534919452667236328e+01 1.546790409088134766e+01 1.542019939422607422e+01 1.544401550292968750e+01 1.561280155181884766e+01 1.519756889343261719e+01 1.558846473693847656e+01 1.527883911132812500e+01 1.569858551025390625e+01 1.587301540374755859e+01 1.583531188964843750e+01
1.601280975341796875e+01 1.605136489868164062e+01 1.602564239501953125e+01 1.603849220275878906e+01 1.605136489868164062e+01 1.609010505676269531e+01 1.584786128997802734e+01 1.524390220642089844e+01 1.293661117553710938e+01 1.103752803802490234e+01 1.101321601867675781e+01 9.765625000000000000e+00 6.418485164642333984e+00 5.829204082489013672e+00 7.230658054351806641e+00 2.443792581558227539e+00 1.000000000000000000e+00 2.418672084808349609e+00 7.267441749572753906e+00 8.403361320495605469e+00 1.186943531036376953e+01 1.171646213531494141e+01 1.514004516601562500e+01 1.499250411987304688e+01 1.605136489868164062e+01 1.603849220275878906e+01 1.603849220275878906e+01 1.603849220275878906e+01 1.603849220275878906e+01 1.603849220275878906e+01 1.605136489868164062e+01 1.603849220275878906e+01 1.605136489868164062e+01 1.606425666809082031e+01 1.600000000000000000e+01 1.603849220275878906e+01 1.495886325836181641e+01 1.562499904632568359e+01 1.454545593261718750e+01 1.450326347351074219e+01 1.545595073699951172e+01 1.554001712799072266e+01 1.603849220275878906e+01 1.540831947326660156e+01 1.525553035736083984e+01 1.600000000000000000e+01 1.594896221160888672e+01 1.546790409088134766e+01 1.598721027374267578e+01 1.603849220275878906e+01 1.578531932830810547e+01 1.591089916229248047e+01 1.605136489868164062e+01 1.603849220275878906e+01 1.592356777191162109e+01 1.603849220275878906e+01 1.605136489868164062e+01 1.606425666809082031e+01 1.603849220275878906e+01 1.603849220275878906e+01 1.602564239501953125e+01 1.602564239501953125e+01 1.602564239501953125e+01 1.601280975341796875e+01 1.600000000000000000e+01 1.597444057464599609e+01 1.598721027374267578e+01 1.560062503814697266e+01 1.582278537750244141e+01 1.578531932830810547e+01 1.586042785644531250e+01 1.588562393188476562e+01 1.591089916229248047e+01 1.596169090270996094e+01 1.589825153350830078e+01 1.592356586456298828e+01 1.582278537750244141e+01 1.593625545501708984e+01 1.596169281005859375e+01 1.592356586456298828e+01
1.601280975341796875e+01 1.605136489868164062e+01 1.601280975341796875e+01 1.600000000000000000e+01 1.601280975341796875e+01 1.605136489868164062e+01 1.605136489868164062e+01 1.582278537750244141e+01 1.527883911132812500e+01 1.304631519317626953e+01 1.109262371063232422e+01 1.104362201690673828e+01 9.718173027038574219e+00 6.487187385559082031e+00 6.031363010406494141e+00 7.147963047027587891e+00 2.418672084808349609e+00 1.000000000000000000e+00 2.288591384887695312e+00 6.033182621002197266e+00 9.718173027038574219e+00 1.024590206146240234e+01 1.422475147247314453e+01 1.470588111877441406e+01 1.589825153350830078e+01 1.594896221160888672e+01 1.602564239501953125e+01 1.602564239501953125e+01 1.603849220275878906e+01 1.602564239501953125e+01 1.605136489868164062e+01 1.602564239501953125e+01 1.602564239501953125e+01 1.602564239501953125e+01 1.593625545501708984e+01 1.588562393188476562e+01 1.432664680480957031e+01 1.476014614105224609e+01 1.275510215759277344e+01 1.280409812927246094e+01 1.398601341247558594e+01 1.499250411987304688e+01 1.552794933319091797e+01 1.383125782012939453e+01 1.440922260284423828e+01 1.577287101745605469e+01 1.533742332458496094e+01 1.468428707122802734e+01 1.577287101745605469e+01 1.588562393188476562e+01 1.532567024230957031e+01 1.564945220947265625e+01 1.598721027374267578e+01 1.593625545501708984e+01 1.579778861999511719e+01 1.597444057464599609e+01 1.602564239501953125e+01 1.601280975341796875e+01 1.601280975341796875e+01 1.601280975341796875e+01 1.598721027374267578e+01 1.601280975341796875e+01 1.598721027374267578e+01 1.593625545501708984e+01 1.591089916229248047e+01 1.583531188964843750e+01 1.583531188964843750e+01 1.529051876068115234e+01 1.555209922790527344e+01 1.556420230865478516e+01 1.569858741760253906e+01 1.576044082641601562e+01 1.586042785644531250e+01 1.588562393188476562e+01 1.577287101745605469e+01 1.576044082641601562e+01 1.551590442657470703e+01 1.573564052581787109e+01 1.586042785644531250e+01 1.587301540374755859e+01
1.602564048767089844e+01 1.605136489868164062e+01 1.602564239501953125e+01 1.600000000000000000e+01 1.601280975341796875e+01 1.602564239501953125e+01 1.597444057464599609e+01 1.597444057464599609e+01 1.582278537750244141e+01 1.533742332458496094e+01 1.300390148162841797e+01 1.142204475402832031e+01 1.144819736480712891e+01 9.847366333007812500e+00 6.779660701751708984e+00 6.548788070678710938e+00 7.267441749572753906e+00 2.288591384887695312e+00 1.000000000000000000e+00 2.349900245666503906e+00 7.176175117492675781e+00 8.791208267211914062e+00 1.239157295227050781e+01 1.417434597015380859e+01 1.573564243316650391e+01 1.593625545501708984e+01 1.602564239501953125e+01 1.602564239501953125e+01 1.602564239501953125e+01 1.602564239501953125e+01 1.602564239501953125e+01 1.603849220275878906e+01 1.602564239501953125e+01 1.602564239501953125e+01 1.596169090270996094e+01 1.579778861999511719e+01 1.376462459564208984e+01 1.350438976287841797e+01 1.067805671691894531e+01 1.086956501007080078e+01 1.241464900970458984e+01 1.397624111175537109e+01 1.494768333435058594e+01 1.276324176788330078e+01 1.344989967346191406e+01 1.549186706542968750e+01 1.509434032440185547e+01 1.437814521789550781e+01 1.569858551025390625e+01 1.592356777191162109e+01 1.555209922790527344e+01 1.576044082641601562e+01 1.602564239501953125e+01 1.602564239501953125e+01 1.596169281005859375e+01 1.602564239501953125e+01 1.603849220275878906e+01 1.603849220275878906e+01 1.603849220275878906e+01 1.603849220275878906e+01 1.601280975341796875e+01 1.601280975341796875e+01 1.598721027374267578e+01 1.593625545501708984e+01 1.584786128997802734e+01 1.576044082641601562e+01 1.568627452850341797e+01 1.501501655578613281e+01 1.525553035736083984e+01 1.520912456512451172e+01 1.542019939422607422e+01 1.555209922790527344e+01 1.568627452850341797e+01 1.567398166656494141e+01 1.549186706542968750e+01 1.542019939422607422e+01 1.523229217529296875e+01 1.558846282958984375e+01 1.579778861999511719e+01 1.581027507781982422e+01
1.602564048767089844e+01 1.605136489868164062e+01 1.603849220275878906e+01 1.598721027374267578e+01 1.600000000000000000e+01 1.601280975341796875e+01 1.592356586456298828e+01 1.519756889343261719e+01 1.511715888977050781e+01 1.465201473236083984e+01 1.162790775299072266e+01 9.737098693847656250e+00 1.091703033447265625e+01 9.564801216125488281e+00 5.412720203399658203e+00 6.242197036743164062e+00 8.403361320495605469e+00 6.033182621002197266e+00 2.349900245666503906e+00 1.000000000000000000e+00 2.468221664428710938e+00 6.594130516052246094e+00 9.587727546691894531e+00 1.163467121124267578e+01 1.510573959350585938e+01 1.568627452850341797e+01 1.600000000000000000e+01 1.602564239501953125e+01 1.603849220275878906e+01 1.601280975341796875e+01 1.603849220275878906e+01 1.603849220275878906e+01 1.602564239501953125e+01 1.605136489868164062e+01 1.574803066253662109e+01 1.520912456512451172e+01 1.170960140228271484e+01 1.135073757171630859e+01 8.413966178894042969e+00 8.791209220886230469e+00 1.106806850433349609e+01 1.308900547027587891e+01 1.419446372985839844e+01 1.096491336822509766e+01 1.146131896972656250e+01 1.474926280975341797e+01 1.437814521789550781e+01 1.285346984863281250e+01 1.510573959350585938e+01 1.586042785644531250e+01 1.546790409088134766e+01 1.557632446289062500e+01 1.598721027374267578e+01 1.602564239501953125e+01 1.593625545501708984e+01 1.598721027374267578e+01 1.601280975341796875e+01 1.601280975341796875e+01 1.600000000000000000e+01 1.600000000000000000e+01 1.596169090270996094e+01 1.596169090270996094e+01 1.589824962615966797e+01 1.574803066253662109e+01 1.558846282958984375e+01 1.514004516601562500e+01 1.492537307739257812e+01 1.364256381988525391e+01 1.405481433868408203e+01 1.428571414947509766e+01 1.474926280975341797e+01 1.490312862396240234e+01 1.509434032440185547e+01 1.519756889343261719e+01 1.492537307739257812e+01 1.509434032440185547e+01 1.465201473236083984e+01 1.526717567443847656e+01 1.555209922790527344e+01 1.566170692443847656e+01
