1.000000000000000000e+00 2.543881893157958984e+00 6.611569881439208984e+00 6.740815639495849609e+00 7.830853462219238281e+00 9.661835670471191406e+00 1.084598731994628906e+01 1.167542362213134766e+01 1.308044338226318359e+01 1.457726001739501953e+01 1.532567024230957031e+01 1.572326946258544922e+01 1.584785938262939453e+01 1.591089916229248047e+01 1.596169090270996094e+01 1.598721027374267578e+01 1.600000000000000000e+01 1.600000000000000000e+01 1.601280975341796875e+01 1.600000000000000000e+01 1.598721027374267578e+01 1.597444057464599609e+01 1.598721027374267578e+01 1.597444057464599609e+01 1.593625545501708984e+01 1.583531188964843750e+01 1.562500095367431641e+01 1.551590442657470703e+01 1.572326946258544922e+01 1.583531188964843750e+01 1.594896221160888672e+01 1.596169090270996094e+01 1.597444057464599609e+01 1.596169281005859375e+01 1.596169281005859375e+01 1.594896221160888672e+01 1.594896221160888672e+01 1.593625545501708984e+01 1.592356586456298828e+01 1.593625545501708984e+01 1.589824962615966797e+01 1.588562393188476562e+01 1.591089916229248047e+01 1.588562393188476562e+01 1.592356586456298828e+01 1.589825153350830078e+01 1.594896221160888672e+01 1.586042785644531250e+01 1.583531188964843750e+01 1.583531188964843750e+01 1.583531188964843750e+01 1.591089916229248047e+01 1.587301731109619141e+01 1.586042785644531250e+01 1.587301731109619141e+01 1.587301731109619141e+01 1.594896221160888672e+01 1.592356586456298828e+01 1.581027507781982422e+01 1.591089916229248047e+01 1.593625545501708984e+01 1.571091938018798828e+01 1.539645957946777344e+01 1.563721561431884766e+01 1.572326946258544922e+01 1.536098289489746094e+01 1.547987651824951172e+01 1.567398166656494141e+01 1.572326946258544922e+01 1.586042785644531250e+01 1.588562393188476562e+01 1.591089916229248047e+01 1.589825153350830078e+01 1.586042785644531250e+01 1.584786128997802734e+01 1.582278537750244141e+01 1.584785938262939453e+01 1.589825153350830078e+01 1.584786128997802734e+01 1.593625545501708984e+01 1.589825153350830078e+01 1.592356586456298828e+01 1.589825153350830078e+01 1.589825153350830078e+01 1.592356586456298828e+01 1.593625545501708984e+01 1.596169090270996094e+01 1.596169090270996094e+01 1.594896221160888672e+01 1.594896221160888672e+01 1.592356586456298828e+01 1.587301540374755859e+01 1.582278537750244141e+01 1.582278537750244141e+01 1.581027507781982422e+01 1.574803066253662109e+01 1.577287101745605469e+01 1.582278537750244141e+01 1.577287101745605469e+01 1.571091938018798828e+01 1.578531837463378906e+01 1.583531188964843750e+01 1.586042785644531250e+01 1.591089916229248047e+01 1.591089916229248047e+01 1.593625545501708984e+01 1.591089916229248047e+01 1.592356777191162109e+01 1.591089916229248047e+01 1.587301731109619141e+01 1.581027507781982422e+01 1.581027507781982422e+01 1.571091938018798828e+01 1.576044082641601562e+01 1.586042785644531250e+01 1.578531837463378906e+01 1.568627452850341797e+01 1.577287101745605469e+01 1.579778861999511719e+01 1.581027698516845703e+01 1.582278537750244141e+01 1.586042785644531250e+01 1.584785938262939453e+01 1.589825153350830078e+01 1.586042785644531250e+01 1.589825153350830078e+01 1.584786128997802734e+01 1.586042785644531250e+01 1.579778861999511719e+01
2.543881893157958984e+00 1.000000000000000000e+00 2.465179204940795898e+00 6.930006980895996094e+00 6.165227890014648438e+00 7.251631736755371094e+00 9.828009605407714844e+00 1.091703033447265625e+01 1.135718345642089844e+01 1.325380992889404297e+01 1.495886325836181641e+01 1.552794933319091797e+01 1.578531837463378906e+01 1.588562393188476562e+01 1.593625545501708984e+01 1.594896221160888672e+01 1.597444057464599609e+01 1.598721027374267578e+01 1.600000000000000000e+01 1.598721027374267578e+01 1.597444057464599609e+01 1.596169090270996094e+01 1.594896221160888672e+01 1.593625545501708984e+01 1.587301540374755859e+01 1.574803066253662109e+01 1.544401550292968750e+01 1.525553035736083984e+01 1.556420230865478516e+01 1.571091938018798828e+01 1.588562393188476562e+01 1.591089916229248047e+01 1.594896221160888672e+01 1.593625545501708984e+01 1.592356777191162109e+01 1.592356777191162109e+01 1.591089916229248047e+01 1.588562393188476562e+01 1.588562393188476562e+01 1.587301731109619141e+01 1.586042785644531250e+01 1.587301731109619141e+01 1.586042785644531250e+01 1.586042785644531250e+01 1.587301540374755859e+01 1.584786128997802734e+01 1.589825153350830078e+01 1.581027507781982422e+01 1.576044082641601562e+01 1.577287101745605469e+01 1.578531837463378906e+01 1.587301731109619141e+01 1.584786128997802734e+01 1.583531188964843750e+01 1.586042785644531250e+01 1.587301540374755859e+01 1.592356777191162109e+01 1.591089916229248047e+01 1.583531188964843750e+01 1.589825153350830078e+01 1.593625545501708984e+01 1.576044082641601562e+01 1.533742332458496094e+01 1.557632446289062500e+01 1.564945220947265625e+01 1.526717567443847656e+01 1.543210029602050781e+01 1.562500095367431641e+01 1.566170692443847656e+01 1.582278537750244141e+01 1.581027507781982422e+01 1.587301540374755859e+01 1.586042785644531250e+01 1.584786128997802734e+01 1.579778861999511719e+01 1.576044082641601562e+01 1.579778861999511719e+01 1.587301731109619141e+01 1.579778861999511719e+01 1.591089916229248047e+01 1.587301731109619141e+01 1.588562393188476562e+01 1.588562393188476562e+01 1.588562393188476562e+01 1.589825153350830078e+01 1.592356586456298828e+01 1.591089916229248047e+01 1.594896221160888672e+01 1.592356586456298828e+01 1.592356586456298828e+01 1.589825153350830078e+01 1.586042785644531250e+01 1.578531932830810547e+01 1.578531932830810547e+01 1.578531932830810547e+01 1.571091938018798828e+01 1.573564243316650391e+01 1.577287101745605469e+01 1.573564052581787109e+01 1.566170692443847656e+01 1.574803066253662109e+01 1.579778861999511719e+01 1.582278537750244141e+01 1.588562393188476562e+01 1.589825153350830078e+01 1.593625545501708984e+01 1.588562393188476562e+01 1.591089916229248047e+01 1.588562393188476562e+01 1.584786128997802734e+01 1.579778861999511719e+01 1.579778861999511719e+01 1.567398166656494141e+01 1.571091938018798828e+01 1.582278537750244141e+01 1.578531837463378906e+01 1.562500095367431641e+01 1.573564243316650391e+01 1.574803066253662109e+01 1.578531932830810547e+01 1.578531932830810547e+01 1.583531188964843750e+01 1.582278537750244141e+01 1.584786128997802734e+01 1.583531188964843750e+01 1.588562393188476562e+01 1.584785938262939453e+01 1.587301540374755859e+01 1.582278537750244141e+01
6.611569881439208984e+00 2.465179204940795898e+00 1.000000000000000000e+00 2.509095430374145508e+00 7.042253494262695312e+00 6.222775459289550781e+00 7.107320785522460938e+00 9.930485725402832031e+00 1.094091892242431641e+01 1.138952255249023438e+01 1.334222793579101562e+01 1.515151500701904297e+01 1.561280155181884766e+01 1.587301540374755859e+01 1.592356777191162109e+01 1.596169090270996094e+01 1.598721027374267578e+01 1.600000000000000000e+01 1.598721027374267578e+01 1.596169090270996094e+01 1.596169090270996094e+01 1.592356777191162109e+01 1.594896221160888672e+01 1.593625545501708984e+01 1.582278537750244141e+01 1.569858741760253906e+01 1.533742332458496094e+01 1.511715888977050781e+01 1.552794933319091797e+01 1.566170692443847656e+01 1.589825153350830078e+01 1.592356777191162109e+01 1.594896221160888672e+01 1.594896221160888672e+01 1.593625545501708984e+01 1.592356777191162109e+01 1.591089916229248047e+01 1.589825153350830078e+01 1.589825153350830078e+01 1.587301731109619141e+01 1.586042785644531250e+01 1.587301540374755859e+01 1.587301540374755859e+01 1.587301731109619141e+01 1.591089916229248047e+01 1.587301731109619141e+01 1.591089916229248047e+01 1.584786128997802734e+01 1.581027507781982422e+01 1.579778861999511719e+01 1.581027507781982422e+01 1.588562393188476562e+01 1.587301540374755859e+01 1.587301540374755859e+01 1.591089916229248047e+01 1.591089916229248047e+01 1.594896221160888672e+01 1.593625545501708984e+01 1.584786128997802734e+01 1.589825153350830078e+01 1.597444057464599609e+01 1.582278537750244141e+01 1.543209838867187500e+01 1.566170692443847656e+01 1.574803066253662109e+01 1.543209838867187500e+01 1.558846473693847656e+01 1.574803066253662109e+01 1.576044082641601562e+01 1.586042785644531250e+01 1.584786128997802734e+01 1.586042785644531250e+01 1.586042785644531250e+01 1.581027507781982422e+01 1.577287101745605469e+01 1.576044082641601562e+01 1.578531932830810547e+01 1.587301731109619141e+01 1.582278537750244141e+01 1.593625545501708984e+01 1.591089916229248047e+01 1.593625545501708984e+01 1.593625545501708984e+01 1.591089916229248047e+01 1.592356586456298828e+01 1.594896221160888672e+01 1.594896221160888672e+01 1.596169090270996094e+01 1.593625545501708984e+01 1.593625545501708984e+01 1.591089916229248047e+01 1.587301540374755859e+01 1.579778861999511719e+01 1.579778861999511719e+01 1.581027507781982422e+01 1.576044082641601562e+01 1.577287101745605469e+01 1.582278537750244141e+01 1.579778861999511719e+01 1.576044082641601562e+01 1.583531188964843750e+01 1.584786128997802734e+01 1.586042785644531250e+01 1.591089916229248047e+01 1.592356586456298828e+01 1.593625545501708984e+01 1.593625545501708984e+01 1.592356586456298828e+01 1.589825153350830078e+01 1.587301540374755859e+01 1.582278537750244141e+01 1.583531188964843750e+01 1.569858741760253906e+01 1.573564052581787109e+01 1.583531188964843750e+01 1.581027507781982422e+01 1.562499904632568359e+01 1.576044273376464844e+01 1.579778861999511719e+01 1.581027507781982422e+01 1.581027507781982422e+01 1.584786128997802734e+01 1.586042785644531250e+01 1.589825153350830078e+01 1.586042785644531250e+01 1.592356777191162109e+01 1.588562393188476562e+01 1.589825153350830078e+01 1.583531188964843750e+01
6.740815639495849609e+00 6.930006980895996094e+00 2.509095430374145508e+00 1.000000000000000000e+00 2.501563549041748047e+00 7.092198371887207031e+00 5.970149040222167969e+00 6.997900485992431641e+00 9.881422996520996094e+00 1.097694873809814453e+01 1.129943561553955078e+01 1.332445144653320312e+01 1.516300296783447266e+01 1.569858551025390625e+01 1.589825153350830078e+01 1.594896221160888672e+01 1.598721027374267578e+01 1.600000000000000000e+01 1.600000000000000000e+01 1.596169090270996094e+01 1.594896221160888672e+01 1.588562393188476562e+01 1.593625545501708984e+01 1.593625545501708984e+01 1.572326946258544922e+01 1.569858551025390625e+01 1.514004516601562500e+01 1.510573959350585938e+01 1.555209922790527344e+01 1.561280155181884766e+01 1.591089916229248047e+01 1.588562393188476562e+01 1.596169090270996094e+01 1.593625545501708984e+01 1.593625545501708984e+01 1.592356586456298828e+01 1.589825153350830078e+01 1.588562393188476562e+01 1.589825153350830078e+01 1.588562393188476562e+01 1.586042785644531250e+01 1.584786128997802734e+01 1.582278537750244141e+01 1.576044082641601562e+01 1.583531188964843750e+01 1.577287101745605469e+01 1.583531188964843750e+01 1.577287101745605469e+01 1.568627452850341797e+01 1.571091938018798828e+01 1.572326946258544922e+01 1.578531932830810547e+01 1.579778861999511719e+01 1.583531188964843750e+01 1.587301540374755859e+01 1.583531188964843750e+01 1.589825153350830078e+01 1.583531188964843750e+01 1.555209922790527344e+01 1.560062503814697266e+01 1.581027698516845703e+01 1.547987461090087891e+01 1.467351436614990234e+01 1.508295536041259766e+01 1.538461589813232422e+01 1.489203357696533203e+01 1.525553035736083984e+01 1.560062503814697266e+01 1.566170692443847656e+01 1.576044082641601562e+01 1.578531932830810547e+01 1.583531188964843750e+01 1.582278537750244141e+01 1.576044082641601562e+01 1.567398166656494141e+01 1.561280155181884766e+01 1.563721561431884766e+01 1.577287101745605469e+01 1.568627452850341797e+01 1.587301540374755859e+01 1.587301731109619141e+01 1.591089916229248047e+01 1.592356586456298828e+01 1.591089916229248047e+01 1.591089916229248047e+01 1.592356586456298828e+01 1.594896221160888672e+01 1.593625545501708984e+01 1.593625545501708984e+01 1.589825153350830078e+01 1.584786128997802734e+01 1.581027698516845703e+01 1.567398166656494141e+01 1.568627452850341797e+01 1.573564243316650391e+01 1.566170692443847656e+01 1.569858551025390625e+01 1.578531932830810547e+01 1.573564243316650391e+01 1.563721561431884766e+01 1.574803066253662109e+01 1.576044082641601562e+01 1.581027507781982422e+01 1.587301540374755859e+01 1.587301540374755859e+01 1.591089916229248047e+01 1.587301540374755859e+01 1.581027507781982422e+01 1.582278537750244141e+01 1.578531837463378906e+01 1.566170692443847656e+01 1.573564243316650391e+01 1.550387477874755859e+01 1.549186706542968750e+01 1.569858551025390625e+01 1.564945220947265625e+01 1.532567024230957031e+01 1.556420230865478516e+01 1.567397975921630859e+01 1.573564243316650391e+01 1.572326946258544922e+01 1.577287101745605469e+01 1.581027698516845703e+01 1.581027698516845703e+01 1.581027698516845703e+01 1.584786128997802734e+01 1.579778861999511719e+01 1.579778861999511719e+01 1.578531932830810547e+01
7.830853462219238281e+00 6.165227890014648438e+00 7.042253494262695312e+00 2.501563549041748047e+00 1.000000000000000000e+00 2.487252712249755859e+00 7.059654712677001953e+00 5.866823196411132812e+00 6.832934856414794922e+00 9.910803794860839844e+00 1.084010791778564453e+01 1.115448951721191406e+01 1.329787254333496094e+01 1.524390220642089844e+01 1.563721561431884766e+01 1.588562393188476562e+01 1.593625545501708984e+01 1.594896221160888672e+01 1.594896221160888672e+01 1.591089916229248047e+01 1.591089916229248047e+01 1.581027507781982422e+01 1.586042785644531250e+01 1.584786128997802734e+01 1.537278842926025391e+01 1.540831947326660156e+01 1.428571414947509766e+01 1.444043254852294922e+01 1.510573959350585938e+01 1.512859249114990234e+01 1.576044082641601562e+01 1.560062503814697266e+01 1.591089916229248047e+01 1.584786128997802734e+01 1.588562393188476562e+01 1.586042785644531250e+01 1.586042785644531250e+01 1.578531932830810547e+01 1.578531932830810547e+01 1.578531837463378906e+01 1.578531837463378906e+01 1.576044082641601562e+01 1.568627452850341797e+01 1.554001522064208984e+01 1.560062503814697266e+01 1.540831947326660156e+01 1.552794933319091797e+01 1.546790409088134766e+01 1.532567024230957031e+01 1.544401550292968750e+01 1.549186706542968750e+01 1.555209922790527344e+01 1.566170692443847656e+01 1.577287101745605469e+01 1.581027507781982422e+01 1.569858741760253906e+01 1.578531837463378906e+01 1.568627452850341797e+01 1.522070121765136719e+01 1.508295536041259766e+01 1.546790409088134766e+01 1.494768333435058594e+01 1.366120147705078125e+01 1.392757606506347656e+01 1.453488349914550781e+01 1.397624111175537109e+01 1.456664276123046875e+01 1.520912456512451172e+01 1.542019939422607422e+01 1.554001712799072266e+01 1.567398166656494141e+01 1.574803066253662109e+01 1.572326946258544922e+01 1.563721561431884766e+01 1.552794933319091797e+01 1.539645767211914062e+01 1.532567214965820312e+01 1.549186706542968750e+01 1.534919452667236328e+01 1.571091938018798828e+01 1.572326946258544922e+01 1.581027507781982422e+01 1.587301540374755859e+01 1.584786128997802734e+01 1.582278537750244141e+01 1.574803066253662109e+01 1.584786128997802734e+01 1.578531932830810547e+01 1.583531188964843750e+01 1.572326946258544922e+01 1.566170692443847656e+01 1.555209922790527344e+01 1.527883911132812500e+01 1.530221939086914062e+01 1.547987461090087891e+01 1.540832138061523438e+01 1.551590442657470703e+01 1.563721561431884766e+01 1.557632446289062500e+01 1.542019939422607422e+01 1.552794933319091797e+01 1.552794933319091797e+01 1.561280155181884766e+01 1.568627452850341797e+01 1.573564243316650391e+01 1.571091938018798828e+01 1.571091938018798828e+01 1.547987461090087891e+01 1.563721561431884766e+01 1.558846473693847656e+01 1.539645767211914062e+01 1.558846473693847656e+01 1.525553035736083984e+01 1.509434032440185547e+01 1.549186706542968750e+01 1.538461589813232422e+01 1.481481456756591797e+01 1.524390220642089844e+01 1.549186706542968750e+01 1.557632446289062500e+01 1.555209922790527344e+01 1.567398166656494141e+01 1.566170692443847656e+01 1.555209922790527344e+01 1.558846473693847656e+01 1.560062503814697266e+01 1.560062503814697266e+01 1.560062503814697266e+01 1.563721561431884766e+01
9.661835670471191406e+00 7.251631736755371094e+00 6.222775459289550781e+00 7.092198371887207031e+00 2.487252712249755859e+00 1.000000000000000000e+00 2.480773925781250000e+00 7.039774894714355469e+00 5.822415828704833984e+00 6.946856498718261719e+00 9.970089912414550781e+00 1.091703033447265625e+01 1.131221771240234375e+01 1.350438976287841797e+01 1.527883911132812500e+01 1.574803066253662109e+01 1.596169090270996094e+01 1.594896221160888672e+01 1.596169090270996094e+01 1.582278537750244141e+01 1.588562393188476562e+01 1.563721561431884766e+01 1.577287101745605469e+01 1.578531932830810547e+01 1.516300106048583984e+01 1.516300296783447266e+01 1.390820693969726562e+01 1.404494380950927734e+01 1.486988925933837891e+01 1.489203357696533203e+01 1.564945220947265625e+01 1.555209922790527344e+01 1.589825153350830078e+01 1.589825153350830078e+01 1.589825153350830078e+01 1.587301731109619141e+01 1.583531188964843750e+01 1.573564243316650391e+01 1.571091938018798828e+01 1.571091938018798828e+01 1.573564243316650391e+01 1.574803066253662109e+01 1.568627452850341797e+01 1.560062503814697266e+01 1.566170692443847656e+01 1.551590347290039062e+01 1.563721561431884766e+01 1.556420230865478516e+01 1.547987651824951172e+01 1.557632446289062500e+01 1.563721561431884766e+01 1.574803066253662109e+01 1.581027507781982422e+01 1.586042785644531250e+01 1.588562393188476562e+01 1.582278537750244141e+01 1.591089916229248047e+01 1.587301540374755859e+01 1.568627452850341797e+01 1.557632446289062500e+01 1.583531188964843750e+01 1.558846473693847656e+01 1.450326347351074219e+01 1.457726001739501953e+01 1.517450714111328125e+01 1.471670246124267578e+01 1.517450714111328125e+01 1.557632446289062500e+01 1.567397975921630859e+01 1.573564243316650391e+01 1.577287101745605469e+01 1.582278537750244141e+01 1.577287101745605469e+01 1.564945220947265625e+01 1.557632446289062500e+01 1.551590442657470703e+01 1.549186706542968750e+01 1.568627452850341797e+01 1.560062503814697266e+01 1.586042785644531250e+01 1.586042785644531250e+01 1.591089916229248047e+01 1.592356777191162109e+01 1.592356586456298828e+01 1.589825153350830078e+01 1.586042785644531250e+01 1.591089916229248047e+01 1.584786128997802734e+01 1.588562393188476562e+01 1.583531188964843750e+01 1.577287101745605469e+01 1.567398166656494141e+01 1.540832138061523438e+01 1.546790409088134766e+01 1.557632446289062500e+01 1.554001712799072266e+01 1.562500095367431641e+01 1.573564243316650391e+01 1.571091938018798828e+01 1.561280155181884766e+01 1.571091938018798828e+01 1.571091938018798828e+01 1.576044082641601562e+01 1.582278537750244141e+01 1.584786128997802734e+01 1.582278537750244141e+01 1.582278537750244141e+01 1.569858551025390625e+01 1.578531932830810547e+01 1.574803066253662109e+01 1.560062503814697266e+01 1.576044082641601562e+01 1.550387477874755859e+01 1.534919452667236328e+01 1.566170692443847656e+01 1.557632446289062500e+01 1.502629566192626953e+01 1.539645767211914062e+01 1.561280155181884766e+01 1.568627452850341797e+01 1.562500095367431641e+01 1.572326946258544922e+01 1.571091938018798828e+01 1.562500095367431641e+01 1.568627452850341797e+01 1.571091938018798828e+01 1.574803066253662109e+01 1.574803066253662109e+01 1.576044082641601562e+01
1.084598731994628906e+01 9.828009605407714844e+00 7.107320785522460938e+00 5.970149040222167969e+00 7.059654712677001953e+00 2.480773925781250000e+00 1.000000000000000000e+00 2.481389522552490234e+00 6.995452880859375000e+00 5.793742656707763672e+00 6.920414924621582031e+00 9.970089912414550781e+00 1.092896175384521484e+01 1.142204475402832031e+01 1.346801376342773438e+01 1.532567214965820312e+01 1.583531188964843750e+01 1.596169281005859375e+01 1.596169090270996094e+01 1.571091938018798828e+01 1.584786128997802734e+01 1.531393527984619141e+01 1.567398166656494141e+01 1.578531932830810547e+01 1.502629566192626953e+01 1.543210029602050781e+01 1.436781597137451172e+01 1.481481456756591797e+01 1.544401550292968750e+01 1.530221939086914062e+01 1.587301540374755859e+01 1.567398166656494141e+01 1.594896221160888672e+01 1.588562393188476562e+01 1.593625545501708984e+01 1.588562393188476562e+01 1.588562393188476562e+01 1.579778861999511719e+01 1.581027507781982422e+01 1.578531837463378906e+01 1.578531932830810547e+01 1.579778861999511719e+01 1.573564243316650391e+01 1.563721561431884766e+01 1.571091938018798828e+01 1.561280155181884766e+01 1.562500095367431641e+01 1.560062503814697266e+01 1.555209922790527344e+01 1.562499904632568359e+01 1.568627452850341797e+01 1.578531837463378906e+01 1.581027507781982422e+01 1.591089916229248047e+01 1.589824962615966797e+01 1.577287101745605469e+01 1.587301540374755859e+01 1.588562393188476562e+01 1.560062503814697266e+01 1.550387477874755859e+01 1.584785938262939453e+01 1.556420230865478516e+01 1.423487472534179688e+01 1.445086669921875000e+01 1.523229217529296875e+01 1.484780979156494141e+01 1.532567024230957031e+01 1.572326946258544922e+01 1.578531837463378906e+01 1.583531188964843750e+01 1.587301731109619141e+01 1.589824962615966797e+01 1.584786128997802734e+01 1.569858551025390625e+01 1.556420230865478516e+01 1.554001522064208984e+01 1.552794933319091797e+01 1.573564243316650391e+01 1.567398166656494141e+01 1.588562393188476562e+01 1.589824962615966797e+01 1.593625545501708984e+01 1.594896221160888672e+01 1.592356586456298828e+01 1.594896221160888672e+01 1.591089916229248047e+01 1.593625545501708984e+01 1.588562393188476562e+01 1.592356586456298828e+01 1.587301540374755859e+01 1.584786128997802734e+01 1.579778861999511719e+01 1.558846282958984375e+01 1.564945220947265625e+01 1.574803066253662109e+01 1.572326946258544922e+01 1.576044082641601562e+01 1.586042785644531250e+01 1.581027507781982422e+01 1.574803066253662109e+01 1.578531932830810547e+01 1.572326946258544922e+01 1.576044082641601562e+01 1.581027507781982422e+01 1.584786128997802734e+01 1.581027507781982422e+01 1.586042785644531250e+01 1.568627452850341797e+01 1.582278537750244141e+01 1.578531932830810547e+01 1.561280155181884766e+01 1.582278537750244141e+01 1.555209922790527344e+01 1.534919452667236328e+01 1.567397975921630859e+01 1.557632446289062500e+01 1.497006034851074219e+01 1.537279033660888672e+01 1.562500095367431641e+01 1.574803066253662109e+01 1.569858551025390625e+01 1.576044082641601562e+01 1.573564052581787109e+01 1.563721561431884766e+01 1.571091938018798828e+01 1.569858551025390625e+01 1.574803066253662109e+01 1.571091938018798828e+01 1.572326946258544922e+01
1.167542362213134766e+01 1.091703033447265625e+01 9.930485725402832031e+00 6.997900485992431641e+00 5.866823196411132812e+00 7.039774894714355469e+00 2.481389522552490234e+00 1.000000000000000000e+00 2.499687433242797852e+00 6.949269771575927734e+00 5.608525276184082031e+00 6.825939178466796875e+00 9.861932754516601562e+00 1.081665802001953125e+01 1.116071510314941406e+01 1.321877098083496094e+01 1.538461589813232422e+01 1.584785938262939453e+01 1.592356777191162109e+01 1.545595073699951172e+01 1.573564243316650391e+01 1.509434032440185547e+01 1.551590442657470703e+01 1.552794933319091797e+01 1.354096126556396484e+01 1.481481552124023438e+01 1.301236248016357422e+01 1.431639289855957031e+01 1.514004516601562500e+01 1.463057708740234375e+01 1.568627452850341797e+01 1.474926280975341797e+01 1.578531932830810547e+01 1.557632446289062500e+01 1.576044082641601562e+01 1.574803066253662109e+01 1.576044082641601562e+01 1.562499904632568359e+01 1.567398166656494141e+01 1.566170692443847656e+01 1.567398166656494141e+01 1.563721561431884766e+01 1.545595073699951172e+01 1.509434032440185547e+01 1.510573959350585938e+01 1.457726001739501953e+01 1.443001365661621094e+01 1.477104949951171875e+01 1.469507789611816406e+01 1.503759574890136719e+01 1.523229217529296875e+01 1.512859249114990234e+01 1.551590442657470703e+01 1.577287101745605469e+01 1.568627452850341797e+01 1.515151500701904297e+01 1.534919452667236328e+01 1.546790409088134766e+01 1.459854030609130859e+01 1.370801830291748047e+01 1.464128780364990234e+01 1.419446372985839844e+01 1.179941082000732422e+01 1.190476131439208984e+01 1.352265071868896484e+01 1.336005306243896484e+01 1.431639289855957031e+01 1.519756889343261719e+01 1.550387477874755859e+01 1.551590442657470703e+01 1.572326946258544922e+01 1.571091938018798828e+01 1.551590442657470703e+01 1.527883911132812500e+01 1.507159042358398438e+01 1.485884094238281250e+01 1.470588111877441406e+01 1.509434032440185547e+01 1.506023979187011719e+01 1.557632446289062500e+01 1.577287101745605469e+01 1.579778861999511719e+01 1.589825153350830078e+01 1.586042785644531250e+01 1.584786128997802734e+01 1.569858741760253906e+01 1.583531188964843750e+01 1.551590442657470703e+01 1.574803066253662109e+01 1.538461589813232422e+01 1.542019939422607422e+01 1.532567214965820312e+01 1.491424465179443359e+01 1.512859249114990234e+01 1.551590347290039062e+01 1.550387477874755859e+01 1.564945411682128906e+01 1.579778861999511719e+01 1.569858551025390625e+01 1.550387477874755859e+01 1.554001712799072266e+01 1.527883911132812500e+01 1.532567214965820312e+01 1.520912456512451172e+01 1.540832138061523438e+01 1.495886325836181641e+01 1.530221939086914062e+01 1.468428707122802734e+01 1.532567024230957031e+01 1.537279033660888672e+01 1.502629566192626953e+01 1.551590442657470703e+01 1.502629566192626953e+01 1.436781597137451172e+01 1.518602752685546875e+01 1.512859249114990234e+01 1.407459449768066406e+01 1.465201473236083984e+01 1.529051876068115234e+01 1.552794933319091797e+01 1.546790409088134766e+01 1.557632446289062500e+01 1.547987651824951172e+01 1.508295726776123047e+01 1.520912456512451172e+01 1.491424274444580078e+01 1.519756889343261719e+01 1.503759384155273438e+01 1.531393527984619141e+01
1.308044338226318359e+01 1.135718345642089844e+01 1.094091892242431641e+01 9.881422996520996094e+00 6.832934856414794922e+00 5.822415828704833984e+00 6.995452880859375000e+00 2.499687433242797852e+00 1.000000000000000000e+00 2.490039825439453125e+00 7.047216415405273438e+00 5.597537517547607422e+00 6.720429897308349609e+00 9.955202102661132812e+00 1.090512466430664062e+01 1.118568229675292969e+01 1.380262279510498047e+01 1.549186706542968750e+01 1.579778861999511719e+01 1.476014804840087891e+01 1.551590442657470703e+01 1.484780979156494141e+01 1.524390220642089844e+01 1.532567214965820312e+01 1.275510215759277344e+01 1.425516700744628906e+01 1.183431911468505859e+01 1.363326549530029297e+01 1.453488349914550781e+01 1.369863033294677734e+01 1.515151500701904297e+01 1.378359794616699219e+01 1.543209838867187500e+01 1.523229217529296875e+01 1.558846282958984375e+01 1.556420230865478516e+01 1.556420230865478516e+01 1.536098289489746094e+01 1.543210029602050781e+01 1.544401550292968750e+01 1.547987651824951172e+01 1.539645767211914062e+01 1.517450714111328125e+01 1.461988353729248047e+01 1.464128780364990234e+01 1.383125782012939453e+01 1.391788387298583984e+01 1.450326347351074219e+01 1.445086860656738281e+01 1.492537307739257812e+01 1.520912456512451172e+01 1.509434032440185547e+01 1.555209922790527344e+01 1.578531932830810547e+01 1.579778861999511719e+01 1.534919452667236328e+01 1.539645767211914062e+01 1.564945220947265625e+01 1.503759384155273438e+01 1.379310417175292969e+01 1.454545402526855469e+01 1.454545402526855469e+01 1.242236042022705078e+01 1.155401515960693359e+01 1.333333301544189453e+01 1.335113430023193359e+01 1.434720134735107422e+01 1.514004516601562500e+01 1.545595073699951172e+01 1.547987461090087891e+01 1.578531932830810547e+01 1.581027507781982422e+01 1.566170692443847656e+01 1.550387477874755859e+01 1.536098289489746094e+01 1.503759384155273438e+01 1.477104949951171875e+01 1.514004516601562500e+01 1.520912456512451172e+01 1.563721561431884766e+01 1.582278537750244141e+01 1.582278537750244141e+01 1.591089916229248047e+01 1.589825153350830078e+01 1.587301540374755859e+01 1.568627452850341797e+01 1.582278537750244141e+01 1.539645767211914062e+01 1.569858551025390625e+01 1.516300106048583984e+01 1.533742332458496094e+01 1.520912456512451172e+01 1.461988353729248047e+01 1.499250411987304688e+01 1.546790409088134766e+01 1.549186706542968750e+01 1.564945411682128906e+01 1.579778861999511719e+01 1.568627452850341797e+01 1.550387477874755859e+01 1.556420230865478516e+01 1.525553035736083984e+01 1.533742332458496094e+01 1.512859249114990234e+01 1.534919452667236328e+01 1.465201473236083984e+01 1.525553035736083984e+01 1.456664276123046875e+01 1.539645767211914062e+01 1.546790409088134766e+01 1.515151500701904297e+01 1.558846473693847656e+01 1.508295536041259766e+01 1.421464157104492188e+01 1.518602752685546875e+01 1.512859249114990234e+01 1.381215381622314453e+01 1.447177982330322266e+01 1.526717567443847656e+01 1.547987651824951172e+01 1.537278842926025391e+01 1.554001712799072266e+01 1.542019939422607422e+01 1.486988925933837891e+01 1.516300296783447266e+01 1.473839473724365234e+01 1.520912456512451172e+01 1.506023979187011719e+01 1.544401550292968750e+01
1.457726001739501953e+01 1.325380992889404297e+01 1.138952255249023438e+01 1.097694873809814453e+01 9.910803794860839844e+00 6.946856498718261719e+00 5.793742656707763672e+00 6.949269771575927734e+00 2.490039825439453125e+00 1.000000000000000000e+00 2.480774164199829102e+00 7.010164260864257812e+00 5.740528106689453125e+00 6.805035591125488281e+00 1.004016017913818359e+01 1.133786773681640625e+01 1.247660636901855469e+01 1.471670436859130859e+01 1.534919452667236328e+01 1.372683525085449219e+01 1.503759384155273438e+01 1.390820503234863281e+01 1.480384826660156250e+01 1.538461589813232422e+01 1.351351356506347656e+01 1.499250411987304688e+01 1.348617744445800781e+01 1.474926280975341797e+01 1.537279033660888672e+01 1.485883998870849609e+01 1.573564052581787109e+01 1.490312862396240234e+01 1.583531188964843750e+01 1.562499904632568359e+01 1.576044082641601562e+01 1.568627452850341797e+01 1.566170692443847656e+01 1.554001522064208984e+01 1.557632446289062500e+01 1.558846473693847656e+01 1.564945220947265625e+01 1.562499904632568359e+01 1.547987651824951172e+01 1.522070121765136719e+01 1.533742332458496094e+01 1.498127365112304688e+01 1.515151500701904297e+01 1.534919452667236328e+01 1.536098289489746094e+01 1.544401550292968750e+01 1.566170692443847656e+01 1.572326946258544922e+01 1.584785938262939453e+01 1.593625545501708984e+01 1.594896221160888672e+01 1.582278537750244141e+01 1.587301540374755859e+01 1.591089916229248047e+01 1.567398166656494141e+01 1.522070121765136719e+01 1.574803066253662109e+01 1.568627452850341797e+01 1.430615234375000000e+01 1.387924957275390625e+01 1.510573959350585938e+01 1.497006034851074219e+01 1.546790409088134766e+01 1.576044082641601562e+01 1.583531188964843750e+01 1.586042785644531250e+01 1.592356777191162109e+01 1.592356586456298828e+01 1.586042785644531250e+01 1.576044273376464844e+01 1.560062503814697266e+01 1.549186706542968750e+01 1.546790409088134766e+01 1.574803066253662109e+01 1.577287101745605469e+01 1.592356777191162109e+01 1.594896221160888672e+01 1.594896221160888672e+01 1.596169090270996094e+01 1.596169090270996094e+01 1.594896221160888672e+01 1.592356586456298828e+01 1.593625545501708984e+01 1.584786128997802734e+01 1.594896221160888672e+01 1.577287101745605469e+01 1.581027507781982422e+01 1.574803066253662109e+01 1.547987651824951172e+01 1.564945411682128906e+01 1.581027507781982422e+01 1.579778861999511719e+01 1.583531188964843750e+01 1.589824962615966797e+01 1.587301731109619141e+01 1.581027698516845703e+01 1.582278537750244141e+01 1.571091938018798828e+01 1.574803066253662109e+01 1.573564243316650391e+01 1.582278537750244141e+01 1.558846473693847656e+01 1.582278537750244141e+01 1.549186706542968750e+01 1.582278537750244141e+01 1.581027698516845703e+01 1.562500095367431641e+01 1.584785938262939453e+01 1.550387477874755859e+01 1.502629566192626953e+01 1.560062503814697266e+01 1.549186706542968750e+01 1.450326347351074219e+01 1.503759384155273438e+01 1.551590442657470703e+01 1.568627452850341797e+01 1.563721561431884766e+01 1.574803066253662109e+01 1.571091938018798828e+01 1.547987651824951172e+01 1.567398166656494141e+01 1.549186706542968750e+01 1.572326946258544922e+01 1.560062503814697266e+01 1.573564052581787109e+01
1.532567024230957031e+01 1.495886325836181641e+01 1.334222793579101562e+01 1.129943561553955078e+01 1.084010791778564453e+01 9.970089912414550781e+00 6.920414924621582031e+00 5.608525276184082031e+00 7.047216415405273438e+00 2.480774164199829102e+00 1.000000000000000000e+00 2.491901159286499023e+00 6.932408809661865234e+00 5.810575008392333984e+00 6.821281909942626953e+00 1.003009033203125000e+01 1.194029903411865234e+01 1.417434597015380859e+01 1.499250411987304688e+01 1.248439407348632812e+01 1.416430568695068359e+01 1.251564502716064453e+01 1.355013561248779297e+01 1.408450698852539062e+01 1.114206123352050781e+01 1.411432647705078125e+01 1.276324176788330078e+01 1.481481552124023438e+01 1.543210029602050781e+01 1.460920333862304688e+01 1.555209922790527344e+01 1.380262279510498047e+01 1.552794933319091797e+01 1.514004516601562500e+01 1.561280155181884766e+01 1.560062503814697266e+01 1.563721561431884766e+01 1.555209922790527344e+01 1.563721561431884766e+01 1.566170692443847656e+01 1.568627452850341797e+01 1.564945220947265625e+01 1.542019939422607422e+01 1.490312862396240234e+01 1.476014804840087891e+01 1.399580192565917969e+01 1.392757606506347656e+01 1.474926280975341797e+01 1.486988925933837891e+01 1.511715793609619141e+01 1.543210029602050781e+01 1.529051876068115234e+01 1.572326946258544922e+01 1.588562393188476562e+01 1.589825153350830078e+01 1.552794933319091797e+01 1.563721561431884766e+01 1.582278537750244141e+01 1.518602752685546875e+01 1.403508758544921875e+01 1.508295536041259766e+01 1.517450714111328125e+01 1.312335968017578125e+01 1.272264671325683594e+01 1.451378726959228516e+01 1.467351436614990234e+01 1.531393527984619141e+01 1.574803066253662109e+01 1.581027507781982422e+01 1.579778861999511719e+01 1.591089916229248047e+01 1.589824962615966797e+01 1.579778861999511719e+01 1.563721561431884766e+01 1.542019939422607422e+01 1.518602752685546875e+01 1.518602943420410156e+01 1.555209922790527344e+01 1.563721561431884766e+01 1.586042785644531250e+01 1.593625545501708984e+01 1.594896221160888672e+01 1.594896221160888672e+01 1.593625545501708984e+01 1.593625545501708984e+01 1.588562393188476562e+01 1.593625545501708984e+01 1.567398166656494141e+01 1.589825153350830078e+01 1.547987651824951172e+01 1.561280155181884766e+01 1.561280155181884766e+01 1.529052066802978516e+01 1.558846282958984375e+01 1.582278537750244141e+01 1.579778861999511719e+01 1.584786128997802734e+01 1.589824962615966797e+01 1.587301731109619141e+01 1.581027507781982422e+01 1.581027698516845703e+01 1.562500095367431641e+01 1.564945220947265625e+01 1.545595073699951172e+01 1.569858741760253906e+01 1.500374984741210938e+01 1.560062503814697266e+01 1.486988925933837891e+01 1.560062503814697266e+01 1.558846282958984375e+01 1.518602752685546875e+01 1.564945411682128906e+01 1.504890918731689453e+01 1.425516700744628906e+01 1.519756793975830078e+01 1.504890918731689453e+01 1.380262279510498047e+01 1.450326347351074219e+01 1.525553035736083984e+01 1.556420230865478516e+01 1.556420230865478516e+01 1.568627452850341797e+01 1.561280155181884766e+01 1.522070121765136719e+01 1.542019939422607422e+01 1.501501655578613281e+01 1.539645767211914062e+01 1.517450714111328125e+01 1.554001522064208984e+01
1.572326946258544922e+01 1.552794933319091797e+01 1.515151500701904297e+01 1.332445144653320312e+01 1.115448951721191406e+01 1.091703033447265625e+01 9.970089912414550781e+00 6.825939178466796875e+00 5.597537517547607422e+00 7.010164260864257812e+00 2.491901159286499023e+00 1.000000000000000000e+00 2.481389522552490234e+00 7.104795455932617188e+00 5.720823287963867188e+00 6.553080558776855469e+00 1.030927848815917969e+01 1.306335735321044922e+01 1.439884853363037109e+01 1.144819736480712891e+01 1.357773208618164062e+01 1.264222526550292969e+01 1.297016811370849609e+01 1.313197612762451172e+01 8.787345886230468750e+00 1.246882724761962891e+01 1.042209529876708984e+01 1.381215381622314453e+01 1.477104949951171875e+01 1.319261169433593750e+01 1.431639289855957031e+01 1.091107463836669922e+01 1.403508758544921875e+01 1.324503326416015625e+01 1.479290008544921875e+01 1.494768333435058594e+01 1.517450714111328125e+01 1.500374984741210938e+01 1.530221939086914062e+01 1.546790409088134766e+01 1.540832138061523438e+01 1.525553035736083984e+01 1.478196525573730469e+01 1.331557846069335938e+01 1.277955150604248047e+01 1.098297691345214844e+01 1.106806850433349609e+01 1.306335735321044922e+01 1.341381549835205078e+01 1.439884853363037109e+01 1.494768333435058594e+01 1.415428256988525391e+01 1.546790409088134766e+01 1.574803066253662109e+01 1.577287101745605469e+01 1.481481552124023438e+01 1.443001365661621094e+01 1.536098289489746094e+01 1.435750102996826172e+01 1.173020553588867188e+01 1.292824840545654297e+01 1.396647930145263672e+01 1.156738090515136719e+01 9.857072830200195312e+00 1.261829662322998047e+01 1.368925285339355469e+01 1.471670436859130859e+01 1.545595073699951172e+01 1.562500095367431641e+01 1.545595073699951172e+01 1.583531188964843750e+01 1.582278537750244141e+01 1.561280155181884766e+01 1.546790409088134766e+01 1.522069931030273438e+01 1.465201473236083984e+01 1.434720134735107422e+01 1.486988925933837891e+01 1.520912456512451172e+01 1.551590442657470703e+01 1.592356586456298828e+01 1.583531188964843750e+01 1.594896221160888672e+01 1.593625545501708984e+01 1.588562393188476562e+01 1.562500095367431641e+01 1.572326946258544922e+01 1.465201473236083984e+01 1.532567024230957031e+01 1.394700145721435547e+01 1.488095092773437500e+01 1.507159042358398438e+01 1.447177982330322266e+01 1.512859249114990234e+01 1.571091938018798828e+01 1.573564243316650391e+01 1.584786128997802734e+01 1.591089916229248047e+01 1.586042785644531250e+01 1.573564243316650391e+01 1.573564243316650391e+01 1.529051876068115234e+01 1.524390220642089844e+01 1.426533508300781250e+01 1.464128780364990234e+01 1.263423824310302734e+01 1.429592609405517578e+01 1.301236248016357422e+01 1.495886135101318359e+01 1.517450714111328125e+01 1.472754001617431641e+01 1.550387477874755859e+01 1.480384826660156250e+01 1.338688087463378906e+01 1.485884094238281250e+01 1.486988925933837891e+01 1.321004009246826172e+01 1.391788387298583984e+01 1.515151500701904297e+01 1.552794933319091797e+01 1.539645767211914062e+01 1.555209922790527344e+01 1.530221939086914062e+01 1.430615234375000000e+01 1.460920333862304688e+01 1.351351356506347656e+01 1.463057708740234375e+01 1.418439674377441406e+01 1.520912456512451172e+01
