1.000000000000000000e+00 2.501563549041748047e+00 7.598784446716308594e+00 1.046572494506835938e+01 1.344989967346191406e+01 1.551590442657470703e+01 1.598721027374267578e+01 1.603849220275878906e+01 1.591089916229248047e+01 1.562500095367431641e+01 1.195457363128662109e+01 1.151410484313964844e+01 8.378718376159667969e+00 7.561437129974365234e+00 8.350730895996093750e+00 1.047668933868408203e+01 1.105583190917968750e+01 1.296176242828369141e+01 1.336898422241210938e+01 1.472754001617431641e+01 1.416430568695068359e+01 1.322751331329345703e+01 1.256281471252441406e+01 1.446131610870361328e+01 1.397624111175537109e+01 1.532567024230957031e+01 1.557632446289062500e+01 1.571091938018798828e+01 1.593625545501708984e+01 1.591089916229248047e+01 1.593625545501708984e+01 1.600000000000000000e+01 1.600000000000000000e+01 1.601280975341796875e+01 1.601280975341796875e+01 1.602564239501953125e+01 1.602564239501953125e+01 1.603849220275878906e+01 1.602564239501953125e+01 1.603849220275878906e+01 1.603849220275878906e+01 1.603849220275878906e+01 1.603849220275878906e+01 1.602564239501953125e+01 1.602564239501953125e+01 1.597444057464599609e+01 1.598721027374267578e+01 1.602564239501953125e+01 1.600000000000000000e+01 1.598721027374267578e+01 1.600000000000000000e+01 1.601280975341796875e+01 1.597444057464599609e+01 1.593625545501708984e+01 1.596169090270996094e+01 1.589825153350830078e+01 1.566170692443847656e+01 1.551590442657470703e+01 1.463057708740234375e+01 1.544401550292968750e+01 1.447177982330322266e+01 1.572326946258544922e+01 1.562500095367431641e+01 1.577287101745605469e+01 1.594896221160888672e+01 1.598721027374267578e+01 1.598721027374267578e+01 1.593625545501708984e+01 1.550387477874755859e+01 1.537278842926025391e+01 1.539645767211914062e+01 1.516300106048583984e+01 1.573564243316650391e+01 1.568627452850341797e+01 1.583531188964843750e+01 1.584785938262939453e+01 1.568627452850341797e+01 1.574803066253662109e+01 1.547987461090087891e+01 1.581027698516845703e+01 1.586042785644531250e+01 1.582278537750244141e+01 1.594896221160888672e+01 1.592356586456298828e+01 1.593625545501708984e+01 1.597444057464599609e+01 1.592356586456298828e+01 1.587301540374755859e+01 1.576044082641601562e+01
2.501563549041748047e+00 1.000000000000000000e+00 2.491590976715087891e+00 7.087172985076904297e+00 1.057641506195068359e+01 1.352265071868896484e+01 1.583531188964843750e+01 1.598721027374267578e+01 1.537278842926025391e+01 1.459854030609130859e+01 1.024065589904785156e+01 9.456264495849609375e+00 7.173600673675537109e+00 5.503577709197998047e+00 7.861634731292724609e+00 9.770396232604980469e+00 9.551098823547363281e+00 1.211386966705322266e+01 1.205545520782470703e+01 1.377410507202148438e+01 1.263423919677734375e+01 1.117318534851074219e+01 9.671179771423339844e+00 1.269035530090332031e+01 1.182732200622558594e+01 1.469507789611816406e+01 1.529051876068115234e+01 1.558846282958984375e+01 1.588562393188476562e+01 1.582278537750244141e+01 1.588562393188476562e+01 1.597444057464599609e+01 1.598721027374267578e+01 1.598721027374267578e+01 1.598721027374267578e+01 1.602564239501953125e+01 1.601280975341796875e+01 1.601280975341796875e+01 1.602564239501953125e+01 1.602564239501953125e+01 1.601280975341796875e+01 1.602564239501953125e+01 1.601280975341796875e+01 1.600000000000000000e+01 1.601280975341796875e+01 1.596169090270996094e+01 1.598721027374267578e+01 1.601280975341796875e+01 1.597444057464599609e+01 1.594896221160888672e+01 1.600000000000000000e+01 1.600000000000000000e+01 1.594896221160888672e+01 1.593625545501708984e+01 1.596169090270996094e+01 1.588562393188476562e+01 1.549186706542968750e+01 1.499250411987304688e+01 1.327139949798583984e+01 1.434720134735107422e+01 1.232285976409912109e+01 1.523229217529296875e+01 1.484780979156494141e+01 1.562500095367431641e+01 1.588562393188476562e+01 1.586042785644531250e+01 1.583531188964843750e+01 1.554001712799072266e+01 1.409443283081054688e+01 1.407459449768066406e+01 1.426533603668212891e+01 1.412429428100585938e+01 1.543209838867187500e+01 1.554001522064208984e+01 1.583531188964843750e+01 1.579778861999511719e+01 1.561280155181884766e+01 1.564945411682128906e+01 1.492537307739257812e+01 1.562499904632568359e+01 1.569858551025390625e+01 1.551590442657470703e+01 1.589825153350830078e+01 1.583531188964843750e+01 1.584786128997802734e+01 1.597444057464599609e+01 1.594896221160888672e+01 1.589825153350830078e+01 1.578531837463378906e+01
7.598784446716308594e+00 2.491590976715087891e+00 1.000000000000000000e+00 2.547121763229370117e+00 6.978367328643798828e+00 1.067805671691894531e+01 1.426533603668212891e+01 1.480384826660156250e+01 1.126760482788085938e+01 1.046025180816650391e+01 5.277044773101806641e+00 6.722688674926757812e+00 5.600671768188476562e+00 6.898930549621582031e+00 9.694620132446289062e+00 1.157407379150390625e+01 1.175088214874267578e+01 1.438848972320556641e+01 1.415428256988525391e+01 1.520912456512451172e+01 1.426533508300781250e+01 1.313197612762451172e+01 1.108033275604248047e+01 1.418439674377441406e+01 1.248439407348632812e+01 1.526717376708984375e+01 1.566170692443847656e+01 1.581027507781982422e+01 1.600000000000000000e+01 1.594896221160888672e+01 1.598721027374267578e+01 1.601280975341796875e+01 1.600000000000000000e+01 1.602564239501953125e+01 1.601280975341796875e+01 1.602564239501953125e+01 1.600000000000000000e+01 1.602564239501953125e+01 1.601280975341796875e+01 1.601280975341796875e+01 1.600000000000000000e+01 1.598721027374267578e+01 1.600000000000000000e+01 1.600000000000000000e+01 1.601280975341796875e+01 1.600000000000000000e+01 1.600000000000000000e+01 1.601280975341796875e+01 1.601280975341796875e+01 1.600000000000000000e+01 1.602564239501953125e+01 1.602564239501953125e+01 1.605136489868164062e+01 1.603849220275878906e+01 1.603849220275878906e+01 1.601280975341796875e+01 1.593625545501708984e+01 1.576044082641601562e+01 1.446131610870361328e+01 1.481481552124023438e+01 1.207729434967041016e+01 1.509434032440185547e+01 1.315789413452148438e+01 1.482579612731933594e+01 1.534919452667236328e+01 1.522069931030273438e+01 1.549186706542968750e+01 1.485883998870849609e+01 1.358695793151855469e+01 1.410437202453613281e+01 1.492537307739257812e+01 1.507159042358398438e+01 1.591089916229248047e+01 1.589825153350830078e+01 1.600000000000000000e+01 1.598721027374267578e+01 1.591089916229248047e+01 1.591089916229248047e+01 1.542019939422607422e+01 1.577287101745605469e+01 1.573564243316650391e+01 1.526717567443847656e+01 1.581027698516845703e+01 1.563721561431884766e+01 1.554001522064208984e+01 1.577287101745605469e+01 1.576044082641601562e+01 1.558846473693847656e+01 1.545595073699951172e+01
1.046572494506835938e+01 7.087172985076904297e+00 2.547121763229370117e+00 1.000000000000000000e+00 2.532286405563354492e+00 7.194244861602783203e+00 1.106806850433349609e+01 1.203369426727294922e+01 1.015228462219238281e+01 9.592326164245605469e+00 6.968641281127929688e+00 5.016303062438964844e+00 7.821666240692138672e+00 6.879944324493408203e+00 1.100715446472167969e+01 1.232285976409912109e+01 1.088731670379638672e+01 1.342281818389892578e+01 1.267427062988281250e+01 1.383125782012939453e+01 1.161440181732177734e+01 1.009591102600097656e+01 7.207207202911376953e+00 1.096491241455078125e+01 8.620690345764160156e+00 1.323626804351806641e+01 1.488095283508300781e+01 1.564945220947265625e+01 1.598721027374267578e+01 1.581027507781982422e+01 1.581027698516845703e+01 1.603849220275878906e+01 1.603849220275878906e+01 1.598721027374267578e+01 1.601280975341796875e+01 1.603849220275878906e+01 1.603849220275878906e+01 1.603849220275878906e+01 1.603849220275878906e+01 1.605136489868164062e+01 1.605136489868164062e+01 1.602564239501953125e+01 1.602564239501953125e+01 1.600000000000000000e+01 1.603849220275878906e+01 1.600000000000000000e+01 1.602564239501953125e+01 1.605136489868164062e+01 1.598721027374267578e+01 1.598721027374267578e+01 1.603849220275878906e+01 1.602564239501953125e+01 1.588562393188476562e+01 1.598721027374267578e+01 1.601280975341796875e+01 1.592356586456298828e+01 1.538461589813232422e+01 1.416430568695068359e+01 1.164144325256347656e+01 1.102535820007324219e+01 7.581501483917236328e+00 1.131221771240234375e+01 9.128252029418945312e+00 1.313197612762451172e+01 1.386962604522705078e+01 1.273074531555175781e+01 1.336005306243896484e+01 1.137656497955322266e+01 9.078529357910156250e+00 9.799118041992187500e+00 1.145475292205810547e+01 1.286173629760742188e+01 1.527883911132812500e+01 1.569858741760253906e+01 1.593625545501708984e+01 1.591089916229248047e+01 1.573564243316650391e+01 1.558846473693847656e+01 1.396647930145263672e+01 1.481481456756591797e+01 1.460920333862304688e+01 1.288659763336181641e+01 1.500374984741210938e+01 1.480384826660156250e+01 1.470588111877441406e+01 1.567397975921630859e+01 1.573564243316650391e+01 1.547987651824951172e+01 1.526717376708984375e+01
1.344989967346191406e+01 1.057641506195068359e+01 6.978367328643798828e+00 2.532286405563354492e+00 1.000000000000000000e+00 2.511931657791137695e+00 7.990411758422851562e+00 8.669267654418945312e+00 4.993757724761962891e+00 6.700167655944824219e+00 5.458515167236328125e+00 7.423904895782470703e+00 1.061007976531982422e+01 1.167542362213134766e+01 1.507159042358398438e+01 1.526717567443847656e+01 1.449275398254394531e+01 1.558846282958984375e+01 1.530221939086914062e+01 1.556420230865478516e+01 1.464128780364990234e+01 1.432664680480957031e+01 1.177856349945068359e+01 1.484780979156494141e+01 1.249219226837158203e+01 1.557632446289062500e+01 1.582278537750244141e+01 1.589825153350830078e+01 1.596169090270996094e+01 1.596169090270996094e+01 1.598721027374267578e+01 1.598721027374267578e+01 1.597444057464599609e+01 1.601280975341796875e+01 1.598721027374267578e+01 1.600000000000000000e+01 1.600000000000000000e+01 1.602564239501953125e+01 1.601280975341796875e+01 1.601280975341796875e+01 1.600000000000000000e+01 1.600000000000000000e+01 1.597444057464599609e+01 1.598721027374267578e+01 1.600000000000000000e+01 1.597444057464599609e+01 1.598721027374267578e+01 1.600000000000000000e+01 1.598721027374267578e+01 1.596169090270996094e+01 1.600000000000000000e+01 1.600000000000000000e+01 1.598721027374267578e+01 1.597444057464599609e+01 1.597444057464599609e+01 1.600000000000000000e+01 1.597444057464599609e+01 1.591089916229248047e+01 1.515151500701904297e+01 1.466275691986083984e+01 1.110494232177734375e+01 1.336898422241210938e+01 9.144948005676269531e+00 1.310616111755371094e+01 1.254705238342285156e+01 1.120448207855224609e+01 1.309757614135742188e+01 1.164822387695312500e+01 1.154734420776367188e+01 1.270647907257080078e+01 1.486988925933837891e+01 1.539645767211914062e+01 1.601280975341796875e+01 1.594896221160888672e+01 1.596169281005859375e+01 1.597444057464599609e+01 1.594896221160888672e+01 1.592356586456298828e+01 1.545594882965087891e+01 1.546790409088134766e+01 1.502629566192626953e+01 1.318391609191894531e+01 1.453488349914550781e+01 1.403508758544921875e+01 1.299545192718505859e+01 1.472754001617431641e+01 1.490312862396240234e+01 1.443001556396484375e+01 1.427551746368408203e+01
1.551590442657470703e+01 1.352265071868896484e+01 1.067805671691894531e+01 7.194244861602783203e+00 2.511931657791137695e+00 1.000000000000000000e+00 2.484780788421630859e+00 4.986288070678710938e+00 5.254860877990722656e+00 4.971414566040039062e+00 7.613246440887451172e+00 6.134969234466552734e+00 1.124227046966552734e+01 1.200480270385742188e+01 1.516300106048583984e+01 1.500374984741210938e+01 1.421464157104492188e+01 1.556420230865478516e+01 1.515151500701904297e+01 1.536098289489746094e+01 1.390820503234863281e+01 1.326259994506835938e+01 1.049317932128906250e+01 1.372683525085449219e+01 1.092299270629882812e+01 1.464128780364990234e+01 1.543210029602050781e+01 1.582278537750244141e+01 1.600000000000000000e+01 1.589824962615966797e+01 1.589825153350830078e+01 1.605136489868164062e+01 1.603849220275878906e+01 1.600000000000000000e+01 1.603849220275878906e+01 1.603849220275878906e+01 1.603849220275878906e+01 1.602564239501953125e+01 1.605136489868164062e+01 1.603849220275878906e+01 1.603849220275878906e+01 1.601280975341796875e+01 1.601280975341796875e+01 1.597444057464599609e+01 1.602564239501953125e+01 1.598721027374267578e+01 1.601280975341796875e+01 1.603849220275878906e+01 1.598721027374267578e+01 1.598721027374267578e+01 1.603849220275878906e+01 1.602564239501953125e+01 1.594896221160888672e+01 1.600000000000000000e+01 1.600000000000000000e+01 1.601280975341796875e+01 1.592356586456298828e+01 1.532567024230957031e+01 1.378359794616699219e+01 1.169590663909912109e+01 7.713073730468750000e+00 8.691872596740722656e+00 4.074979782104492188e+00 8.944543838500976562e+00 8.093889236450195312e+00 6.250000000000000000e+00 8.646779060363769531e+00 7.246376037597656250e+00 7.911392688751220703e+00 9.560229301452636719e+00 1.289490795135498047e+01 1.466275691986083984e+01 1.594896221160888672e+01 1.600000000000000000e+01 1.600000000000000000e+01 1.597444057464599609e+01 1.597444057464599609e+01 1.587301540374755859e+01 1.484780979156494141e+01 1.438848972320556641e+01 1.313197612762451172e+01 9.732359886169433594e+00 1.209921264648437500e+01 1.184834194183349609e+01 1.123595523834228516e+01 1.410437393188476562e+01 1.461988353729248047e+01 1.417434597015380859e+01 1.405481243133544922e+01
1.598721027374267578e+01 1.583531188964843750e+01 1.426533603668212891e+01 1.106806850433349609e+01 7.990411758422851562e+00 2.484780788421630859e+00 1.000000000000000000e+00 2.480158805847167969e+00 7.079646110534667969e+00 8.609556198120117188e+00 1.179941082000732422e+01 1.143510627746582031e+01 1.569858551025390625e+01 1.581027698516845703e+01 1.597444057464599609e+01 1.594896221160888672e+01 1.579778861999511719e+01 1.586042785644531250e+01 1.572326946258544922e+01 1.554001522064208984e+01 1.502629566192626953e+01 1.523229217529296875e+01 1.369863033294677734e+01 1.523229217529296875e+01 1.329787254333496094e+01 1.523229217529296875e+01 1.550387477874755859e+01 1.572326946258544922e+01 1.586042785644531250e+01 1.574803066253662109e+01 1.583531188964843750e+01 1.592356777191162109e+01 1.591089916229248047e+01 1.592356586456298828e+01 1.593625545501708984e+01 1.596169090270996094e+01 1.594896221160888672e+01 1.597444057464599609e+01 1.597444057464599609e+01 1.597444057464599609e+01 1.596169090270996094e+01 1.597444057464599609e+01 1.594896221160888672e+01 1.596169281005859375e+01 1.598721027374267578e+01 1.594896221160888672e+01 1.597444057464599609e+01 1.598721027374267578e+01 1.593625545501708984e+01 1.589825153350830078e+01 1.597444057464599609e+01 1.593625545501708984e+01 1.589825153350830078e+01 1.591089916229248047e+01 1.596169090270996094e+01 1.593625545501708984e+01 1.586042785644531250e+01 1.554001712799072266e+01 1.515151500701904297e+01 1.406469821929931641e+01 1.130582237243652344e+01 1.188354110717773438e+01 7.369196414947509766e+00 1.183431911468505859e+01 9.573958396911621094e+00 7.578629016876220703e+00 9.985021591186523438e+00 7.870917320251464844e+00 9.624638557434082031e+00 9.770396232604980469e+00 1.343183326721191406e+01 1.443001365661621094e+01 1.581027698516845703e+01 1.594896221160888672e+01 1.597444057464599609e+01 1.592356586456298828e+01 1.589825153350830078e+01 1.567398166656494141e+01 1.478196525573730469e+01 1.376462459564208984e+01 1.226241493225097656e+01 9.263547897338867188e+00 1.022494888305664062e+01 9.746588706970214844e+00 8.354218482971191406e+00 1.141552543640136719e+01 1.215805530548095703e+01 1.199040794372558594e+01 1.230769252777099609e+01
1.603849220275878906e+01 1.598721027374267578e+01 1.480384826660156250e+01 1.203369426727294922e+01 8.669267654418945312e+00 4.986288070678710938e+00 2.480158805847167969e+00 1.000000000000000000e+00 2.304412841796875000e+00 5.440696239471435547e+00 1.032524490356445312e+01 1.061571121215820312e+01 1.530221939086914062e+01 1.581027507781982422e+01 1.596169090270996094e+01 1.596169281005859375e+01 1.586042785644531250e+01 1.596169090270996094e+01 1.591089916229248047e+01 1.584786128997802734e+01 1.551590442657470703e+01 1.573564243316650391e+01 1.472754001617431641e+01 1.577287101745605469e+01 1.448225975036621094e+01 1.566170692443847656e+01 1.577287101745605469e+01 1.586042785644531250e+01 1.596169281005859375e+01 1.593625545501708984e+01 1.596169281005859375e+01 1.600000000000000000e+01 1.598721027374267578e+01 1.601280975341796875e+01 1.600000000000000000e+01 1.600000000000000000e+01 1.598721027374267578e+01 1.598721027374267578e+01 1.602564239501953125e+01 1.601280975341796875e+01 1.600000000000000000e+01 1.600000000000000000e+01 1.598721027374267578e+01 1.597444057464599609e+01 1.601280975341796875e+01 1.597444057464599609e+01 1.600000000000000000e+01 1.600000000000000000e+01 1.597444057464599609e+01 1.596169090270996094e+01 1.598721027374267578e+01 1.598721027374267578e+01 1.597444057464599609e+01 1.600000000000000000e+01 1.598721027374267578e+01 1.598721027374267578e+01 1.598721027374267578e+01 1.591089916229248047e+01 1.574803066253662109e+01 1.479290008544921875e+01 1.155401515960693359e+01 1.080497074127197266e+01 5.285412311553955078e+00 8.576329231262207031e+00 5.442176818847656250e+00 4.711425304412841797e+00 8.396305084228515625e+00 8.084074020385742188e+00 1.084010887145996094e+01 1.221001243591308594e+01 1.536098289489746094e+01 1.573564243316650391e+01 1.601280975341796875e+01 1.600000000000000000e+01 1.600000000000000000e+01 1.598721027374267578e+01 1.597444057464599609e+01 1.593625545501708984e+01 1.555209922790527344e+01 1.498127269744873047e+01 1.382169914245605469e+01 1.098901081085205078e+01 1.212856197357177734e+01 1.162115001678466797e+01 1.104972457885742188e+01 1.348617744445800781e+01 1.390820693969726562e+01 1.367989063262939453e+01 1.348617744445800781e+01
1.591089916229248047e+01 1.537278842926025391e+01 1.126760482788085938e+01 1.015228462219238281e+01 4.993757724761962891e+00 5.254860877990722656e+00 7.079646110534667969e+00 2.304412841796875000e+00 1.000000000000000000e+00 2.352387666702270508e+00 7.524454593658447266e+00 9.965122222900390625e+00 1.374570369720458984e+01 1.555209922790527344e+01 1.594896221160888672e+01 1.582278537750244141e+01 1.573564243316650391e+01 1.596169281005859375e+01 1.592356586456298828e+01 1.591089916229248047e+01 1.563721561431884766e+01 1.583531188964843750e+01 1.517450714111328125e+01 1.593625545501708984e+01 1.517450714111328125e+01 1.589825153350830078e+01 1.589825153350830078e+01 1.592356777191162109e+01 1.598721027374267578e+01 1.598721027374267578e+01 1.598721027374267578e+01 1.600000000000000000e+01 1.600000000000000000e+01 1.601280975341796875e+01 1.600000000000000000e+01 1.600000000000000000e+01 1.598721027374267578e+01 1.600000000000000000e+01 1.600000000000000000e+01 1.598721027374267578e+01 1.600000000000000000e+01 1.598721027374267578e+01 1.598721027374267578e+01 1.600000000000000000e+01 1.600000000000000000e+01 1.598721027374267578e+01 1.600000000000000000e+01 1.598721027374267578e+01 1.596169090270996094e+01 1.596169090270996094e+01 1.597444057464599609e+01 1.598721027374267578e+01 1.597444057464599609e+01 1.598721027374267578e+01 1.598721027374267578e+01 1.600000000000000000e+01 1.600000000000000000e+01 1.598721027374267578e+01 1.596169281005859375e+01 1.577287101745605469e+01 1.362397861480712891e+01 1.360544204711914062e+01 8.120178222656250000e+00 1.040041637420654297e+01 7.911392688751220703e+00 8.568981170654296875e+00 1.207000541687011719e+01 1.204093933105468750e+01 1.367989063262939453e+01 1.471670246124267578e+01 1.594896221160888672e+01 1.594896221160888672e+01 1.600000000000000000e+01 1.600000000000000000e+01 1.598721027374267578e+01 1.598721027374267578e+01 1.598721027374267578e+01 1.598721027374267578e+01 1.587301540374755859e+01 1.574803066253662109e+01 1.536098289489746094e+01 1.356852149963378906e+01 1.445086860656738281e+01 1.393728256225585938e+01 1.305483055114746094e+01 1.469507789611816406e+01 1.488095092773437500e+01 1.470588111877441406e+01 1.437814521789550781e+01
1.562500095367431641e+01 1.459854030609130859e+01 1.046025180816650391e+01 9.592326164245605469e+00 6.700167655944824219e+00 4.971414566040039062e+00 8.609556198120117188e+00 5.440696239471435547e+00 2.352387666702270508e+00 1.000000000000000000e+00 2.531325101852416992e+00 6.472491741180419922e+00 1.049317932128906250e+01 1.311475372314453125e+01 1.525553035736083984e+01 1.440922260284423828e+01 1.447177982330322266e+01 1.573564052581787109e+01 1.551590442657470703e+01 1.566170692443847656e+01 1.473839282989501953e+01 1.491424465179443359e+01 1.358695793151855469e+01 1.568627452850341797e+01 1.440922260284423828e+01 1.581027507781982422e+01 1.589825153350830078e+01 1.594896221160888672e+01 1.600000000000000000e+01 1.598721027374267578e+01 1.601280975341796875e+01 1.600000000000000000e+01 1.600000000000000000e+01 1.602564239501953125e+01 1.602564239501953125e+01 1.602564239501953125e+01 1.600000000000000000e+01 1.598721027374267578e+01 1.602564239501953125e+01 1.601280975341796875e+01 1.601280975341796875e+01 1.601280975341796875e+01 1.601280975341796875e+01 1.602564239501953125e+01 1.600000000000000000e+01 1.597444057464599609e+01 1.601280975341796875e+01 1.601280975341796875e+01 1.597444057464599609e+01 1.598721027374267578e+01 1.600000000000000000e+01 1.597444057464599609e+01 1.597444057464599609e+01 1.600000000000000000e+01 1.600000000000000000e+01 1.601280975341796875e+01 1.600000000000000000e+01 1.597444057464599609e+01 1.577287101745605469e+01 1.510573959350585938e+01 1.137656497955322266e+01 1.119820880889892578e+01 5.790387630462646484e+00 6.745362758636474609e+00 5.558643817901611328e+00 8.080807685852050781e+00 1.072386074066162109e+01 1.131221675872802734e+01 1.221001243591308594e+01 1.400560188293457031e+01 1.562500095367431641e+01 1.589824962615966797e+01 1.602564239501953125e+01 1.601280975341796875e+01 1.600000000000000000e+01 1.601280975341796875e+01 1.600000000000000000e+01 1.597444057464599609e+01 1.583531188964843750e+01 1.574803066253662109e+01 1.550387477874755859e+01 1.373626422882080078e+01 1.495886135101318359e+01 1.433691883087158203e+01 1.382170104980468750e+01 1.515151500701904297e+01 1.526717376708984375e+01 1.516300296783447266e+01 1.483679485321044922e+01
1.195457363128662109e+01 1.024065589904785156e+01 5.277044773101806641e+00 6.968641281127929688e+00 5.458515167236328125e+00 7.613246440887451172e+00 1.179941082000732422e+01 1.032524490356445312e+01 7.524454593658447266e+00 2.531325101852416992e+00 1.000000000000000000e+00 2.559508800506591797e+00 7.122507572174072266e+00 1.046572494506835938e+01 1.256281280517578125e+01 1.312335968017578125e+01 1.354096126556396484e+01 1.554001712799072266e+01 1.538461589813232422e+01 1.582278537750244141e+01 1.510573959350585938e+01 1.461988353729248047e+01 1.373626422882080078e+01 1.582278537750244141e+01 1.491424465179443359e+01 1.598721027374267578e+01 1.597444057464599609e+01 1.597444057464599609e+01 1.600000000000000000e+01 1.601280975341796875e+01 1.600000000000000000e+01 1.598721027374267578e+01 1.598721027374267578e+01 1.601280975341796875e+01 1.598721027374267578e+01 1.600000000000000000e+01 1.600000000000000000e+01 1.600000000000000000e+01 1.600000000000000000e+01 1.602564239501953125e+01 1.601280975341796875e+01 1.600000000000000000e+01 1.600000000000000000e+01 1.600000000000000000e+01 1.601280975341796875e+01 1.598721027374267578e+01 1.600000000000000000e+01 1.600000000000000000e+01 1.598721027374267578e+01 1.597444057464599609e+01 1.600000000000000000e+01 1.600000000000000000e+01 1.601280975341796875e+01 1.600000000000000000e+01 1.598721027374267578e+01 1.600000000000000000e+01 1.593625545501708984e+01 1.598721027374267578e+01 1.562499904632568359e+01 1.556420230865478516e+01 1.215805530548095703e+01 1.385041522979736328e+01 9.165903091430664062e+00 1.002004051208496094e+01 1.050972175598144531e+01 1.264222526550292969e+01 1.434720134735107422e+01 1.477104949951171875e+01 1.402524566650390625e+01 1.534919452667236328e+01 1.584786128997802734e+01 1.596169090270996094e+01 1.601280975341796875e+01 1.601280975341796875e+01 1.600000000000000000e+01 1.600000000000000000e+01 1.597444057464599609e+01 1.598721027374267578e+01 1.589825153350830078e+01 1.593625545501708984e+01 1.584786128997802734e+01 1.493651962280273438e+01 1.566170692443847656e+01 1.522070121765136719e+01 1.468428707122802734e+01 1.550387477874755859e+01 1.549186706542968750e+01 1.540832138061523438e+01 1.525553035736083984e+01
1.151410484313964844e+01 9.456264495849609375e+00 6.722688674926757812e+00 5.016303062438964844e+00 7.423904895782470703e+00 6.134969234466552734e+00 1.143510627746582031e+01 1.061571121215820312e+01 9.965122222900390625e+00 6.472491741180419922e+00 2.559508800506591797e+00 1.000000000000000000e+00 2.534854173660278320e+00 7.049700736999511719e+00 9.555662155151367188e+00 9.799118041992187500e+00 9.514747619628906250e+00 1.277955150604248047e+01 1.213592338562011719e+01 1.393728256225585938e+01 1.163467121124267578e+01 9.779952049255371094e+00 9.178522109985351562e+00 1.290322589874267578e+01 1.176470661163330078e+01 1.519756889343261719e+01 1.578531932830810547e+01 1.594896221160888672e+01 1.601280975341796875e+01 1.596169090270996094e+01 1.597444057464599609e+01 1.602564239501953125e+01 1.602564239501953125e+01 1.600000000000000000e+01 1.600000000000000000e+01 1.601280975341796875e+01 1.601280975341796875e+01 1.600000000000000000e+01 1.601280975341796875e+01 1.602564239501953125e+01 1.602564239501953125e+01 1.602564239501953125e+01 1.601280975341796875e+01 1.600000000000000000e+01 1.601280975341796875e+01 1.600000000000000000e+01 1.600000000000000000e+01 1.601280975341796875e+01 1.600000000000000000e+01 1.600000000000000000e+01 1.601280975341796875e+01 1.601280975341796875e+01 1.598721027374267578e+01 1.602564239501953125e+01 1.601280975341796875e+01 1.605136489868164062e+01 1.588562393188476562e+01 1.530221939086914062e+01 1.278772449493408203e+01 1.202645874023437500e+01 7.209805011749267578e+00 9.808729171752929688e+00 6.355258941650390625e+00 7.656967639923095703e+00 9.960159301757812500e+00 1.153402519226074219e+01 1.190476226806640625e+01 1.226993846893310547e+01 1.003512382507324219e+01 1.234567928314208984e+01 1.350438880920410156e+01 1.488095092773437500e+01 1.587301540374755859e+01 1.598721027374267578e+01 1.601280975341796875e+01 1.598721027374267578e+01 1.598721027374267578e+01 1.600000000000000000e+01 1.550387477874755859e+01 1.556420230865478516e+01 1.529051876068115234e+01 1.308044338226318359e+01 1.510573959350585938e+01 1.435750102996826172e+01 1.452432727813720703e+01 1.560062503814697266e+01 1.567397975921630859e+01 1.557632446289062500e+01 1.538461589813232422e+01
8.378718376159667969e+00 7.173600673675537109e+00 5.600671768188476562e+00 7.821666240692138672e+00 1.061007976531982422e+01 1.124227046966552734e+01 1.569858551025390625e+01 1.530221939086914062e+01 1.374570369720458984e+01 1.049317932128906250e+01 7.122507572174072266e+00 2.534854173660278320e+00 1.000000000000000000e+00 2.529404163360595703e+00 5.649717330932617188e+00 6.988120555877685547e+00 8.710801124572753906e+00 1.216545009613037109e+01 1.204819202423095703e+01 1.467351436614990234e+01 1.355013561248779297e+01 1.107419681549072266e+01 1.218769073486328125e+01 1.488095092773437500e+01 1.478196525573730469e+01 1.602564239501953125e+01 1.601280975341796875e+01 1.600000000000000000e+01 1.600000000000000000e+01 1.602564239501953125e+01 1.602564239501953125e+01 1.600000000000000000e+01 1.601280975341796875e+01 1.602564239501953125e+01 1.601280975341796875e+01 1.602564239501953125e+01 1.601280975341796875e+01 1.602564239501953125e+01 1.601280975341796875e+01 1.601280975341796875e+01 1.601280975341796875e+01 1.601280975341796875e+01 1.601280975341796875e+01 1.601280975341796875e+01 1.601280975341796875e+01 1.600000000000000000e+01 1.600000000000000000e+01 1.600000000000000000e+01 1.600000000000000000e+01 1.600000000000000000e+01 1.598721027374267578e+01 1.598721027374267578e+01 1.600000000000000000e+01 1.600000000000000000e+01 1.600000000000000000e+01 1.602564239501953125e+01 1.600000000000000000e+01 1.600000000000000000e+01 1.453488349914550781e+01 1.514004516601562500e+01 1.068375968933105469e+01 1.358695602416992188e+01 1.111728763580322266e+01 1.063264179229736328e+01 1.371742153167724609e+01 1.530221939086914062e+01 1.512859249114990234e+01 1.569858741760253906e+01 1.420454597473144531e+01 1.550387477874755859e+01 1.566170692443847656e+01 1.581027507781982422e+01 1.601280975341796875e+01 1.600000000000000000e+01 1.602564239501953125e+01 1.601280975341796875e+01 1.600000000000000000e+01 1.598721027374267578e+01 1.596169090270996094e+01 1.597444057464599609e+01 1.596169090270996094e+01 1.531393527984619141e+01 1.591089916229248047e+01 1.558846473693847656e+01 1.557632446289062500e+01 1.583531188964843750e+01 1.582278537750244141e+01 1.577287101745605469e+01 1.569858551025390625e+01
7.561437129974365234e+00 5.503577709197998047e+00 6.898930549621582031e+00 6.879944324493408203e+00 1.167542362213134766e+01 1.200480270385742188e+01 1.581027698516845703e+01 1.581027507781982422e+01 1.555209922790527344e+01 1.311475372314453125e+01 1.046572494506835938e+01 7.049700736999511719e+00 2.529404163360595703e+00 1.000000000000000000e+00 2.486325025558471680e+00 7.564296245574951172e+00 6.756756782531738281e+00 9.620009422302246094e+00 8.583690643310546875e+00 1.148765087127685547e+01 1.030396747589111328e+01 6.814310073852539062e+00 8.798944473266601562e+00 1.160766124725341797e+01 1.246105957031250000e+01 1.518602943420410156e+01 1.574803066253662109e+01 1.588562393188476562e+01 1.601280975341796875e+01 1.594896221160888672e+01 1.594896221160888672e+01 1.602564239501953125e+01 1.602564239501953125e+01 1.598721027374267578e+01 1.602564239501953125e+01 1.602564239501953125e+01 1.601280975341796875e+01 1.601280975341796875e+01 1.603849220275878906e+01 1.602564239501953125e+01 1.601280975341796875e+01 1.602564239501953125e+01 1.602564239501953125e+01 1.602564239501953125e+01 1.603849220275878906e+01 1.600000000000000000e+01 1.600000000000000000e+01 1.601280975341796875e+01 1.600000000000000000e+01 1.600000000000000000e+01 1.601280975341796875e+01 1.601280975341796875e+01 1.598721027374267578e+01 1.601280975341796875e+01 1.602564239501953125e+01 1.594896221160888672e+01 1.523229217529296875e+01 1.432664775848388672e+01 1.081081104278564453e+01 1.215066814422607422e+01 7.824726104736328125e+00 1.197604846954345703e+01 1.166861152648925781e+01 1.223990249633789062e+01 1.524390220642089844e+01 1.569858741760253906e+01 1.518602752685546875e+01 1.534919452667236328e+01 1.279590415954589844e+01 1.396647930145263672e+01 1.408450794219970703e+01 1.444043254852294922e+01 1.558846282958984375e+01 1.577287101745605469e+01 1.596169090270996094e+01 1.593625545501708984e+01 1.589825153350830078e+01 1.589825153350830078e+01 1.551590442657470703e+01 1.571091938018798828e+01 1.569858551025390625e+01 1.453488349914550781e+01 1.569858551025390625e+01 1.520912456512451172e+01 1.551590442657470703e+01 1.581027507781982422e+01 1.582278537750244141e+01 1.582278537750244141e+01 1.571091938018798828e+01
8.350730895996093750e+00 7.861634731292724609e+00 9.694620132446289062e+00 1.100715446472167969e+01 1.507159042358398438e+01 1.516300106048583984e+01 1.597444057464599609e+01 1.596169090270996094e+01 1.594896221160888672e+01 1.525553035736083984e+01 1.256281280517578125e+01 9.555662155151367188e+00 5.649717330932617188e+00 2.486325025558471680e+00 1.000000000000000000e+00 2.446183919906616211e+00 6.861063480377197266e+00 9.808729171752929688e+00 1.023541450500488281e+01 1.344085979461669922e+01 1.328021240234375000e+01 1.004520416259765625e+01 1.243780994415283203e+01 1.399580192565917969e+01 1.491424465179443359e+01 1.578531837463378906e+01 1.593625545501708984e+01 1.593625545501708984e+01 1.600000000000000000e+01 1.598721027374267578e+01 1.600000000000000000e+01 1.600000000000000000e+01 1.602564239501953125e+01 1.602564239501953125e+01 1.601280975341796875e+01 1.602564239501953125e+01 1.601280975341796875e+01 1.602564239501953125e+01 1.601280975341796875e+01 1.602564239501953125e+01 1.600000000000000000e+01 1.600000000000000000e+01 1.600000000000000000e+01 1.601280975341796875e+01 1.600000000000000000e+01 1.598721027374267578e+01 1.601280975341796875e+01 1.602564239501953125e+01 1.602564239501953125e+01 1.600000000000000000e+01 1.601280975341796875e+01 1.600000000000000000e+01 1.602564239501953125e+01 1.600000000000000000e+01 1.601280975341796875e+01 1.601280975341796875e+01 1.591089916229248047e+01 1.582278537750244141e+01 1.403508758544921875e+01 1.534919452667236328e+01 1.200480270385742188e+01 1.478196525573730469e+01 1.472754001617431641e+01 1.386962604522705078e+01 1.582278537750244141e+01 1.597444057464599609e+01 1.579778861999511719e+01 1.598721027374267578e+01 1.531393527984619141e+01 1.569858551025390625e+01 1.572326946258544922e+01 1.564945220947265625e+01 1.596169090270996094e+01 1.596169090270996094e+01 1.600000000000000000e+01 1.600000000000000000e+01 1.597444057464599609e+01 1.598721027374267578e+01 1.589824962615966797e+01 1.592356586456298828e+01 1.591089916229248047e+01 1.557632446289062500e+01 1.587301731109619141e+01 1.563721561431884766e+01 1.578531837463378906e+01 1.583531188964843750e+01 1.583531188964843750e+01 1.581027698516845703e+01 1.576044082641601562e+01
1.047668933868408203e+01 9.770396232604980469e+00 1.157407379150390625e+01 1.232285976409912109e+01 1.526717567443847656e+01 1.500374984741210938e+01 1.594896221160888672e+01 1.596169281005859375e+01 1.582278537750244141e+01 1.440922260284423828e+01 1.312335968017578125e+01 9.799118041992187500e+00 6.988120555877685547e+00 7.564296245574951172e+00 2.446183919906616211e+00 1.000000000000000000e+00 2.493454456329345703e+00 8.025682449340820312e+00 9.832841873168945312e+00 1.305483055114746094e+01 1.346801376342773438e+01 1.020408153533935547e+01 1.343183326721191406e+01 1.470588111877441406e+01 1.556420230865478516e+01 1.594896221160888672e+01 1.598721027374267578e+01 1.598721027374267578e+01 1.601280975341796875e+01 1.602564239501953125e+01 1.601280975341796875e+01 1.601280975341796875e+01 1.603849220275878906e+01 1.603849220275878906e+01 1.603849220275878906e+01 1.602564239501953125e+01 1.601280975341796875e+01 1.603849220275878906e+01 1.603849220275878906e+01 1.602564239501953125e+01 1.600000000000000000e+01 1.601280975341796875e+01 1.602564239501953125e+01 1.602564239501953125e+01 1.602564239501953125e+01 1.600000000000000000e+01 1.601280975341796875e+01 1.601280975341796875e+01 1.602564239501953125e+01 1.600000000000000000e+01 1.602564239501953125e+01 1.602564239501953125e+01 1.602564239501953125e+01 1.601280975341796875e+01 1.600000000000000000e+01 1.602564239501953125e+01 1.593625545501708984e+01 1.593625545501708984e+01 1.438848972320556641e+01 1.562500095367431641e+01 1.274697399139404297e+01 1.484780979156494141e+01 1.469507789611816406e+01 1.345895004272460938e+01 1.554001522064208984e+01 1.592356586456298828e+01 1.572326946258544922e+01 1.596169090270996094e+01 1.552794933319091797e+01 1.569858551025390625e+01 1.583531188964843750e+01 1.573564243316650391e+01 1.597444057464599609e+01 1.597444057464599609e+01 1.600000000000000000e+01 1.598721027374267578e+01 1.597444057464599609e+01 1.597444057464599609e+01 1.592356586456298828e+01 1.592356586456298828e+01 1.592356586456298828e+01 1.564945220947265625e+01 1.592356586456298828e+01 1.558846473693847656e+01 1.577287101745605469e+01 1.579778861999511719e+01 1.581027698516845703e+01 1.576044082641601562e+01 1.571091938018798828e+01
1.105583190917968750e+01 9.551098823547363281e+00 1.175088214874267578e+01 1.088731670379638672e+01 1.449275398254394531e+01 1.421464157104492188e+01 1.579778861999511719e+01 1.586042785644531250e+01 1.573564243316650391e+01 1.447177982330322266e+01 1.354096126556396484e+01 9.514747619628906250e+00 8.710801124572753906e+00 6.756756782531738281e+00 6.861063480377197266e+00 2.493454456329345703e+00 1.000000000000000000e+00 2.495944023132324219e+00 6.594131469726562500e+00 9.293680191040039062e+00 9.765625000000000000e+00 6.418485164642333984e+00 1.037344360351562500e+01 1.240694808959960938e+01 1.444043254852294922e+01 1.568627452850341797e+01 1.592356586456298828e+01 1.591089916229248047e+01 1.601280975341796875e+01 1.600000000000000000e+01 1.596169281005859375e+01 1.602564239501953125e+01 1.601280975341796875e+01 1.601280975341796875e+01 1.601280975341796875e+01 1.601280975341796875e+01 1.601280975341796875e+01 1.600000000000000000e+01 1.600000000000000000e+01 1.600000000000000000e+01 1.598721027374267578e+01 1.598721027374267578e+01 1.598721027374267578e+01 1.598721027374267578e+01 1.600000000000000000e+01 1.598721027374267578e+01 1.601280975341796875e+01 1.601280975341796875e+01 1.600000000000000000e+01 1.597444057464599609e+01 1.601280975341796875e+01 1.601280975341796875e+01 1.600000000000000000e+01 1.598721027374267578e+01 1.602564239501953125e+01 1.598721027374267578e+01 1.538461589813232422e+01 1.511715793609619141e+01 1.170960140228271484e+01 1.341381549835205078e+01 9.842518806457519531e+00 1.253132820129394531e+01 1.344989967346191406e+01 1.288659763336181641e+01 1.539645767211914062e+01 1.579778861999511719e+01 1.545595073699951172e+01 1.562500095367431641e+01 1.427551746368408203e+01 1.448225975036621094e+01 1.514004516601562500e+01 1.474926280975341797e+01 1.581027507781982422e+01 1.583531188964843750e+01 1.594896221160888672e+01 1.596169090270996094e+01 1.592356586456298828e+01 1.594896221160888672e+01 1.572326946258544922e+01 1.584785938262939453e+01 1.578531837463378906e+01 1.507159042358398438e+01 1.577287101745605469e+01 1.520912456512451172e+01 1.560062503814697266e+01 1.573564052581787109e+01 1.576044082641601562e+01 1.572326946258544922e+01 1.564945220947265625e+01
