1.000000000000000000e+00 2.523022413253784180e+00 6.915628910064697266e+00 9.980040550231933594e+00 1.261034011840820312e+01 1.445086860656738281e+01 1.581027507781982422e+01 1.576044082641601562e+01 1.436781597137451172e+01 1.395673465728759766e+01 1.029336071014404297e+01 9.886307716369628906e+00 1.052077865600585938e+01 1.017811679840087891e+01 1.180637454986572266e+01 1.277955150604248047e+01 1.444043254852294922e+01 1.433691883087158203e+01 1.520912456512451172e+01 1.356852149963378906e+01 1.467351436614990234e+01 1.430615234375000000e+01 1.380262279510498047e+01 1.524390220642089844e+01 1.581027698516845703e+01 1.586042785644531250e+01 1.592356777191162109e+01 1.593625545501708984e+01 1.592356777191162109e+01 1.601280975341796875e+01 1.598721027374267578e+01 1.605136489868164062e+01 1.610305976867675781e+01 1.609010505676269531e+01 1.609010505676269531e+01 1.611603546142578125e+01 1.611603546142578125e+01 1.610305976867675781e+01 1.614204978942871094e+01 1.612903213500976562e+01 1.611603546142578125e+01 1.609010505676269531e+01 1.605136489868164062e+01 1.607716941833496094e+01 1.609010505676269531e+01 1.611603546142578125e+01 1.611603546142578125e+01 1.606425666809082031e+01 1.610305976867675781e+01 1.614204978942871094e+01 1.610305976867675781e+01 1.606425666809082031e+01 1.615508842468261719e+01 1.615508842468261719e+01 1.609010505676269531e+01 1.612903213500976562e+01 1.614204978942871094e+01 1.605136299133300781e+01
2.523022413253784180e+00 1.000000000000000000e+00 2.513194322586059570e+00 7.668711662292480469e+00 1.054296207427978516e+01 1.287830066680908203e+01 1.527883911132812500e+01 1.490312862396240234e+01 1.183431911468505859e+01 1.146131801605224609e+01 7.262164592742919922e+00 7.707129001617431641e+00 9.216589927673339844e+00 9.657170295715332031e+00 1.199760055541992188e+01 1.278772449493408203e+01 1.463057708740234375e+01 1.422475147247314453e+01 1.526717567443847656e+01 1.258653259277343750e+01 1.390820503234863281e+01 1.269841289520263672e+01 1.221747112274169922e+01 1.411432647705078125e+01 1.509434032440185547e+01 1.551590442657470703e+01 1.544401550292968750e+01 1.573564243316650391e+01 1.581027698516845703e+01 1.601280975341796875e+01 1.605136489868164062e+01 1.611603546142578125e+01 1.610305976867675781e+01 1.609010505676269531e+01 1.611603546142578125e+01 1.614204978942871094e+01 1.612903213500976562e+01 1.612903213500976562e+01 1.616814804077148438e+01 1.614204978942871094e+01 1.614204978942871094e+01 1.612903213500976562e+01 1.605136489868164062e+01 1.610305976867675781e+01 1.611603546142578125e+01 1.611603546142578125e+01 1.611603546142578125e+01 1.606425666809082031e+01 1.607716941833496094e+01 1.612903213500976562e+01 1.610305976867675781e+01 1.603849220275878906e+01 1.615508842468261719e+01 1.612903213500976562e+01 1.602564239501953125e+01 1.611603546142578125e+01 1.618122863769531250e+01 1.614204978942871094e+01
6.915628910064697266e+00 2.513194322586059570e+00 1.000000000000000000e+00 2.556564092636108398e+00 7.476634979248046875e+00 9.857072830200195312e+00 1.253132820129394531e+01 1.241464900970458984e+01 1.005025100708007812e+01 9.866798400878906250e+00 7.094714641571044922e+00 5.694760799407958984e+00 7.130125045776367188e+00 8.368201255798339844e+00 1.018329906463623047e+01 1.057641506195068359e+01 1.255492782592773438e+01 1.168224239349365234e+01 1.297016811370849609e+01 9.319664955139160156e+00 1.159420299530029297e+01 9.620010375976562500e+00 1.095290279388427734e+01 1.248439407348632812e+01 1.322751331329345703e+01 1.474926280975341797e+01 1.364256381988525391e+01 1.464128780364990234e+01 1.448225975036621094e+01 1.543209838867187500e+01 1.572326946258544922e+01 1.602564239501953125e+01 1.582278537750244141e+01 1.581027507781982422e+01 1.606425666809082031e+01 1.609010505676269531e+01 1.610305976867675781e+01 1.610305976867675781e+01 1.610305976867675781e+01 1.611603546142578125e+01 1.607717132568359375e+01 1.605136489868164062e+01 1.586042785644531250e+01 1.593625545501708984e+01 1.606425666809082031e+01 1.603849220275878906e+01 1.609010505676269531e+01 1.581027507781982422e+01 1.603849220275878906e+01 1.612903213500976562e+01 1.592356586456298828e+01 1.593625545501708984e+01 1.612903213500976562e+01 1.610305976867675781e+01 1.584786128997802734e+01 1.610305976867675781e+01 1.612903213500976562e+01 1.611603546142578125e+01
9.980040550231933594e+00 7.668711662292480469e+00 2.556564092636108398e+00 1.000000000000000000e+00 2.563116788864135742e+00 7.241129875183105469e+00 9.765625000000000000e+00 8.684325218200683594e+00 5.329070091247558594e+00 6.884681701660156250e+00 5.810575008392333984e+00 7.102272987365722656e+00 1.018329906463623047e+01 1.246882724761962891e+01 1.441961002349853516e+01 1.453488349914550781e+01 1.534919452667236328e+01 1.480384826660156250e+01 1.506024074554443359e+01 1.194029903411865234e+01 1.301236248016357422e+01 9.394082069396972656e+00 1.118568229675292969e+01 1.145475292205810547e+01 1.172332954406738281e+01 1.408450698852539062e+01 1.277139186859130859e+01 1.469507789611816406e+01 1.484780979156494141e+01 1.581027698516845703e+01 1.594896221160888672e+01 1.607717132568359375e+01 1.598721027374267578e+01 1.592356777191162109e+01 1.607717132568359375e+01 1.609010505676269531e+01 1.607716941833496094e+01 1.610305976867675781e+01 1.610305976867675781e+01 1.609010505676269531e+01 1.606425666809082031e+01 1.603849220275878906e+01 1.572326946258544922e+01 1.572326946258544922e+01 1.602564239501953125e+01 1.597444057464599609e+01 1.606425666809082031e+01 1.520912456512451172e+01 1.589825153350830078e+01 1.609010505676269531e+01 1.540832138061523438e+01 1.527883911132812500e+01 1.610305976867675781e+01 1.594896221160888672e+01 1.512859249114990234e+01 1.592356777191162109e+01 1.607716941833496094e+01 1.588562393188476562e+01
1.261034011840820312e+01 1.054296207427978516e+01 7.476634979248046875e+00 2.563116788864135742e+00 1.000000000000000000e+00 2.545824766159057617e+00 5.508124828338623047e+00 5.130836009979248047e+00 5.699629783630371094e+00 5.185377597808837891e+00 7.575757503509521484e+00 5.896225929260253906e+00 8.695652961730957031e+00 1.173709011077880859e+01 1.352265071868896484e+01 1.378359794616699219e+01 1.392757606506347656e+01 1.256281280517578125e+01 1.180637454986572266e+01 8.028903961181640625e+00 8.631851196289062500e+00 4.475274085998535156e+00 8.399832725524902344e+00 7.459903240203857422e+00 6.383657455444335938e+00 9.324008941650390625e+00 7.770007610321044922e+00 1.089324569702148438e+01 1.160766029357910156e+01 1.429592609405517578e+01 1.546790409088134766e+01 1.584786128997802734e+01 1.480384826660156250e+01 1.531393527984619141e+01 1.603849220275878906e+01 1.597444057464599609e+01 1.571091938018798828e+01 1.588562393188476562e+01 1.598721027374267578e+01 1.605136489868164062e+01 1.576044082641601562e+01 1.568627452850341797e+01 1.446131610870361328e+01 1.457726001739501953e+01 1.556420230865478516e+01 1.508295726776123047e+01 1.531393527984619141e+01 1.259445762634277344e+01 1.504890918731689453e+01 1.571091938018798828e+01 1.271455860137939453e+01 1.295336818695068359e+01 1.581027507781982422e+01 1.501501655578613281e+01 1.268230819702148438e+01 1.531393527984619141e+01 1.602564048767089844e+01 1.540832138061523438e+01
1.445086860656738281e+01 1.287830066680908203e+01 9.857072830200195312e+00 7.241129875183105469e+00 2.545824766159057617e+00 1.000000000000000000e+00 2.528764724731445312e+00 7.656967639923095703e+00 7.390982627868652344e+00 9.259259223937988281e+00 1.166180801391601562e+01 1.078748607635498047e+01 1.343183326721191406e+01 1.525553035736083984e+01 1.572326946258544922e+01 1.558846282958984375e+01 1.544401550292968750e+01 1.478196525573730469e+01 1.373626422882080078e+01 1.105583190917968750e+01 1.159420299530029297e+01 8.220304489135742188e+00 1.233045578002929688e+01 1.098297691345214844e+01 8.710801124572753906e+00 1.061571121215820312e+01 8.071024894714355469e+00 1.050420188903808594e+01 1.098901081085205078e+01 1.332445144653320312e+01 1.488095283508300781e+01 1.524390220642089844e+01 1.371742153167724609e+01 1.436781597137451172e+01 1.554001712799072266e+01 1.557632446289062500e+01 1.531393527984619141e+01 1.557632446289062500e+01 1.568627452850341797e+01 1.579778861999511719e+01 1.520912456512451172e+01 1.495886135101318359e+01 1.345895004272460938e+01 1.328021240234375000e+01 1.444043254852294922e+01 1.341381549835205078e+01 1.359619331359863281e+01 1.017811679840087891e+01 1.252348136901855469e+01 1.375515747070312500e+01 1.017811679840087891e+01 9.722896575927734375e+00 1.365187835693359375e+01 1.279590415954589844e+01 9.915716171264648438e+00 1.294498348236083984e+01 1.490312862396240234e+01 1.411432647705078125e+01
1.581027507781982422e+01 1.527883911132812500e+01 1.253132820129394531e+01 9.765625000000000000e+00 5.508124828338623047e+00 2.528764724731445312e+00 1.000000000000000000e+00 2.463054180145263672e+00 7.275372982025146484e+00 8.309098243713378906e+00 1.218026733398437500e+01 1.074691009521484375e+01 1.364256381988525391e+01 1.543209838867187500e+01 1.587301540374755859e+01 1.582278537750244141e+01 1.576044273376464844e+01 1.515151500701904297e+01 1.395673465728759766e+01 1.119820880889892578e+01 1.048767757415771484e+01 6.323111057281494141e+00 1.055408954620361328e+01 8.123476982116699219e+00 5.546311855316162109e+00 7.955449581146240234e+00 6.142506122589111328e+00 9.789525032043457031e+00 1.068947124481201172e+01 1.362397861480712891e+01 1.542019939422607422e+01 1.560062503814697266e+01 1.376462459564208984e+01 1.469507789611816406e+01 1.583531188964843750e+01 1.567398166656494141e+01 1.500374984741210938e+01 1.532567024230957031e+01 1.562499904632568359e+01 1.581027507781982422e+01 1.503759384155273438e+01 1.484780979156494141e+01 1.333333301544189453e+01 1.305483055114746094e+01 1.409443283081054688e+01 1.263423919677734375e+01 1.258653259277343750e+01 8.554320335388183594e+00 1.159420299530029297e+01 1.243008136749267578e+01 8.038585662841796875e+00 7.812500476837158203e+00 1.210653781890869141e+01 1.079330825805664062e+01 7.544322967529296875e+00 1.128031539916992188e+01 1.373626422882080078e+01 1.251564502716064453e+01
1.576044082641601562e+01 1.490312862396240234e+01 1.241464900970458984e+01 8.684325218200683594e+00 5.130836009979248047e+00 7.656967639923095703e+00 2.463054180145263672e+00 1.000000000000000000e+00 2.398081541061401367e+00 4.916420936584472656e+00 9.852216720581054688e+00 1.003009033203125000e+01 1.318391609191894531e+01 1.537278842926025391e+01 1.597444057464599609e+01 1.594896221160888672e+01 1.596169281005859375e+01 1.563721561431884766e+01 1.503759384155273438e+01 1.236858272552490234e+01 1.150086212158203125e+01 6.422607421875000000e+00 9.615384101867675781e+00 6.930006980895996094e+00 5.980861186981201172e+00 9.643201828002929688e+00 9.086779594421386719e+00 1.289490604400634766e+01 1.335113430023193359e+01 1.530221939086914062e+01 1.594896221160888672e+01 1.601280975341796875e+01 1.522069931030273438e+01 1.555209922790527344e+01 1.605136489868164062e+01 1.597444057464599609e+01 1.556420230865478516e+01 1.574803066253662109e+01 1.598721027374267578e+01 1.598721027374267578e+01 1.568627452850341797e+01 1.545595073699951172e+01 1.459854030609130859e+01 1.439884853363037109e+01 1.516300296783447266e+01 1.479290008544921875e+01 1.497006034851074219e+01 1.202645874023437500e+01 1.455604076385498047e+01 1.514004707336425781e+01 1.167542362213134766e+01 1.132502746582031250e+01 1.481481552124023438e+01 1.356852149963378906e+01 1.019887828826904297e+01 1.323626613616943359e+01 1.506024074554443359e+01 1.374570369720458984e+01
1.436781597137451172e+01 1.183431911468505859e+01 1.005025100708007812e+01 5.329070091247558594e+00 5.699629783630371094e+00 7.390982627868652344e+00 7.275372982025146484e+00 2.398081541061401367e+00 1.000000000000000000e+00 2.442598819732666016e+00 7.877117156982421875e+00 1.022494888305664062e+01 1.354096126556396484e+01 1.555209922790527344e+01 1.606425666809082031e+01 1.605136489868164062e+01 1.606425666809082031e+01 1.584785938262939453e+01 1.579778861999511719e+01 1.402524566650390625e+01 1.426533508300781250e+01 9.823182106018066406e+00 1.235330486297607422e+01 9.975062370300292969e+00 9.837677955627441406e+00 1.321004009246826172e+01 1.232285976409912109e+01 1.527883911132812500e+01 1.518602752685546875e+01 1.605136489868164062e+01 1.611603546142578125e+01 1.615509033203125000e+01 1.596169090270996094e+01 1.596169090270996094e+01 1.611603546142578125e+01 1.607717132568359375e+01 1.594896221160888672e+01 1.606425666809082031e+01 1.609010505676269531e+01 1.609010505676269531e+01 1.602564239501953125e+01 1.583531188964843750e+01 1.536098289489746094e+01 1.516300106048583984e+01 1.566170692443847656e+01 1.573564243316650391e+01 1.598721027374267578e+01 1.445086669921875000e+01 1.576044082641601562e+01 1.606425666809082031e+01 1.411432647705078125e+01 1.345894908905029297e+01 1.583531188964843750e+01 1.532567214965820312e+01 1.242235946655273438e+01 1.461988353729248047e+01 1.588562393188476562e+01 1.482579612731933594e+01
1.395673465728759766e+01 1.146131801605224609e+01 9.866798400878906250e+00 6.884681701660156250e+00 5.185377597808837891e+00 9.259259223937988281e+00 8.309098243713378906e+00 4.916420936584472656e+00 2.442598819732666016e+00 1.000000000000000000e+00 2.553952217102050781e+00 6.598482608795166016e+00 9.760859489440917969e+00 1.271455860137939453e+01 1.511715793609619141e+01 1.547987651824951172e+01 1.568627452850341797e+01 1.458789253234863281e+01 1.437814521789550781e+01 1.084010887145996094e+01 1.142204475402832031e+01 7.309941291809082031e+00 8.944543838500976562e+00 7.202016353607177734e+00 8.798944473266601562e+00 1.146788978576660156e+01 1.041666698455810547e+01 1.376462459564208984e+01 1.389853954315185547e+01 1.568627452850341797e+01 1.606425666809082031e+01 1.610305976867675781e+01 1.572326946258544922e+01 1.577287101745605469e+01 1.606425666809082031e+01 1.603849220275878906e+01 1.591089916229248047e+01 1.600000000000000000e+01 1.602564239501953125e+01 1.601280975341796875e+01 1.576044082641601562e+01 1.540832138061523438e+01 1.465201473236083984e+01 1.447177982330322266e+01 1.540832138061523438e+01 1.538461589813232422e+01 1.583531188964843750e+01 1.428571414947509766e+01 1.581027507781982422e+01 1.593625545501708984e+01 1.379310226440429688e+01 1.393728256225585938e+01 1.584786128997802734e+01 1.516300296783447266e+01 1.275510215759277344e+01 1.495886325836181641e+01 1.586042785644531250e+01 1.497006034851074219e+01
1.029336071014404297e+01 7.262164592742919922e+00 7.094714641571044922e+00 5.810575008392333984e+00 7.575757503509521484e+00 1.166180801391601562e+01 1.218026733398437500e+01 9.852216720581054688e+00 7.877117156982421875e+00 2.553952217102050781e+00 1.000000000000000000e+00 2.538393259048461914e+00 7.581501483917236328e+00 1.030927848815917969e+01 1.317523002624511719e+01 1.485884094238281250e+01 1.540831947326660156e+01 1.401541805267333984e+01 1.490312862396240234e+01 1.185536479949951172e+01 1.382170104980468750e+01 1.139601135253906250e+01 1.212121295928955078e+01 1.215066814422607422e+01 1.345895004272460938e+01 1.483679485321044922e+01 1.367053985595703125e+01 1.546790409088134766e+01 1.503759384155273438e+01 1.598721027374267578e+01 1.609010505676269531e+01 1.610305976867675781e+01 1.597444057464599609e+01 1.586042785644531250e+01 1.610305976867675781e+01 1.611603546142578125e+01 1.605136489868164062e+01 1.610305976867675781e+01 1.611603546142578125e+01 1.611603546142578125e+01 1.610305976867675781e+01 1.593625545501708984e+01 1.567398166656494141e+01 1.556420230865478516e+01 1.588562393188476562e+01 1.600000000000000000e+01 1.612903213500976562e+01 1.584786128997802734e+01 1.611603546142578125e+01 1.611603546142578125e+01 1.581027507781982422e+01 1.581027507781982422e+01 1.615509033203125000e+01 1.610305976867675781e+01 1.531393527984619141e+01 1.600000000000000000e+01 1.618122863769531250e+01 1.588562393188476562e+01
9.886307716369628906e+00 7.707129001617431641e+00 5.694760799407958984e+00 7.102272987365722656e+00 5.896225929260253906e+00 1.078748607635498047e+01 1.074691009521484375e+01 1.003009033203125000e+01 1.022494888305664062e+01 6.598482608795166016e+00 2.538393259048461914e+00 1.000000000000000000e+00 2.543558359146118164e+00 7.178750514984130859e+00 9.818360328674316406e+00 1.188354110717773438e+01 1.296176242828369141e+01 1.055966186523437500e+01 1.179245281219482422e+01 7.776049613952636719e+00 1.059883403778076172e+01 9.233610153198242188e+00 1.021450424194335938e+01 1.152737712860107422e+01 1.226993846893310547e+01 1.277139186859130859e+01 1.038961029052734375e+01 1.268230819702148438e+01 1.191895008087158203e+01 1.428571414947509766e+01 1.529051876068115234e+01 1.593625545501708984e+01 1.534919452667236328e+01 1.525553035736083984e+01 1.609010505676269531e+01 1.603849220275878906e+01 1.603849220275878906e+01 1.607716941833496094e+01 1.606425666809082031e+01 1.607716941833496094e+01 1.597444057464599609e+01 1.582278537750244141e+01 1.525553035736083984e+01 1.536098289489746094e+01 1.586042785644531250e+01 1.581027507781982422e+01 1.600000000000000000e+01 1.519756889343261719e+01 1.601280975341796875e+01 1.606425666809082031e+01 1.530221939086914062e+01 1.566170692443847656e+01 1.612903213500976562e+01 1.592356777191162109e+01 1.527883911132812500e+01 1.598721027374267578e+01 1.616814804077148438e+01 1.600000000000000000e+01
1.052077865600585938e+01 9.216589927673339844e+00 7.130125045776367188e+00 1.018329906463623047e+01 8.695652961730957031e+00 1.343183326721191406e+01 1.364256381988525391e+01 1.318391609191894531e+01 1.354096126556396484e+01 9.760859489440917969e+00 7.581501483917236328e+00 2.543558359146118164e+00 1.000000000000000000e+00 2.540973424911499023e+00 6.884681701660156250e+00 8.703220367431640625e+00 9.789525032043457031e+00 7.451564311981201172e+00 9.891197204589843750e+00 7.173600673675537109e+00 1.034126186370849609e+01 1.061007976531982422e+01 1.189060783386230469e+01 1.382169914245605469e+01 1.444043254852294922e+01 1.421463966369628906e+01 1.168907165527343750e+01 1.253132820129394531e+01 1.093493747711181641e+01 1.311475372314453125e+01 1.394700145721435547e+01 1.550387477874755859e+01 1.447177982330322266e+01 1.379310226440429688e+01 1.568627452850341797e+01 1.592356777191162109e+01 1.579778861999511719e+01 1.605136489868164062e+01 1.603849220275878906e+01 1.606425666809082031e+01 1.579778861999511719e+01 1.556420230865478516e+01 1.473839473724365234e+01 1.529051876068115234e+01 1.581027507781982422e+01 1.593625545501708984e+01 1.603849220275878906e+01 1.562500095367431641e+01 1.605136489868164062e+01 1.611603546142578125e+01 1.581027698516845703e+01 1.602564239501953125e+01 1.612903213500976562e+01 1.609010505676269531e+01 1.593625545501708984e+01 1.612903213500976562e+01 1.616814994812011719e+01 1.614204978942871094e+01
1.017811679840087891e+01 9.657170295715332031e+00 8.368201255798339844e+00 1.246882724761962891e+01 1.173709011077880859e+01 1.525553035736083984e+01 1.543209838867187500e+01 1.537278842926025391e+01 1.555209922790527344e+01 1.271455860137939453e+01 1.030927848815917969e+01 7.178750514984130859e+00 2.540973424911499023e+00 1.000000000000000000e+00 2.494387626647949219e+00 8.022462844848632812e+00 9.694620132446289062e+00 8.203445434570312500e+00 1.137656497955322266e+01 9.203866004943847656e+00 1.277139186859130859e+01 1.369863033294677734e+01 1.417434406280517578e+01 1.567398166656494141e+01 1.584785938262939453e+01 1.545595073699951172e+01 1.417434597015380859e+01 1.390820693969726562e+01 1.212121200561523438e+01 1.412429237365722656e+01 1.399580097198486328e+01 1.577287101745605469e+01 1.547987461090087891e+01 1.431639289855957031e+01 1.591089916229248047e+01 1.609010505676269531e+01 1.605136489868164062e+01 1.607716941833496094e+01 1.607716941833496094e+01 1.606425666809082031e+01 1.597444057464599609e+01 1.581027507781982422e+01 1.534919452667236328e+01 1.576044082641601562e+01 1.598721027374267578e+01 1.607716941833496094e+01 1.610305976867675781e+01 1.605136299133300781e+01 1.607716941833496094e+01 1.610305976867675781e+01 1.609010505676269531e+01 1.610305976867675781e+01 1.612903213500976562e+01 1.612903213500976562e+01 1.610305976867675781e+01 1.615508842468261719e+01 1.618123054504394531e+01 1.618123054504394531e+01
1.180637454986572266e+01 1.199760055541992188e+01 1.018329906463623047e+01 1.441961002349853516e+01 1.352265071868896484e+01 1.572326946258544922e+01 1.587301540374755859e+01 1.597444057464599609e+01 1.606425666809082031e+01 1.511715793609619141e+01 1.317523002624511719e+01 9.818360328674316406e+00 6.884681701660156250e+00 2.494387626647949219e+00 1.000000000000000000e+00 2.539682388305664062e+00 6.525285243988037109e+00 5.643341064453125000e+00 9.832841873168945312e+00 9.411764144897460938e+00 1.326259994506835938e+01 1.483679676055908203e+01 1.525553035736083984e+01 1.605136489868164062e+01 1.602564239501953125e+01 1.572326946258544922e+01 1.443001556396484375e+01 1.361470413208007812e+01 1.098297691345214844e+01 1.252348136901855469e+01 1.192605876922607422e+01 1.497006034851074219e+01 1.466275691986083984e+01 1.257861518859863281e+01 1.525553035736083984e+01 1.598721027374267578e+01 1.600000000000000000e+01 1.609010505676269531e+01 1.602564048767089844e+01 1.607716941833496094e+01 1.591089916229248047e+01 1.567398166656494141e+01 1.515151500701904297e+01 1.567398166656494141e+01 1.600000000000000000e+01 1.607716941833496094e+01 1.610305976867675781e+01 1.602564239501953125e+01 1.607716941833496094e+01 1.611603546142578125e+01 1.607716941833496094e+01 1.609010505676269531e+01 1.612903213500976562e+01 1.614204978942871094e+01 1.612903213500976562e+01 1.615508842468261719e+01 1.619433212280273438e+01 1.616814804077148438e+01
1.277955150604248047e+01 1.278772449493408203e+01 1.057641506195068359e+01 1.453488349914550781e+01 1.378359794616699219e+01 1.558846282958984375e+01 1.582278537750244141e+01 1.594896221160888672e+01 1.605136489868164062e+01 1.547987651824951172e+01 1.485884094238281250e+01 1.188354110717773438e+01 8.703220367431640625e+00 8.022462844848632812e+00 2.539682388305664062e+00 1.000000000000000000e+00 2.452182292938232422e+00 7.251631736755371094e+00 1.014713382720947266e+01 1.041666698455810547e+01 1.370801925659179688e+01 1.520912456512451172e+01 1.561280155181884766e+01 1.609010505676269531e+01 1.603849220275878906e+01 1.579778861999511719e+01 1.461988353729248047e+01 1.307189559936523438e+01 9.871667861938476562e+00 1.058761310577392578e+01 9.385265350341796875e+00 1.281229972839355469e+01 1.225490188598632812e+01 9.620009422302246094e+00 1.303780937194824219e+01 1.493651962280273438e+01 1.527883911132812500e+01 1.592356586456298828e+01 1.578531932830810547e+01 1.602564239501953125e+01 1.563721561431884766e+01 1.542019939422607422e+01 1.485884094238281250e+01 1.566170692443847656e+01 1.591089916229248047e+01 1.603849220275878906e+01 1.605136489868164062e+01 1.584786128997802734e+01 1.606425666809082031e+01 1.610305976867675781e+01 1.601280975341796875e+01 1.606425666809082031e+01 1.611603546142578125e+01 1.611603546142578125e+01 1.607716941833496094e+01 1.611603546142578125e+01 1.614204978942871094e+01 1.616814804077148438e+01
1.444043254852294922e+01 1.463057708740234375e+01 1.255492782592773438e+01 1.534919452667236328e+01 1.392757606506347656e+01 1.544401550292968750e+01 1.576044273376464844e+01 1.596169281005859375e+01 1.606425666809082031e+01 1.568627452850341797e+01 1.540831947326660156e+01 1.296176242828369141e+01 9.789525032043457031e+00 9.694620132446289062e+00 6.525285243988037109e+00 2.452182292938232422e+00 1.000000000000000000e+00 2.495944023132324219e+00 7.385524749755859375e+00 9.407338142395019531e+00 1.239925575256347656e+01 1.500374984741210938e+01 1.568627452850341797e+01 1.612903213500976562e+01 1.606425666809082031e+01 1.564945220947265625e+01 1.385041522979736328e+01 1.106194686889648438e+01 7.902014732360839844e+00 7.858546257019042969e+00 6.784260749816894531e+00 1.057641506195068359e+01 1.035196685791015625e+01 8.120179176330566406e+00 1.193317413330078125e+01 1.418439674377441406e+01 1.488095092773437500e+01 1.571091938018798828e+01 1.530221843719482422e+01 1.578531837463378906e+01 1.493651962280273438e+01 1.437814521789550781e+01 1.354096126556396484e+01 1.486988925933837891e+01 1.551590442657470703e+01 1.582278537750244141e+01 1.589825153350830078e+01 1.549186706542968750e+01 1.597444057464599609e+01 1.610305976867675781e+01 1.598721027374267578e+01 1.603849220275878906e+01 1.610305976867675781e+01 1.611603546142578125e+01 1.607716941833496094e+01 1.615508842468261719e+01 1.612903213500976562e+01 1.615508842468261719e+01
1.433691883087158203e+01 1.422475147247314453e+01 1.168224239349365234e+01 1.480384826660156250e+01 1.256281280517578125e+01 1.478196525573730469e+01 1.515151500701904297e+01 1.563721561431884766e+01 1.584785938262939453e+01 1.458789253234863281e+01 1.401541805267333984e+01 1.055966186523437500e+01 7.451564311981201172e+00 8.203445434570312500e+00 5.643341064453125000e+00 7.251631736755371094e+00 2.495944023132324219e+00 1.000000000000000000e+00 2.507837057113647461e+00 7.377351760864257812e+00 1.041124439239501953e+01 1.359619331359863281e+01 1.527883911132812500e+01 1.609010505676269531e+01 1.576044273376464844e+01 1.497006034851074219e+01 1.254705142974853516e+01 9.694619178771972656e+00 7.713073730468750000e+00 8.528784751892089844e+00 8.639308929443359375e+00 1.236858272552490234e+01 1.174398040771484375e+01 1.046572494506835938e+01 1.416430568695068359e+01 1.545595073699951172e+01 1.566170692443847656e+01 1.596169281005859375e+01 1.552794933319091797e+01 1.584785938262939453e+01 1.488095092773437500e+01 1.398601341247558594e+01 1.268230819702148438e+01 1.447177982330322266e+01 1.547987651824951172e+01 1.576044082641601562e+01 1.598721027374267578e+01 1.546790409088134766e+01 1.605136299133300781e+01 1.612903213500976562e+01 1.592356777191162109e+01 1.605136299133300781e+01 1.611603546142578125e+01 1.609010505676269531e+01 1.607716941833496094e+01 1.615509033203125000e+01 1.618122863769531250e+01 1.616814804077148438e+01
1.520912456512451172e+01 1.526717567443847656e+01 1.297016811370849609e+01 1.506024074554443359e+01 1.180637454986572266e+01 1.373626422882080078e+01 1.395673465728759766e+01 1.503759384155273438e+01 1.579778861999511719e+01 1.437814521789550781e+01 1.490312862396240234e+01 1.179245281219482422e+01 9.891197204589843750e+00 1.137656497955322266e+01 9.832841873168945312e+00 1.014713382720947266e+01 7.385524749755859375e+00 2.507837057113647461e+00 1.000000000000000000e+00 2.537749052047729492e+00 6.887051582336425781e+00 1.072961425781250000e+01 1.314924430847167969e+01 1.566170692443847656e+01 1.465201473236083984e+01 1.222493934631347656e+01 1.030396747589111328e+01 6.385695934295654297e+00 6.244146347045898438e+00 6.605020046234130859e+00 7.757952213287353516e+00 1.090512466430664062e+01 9.955202102661132812e+00 9.896090507507324219e+00 1.378359794616699219e+01 1.466275691986083984e+01 1.478196525573730469e+01 1.542019939422607422e+01 1.410437202453613281e+01 1.467351436614990234e+01 1.249219131469726562e+01 1.125492382049560547e+01 9.354537010192871094e+00 1.202645874023437500e+01 1.395673465728759766e+01 1.441961002349853516e+01 1.522070121765136719e+01 1.401541709899902344e+01 1.576044273376464844e+01 1.583531188964843750e+01 1.495886325836181641e+01 1.578531932830810547e+01 1.612903213500976562e+01 1.600000000000000000e+01 1.594896221160888672e+01 1.614204978942871094e+01 1.616814804077148438e+01 1.614204978942871094e+01
1.356852149963378906e+01 1.258653259277343750e+01 9.319664955139160156e+00 1.194029903411865234e+01 8.028903961181640625e+00 1.105583190917968750e+01 1.119820880889892578e+01 1.236858272552490234e+01 1.402524566650390625e+01 1.084010887145996094e+01 1.185536479949951172e+01 7.776049613952636719e+00 7.173600673675537109e+00 9.203866004943847656e+00 9.411764144897460938e+00 1.041666698455810547e+01 9.407338142395019531e+00 7.377351760864257812e+00 2.537749052047729492e+00 1.000000000000000000e+00 2.559181213378906250e+00 7.665772438049316406e+00 1.023541450500488281e+01 1.298701286315917969e+01 1.215066814422607422e+01 1.036806583404541016e+01 8.764242172241210938e+00 6.910850524902343750e+00 6.550933361053466797e+00 9.208102226257324219e+00 1.132502746582031250e+01 1.378359794616699219e+01 1.210653781890869141e+01 1.289490604400634766e+01 1.564945220947265625e+01 1.577287101745605469e+01 1.582278537750244141e+01 1.597444057464599609e+01 1.544401550292968750e+01 1.555209922790527344e+01 1.390820693969726562e+01 1.280409812927246094e+01 1.067235851287841797e+01 1.277139186859130859e+01 1.465201473236083984e+01 1.469507789611816406e+01 1.556420230865478516e+01 1.402524566650390625e+01 1.579778861999511719e+01 1.591089916229248047e+01 1.471670436859130859e+01 1.563721561431884766e+01 1.612903213500976562e+01 1.592356586456298828e+01 1.577287101745605469e+01 1.611603546142578125e+01 1.616814804077148438e+01 1.611603546142578125e+01
1.467351436614990234e+01 1.390820503234863281e+01 1.159420299530029297e+01 1.301236248016357422e+01 8.631851196289062500e+00 1.159420299530029297e+01 1.048767757415771484e+01 1.150086212158203125e+01 1.426533508300781250e+01 1.142204475402832031e+01 1.382170104980468750e+01 1.059883403778076172e+01 1.034126186370849609e+01 1.277139186859130859e+01 1.326259994506835938e+01 1.370801925659179688e+01 1.239925575256347656e+01 1.041124439239501953e+01 6.887051582336425781e+00 2.559181213378906250e+00 1.000000000000000000e+00 2.548095226287841797e+00 7.264801502227783203e+00 9.935420036315917969e+00 8.896797180175781250e+00 6.329114437103271484e+00 6.906076908111572266e+00 5.282619953155517578e+00 8.261049270629882812e+00 1.057082366943359375e+01 1.357773208618164062e+01 1.514004516601562500e+01 1.346801376342773438e+01 1.452432918548583984e+01 1.606425666809082031e+01 1.597444057464599609e+01 1.583531188964843750e+01 1.591089916229248047e+01 1.515151500701904297e+01 1.519756889343261719e+01 1.310616111755371094e+01 1.207000732421875000e+01 9.276436805725097656e+00 1.140250873565673828e+01 1.369863033294677734e+01 1.336898422241210938e+01 1.486988925933837891e+01 1.314924430847167969e+01 1.539645767211914062e+01 1.523229217529296875e+01 1.276324176788330078e+01 1.448225975036621094e+01 1.583531188964843750e+01 1.489203357696533203e+01 1.424501514434814453e+01 1.587301540374755859e+01 1.607716941833496094e+01 1.586042785644531250e+01
1.430615234375000000e+01 1.269841289520263672e+01 9.620010375976562500e+00 9.394082069396972656e+00 4.475274085998535156e+00 8.220304489135742188e+00 6.323111057281494141e+00 6.422607421875000000e+00 9.823182106018066406e+00 7.309941291809082031e+00 1.139601135253906250e+01 9.233610153198242188e+00 1.061007976531982422e+01 1.369863033294677734e+01 1.483679676055908203e+01 1.520912456512451172e+01 1.500374984741210938e+01 1.359619331359863281e+01 1.072961425781250000e+01 7.665772438049316406e+00 2.548095226287841797e+00 1.000000000000000000e+00 2.556237220764160156e+00 5.943536758422851562e+00 5.377789974212646484e+00 6.051436901092529297e+00 5.420053958892822266e+00 7.754943847656250000e+00 9.438414573669433594e+00 1.256281471252441406e+01 1.524390220642089844e+01 1.567397975921630859e+01 1.404494380950927734e+01 1.524390220642089844e+01 1.609010505676269531e+01 1.593625545501708984e+01 1.598721027374267578e+01 1.603849220275878906e+01 1.572326946258544922e+01 1.581027507781982422e+01 1.444043254852294922e+01 1.364256381988525391e+01 1.104972457885742188e+01 1.180637454986572266e+01 1.396648120880126953e+01 1.280409812927246094e+01 1.415428256988525391e+01 1.179245281219482422e+01 1.472754001617431641e+01 1.422475147247314453e+01 1.042752838134765625e+01 1.231527042388916016e+01 1.516300106048583984e+01 1.285347080230712891e+01 1.151410484313964844e+01 1.516300296783447266e+01 1.588562393188476562e+01 1.504890918731689453e+01
1.380262279510498047e+01 1.221747112274169922e+01 1.095290279388427734e+01 1.118568229675292969e+01 8.399832725524902344e+00 1.233045578002929688e+01 1.055408954620361328e+01 9.615384101867675781e+00 1.235330486297607422e+01 8.944543838500976562e+00 1.212121295928955078e+01 1.021450424194335938e+01 1.189060783386230469e+01 1.417434406280517578e+01 1.525553035736083984e+01 1.561280155181884766e+01 1.568627452850341797e+01 1.527883911132812500e+01 1.314924430847167969e+01 1.023541450500488281e+01 7.264801502227783203e+00 2.556237220764160156e+00 1.000000000000000000e+00 2.487252950668334961e+00 7.704160690307617188e+00 7.733952045440673828e+00 9.896090507507324219e+00 1.134430027008056641e+01 1.373626422882080078e+01 1.573564052581787109e+01 1.612903213500976562e+01 1.611603546142578125e+01 1.596169281005859375e+01 1.607717132568359375e+01 1.612903213500976562e+01 1.614204978942871094e+01 1.611603546142578125e+01 1.610305976867675781e+01 1.603849220275878906e+01 1.602564239501953125e+01 1.551590442657470703e+01 1.511715888977050781e+01 1.336005306243896484e+01 1.386962604522705078e+01 1.520912456512451172e+01 1.451378726959228516e+01 1.560062503814697266e+01 1.429592609405517578e+01 1.564945411682128906e+01 1.516300296783447266e+01 1.201201152801513672e+01 1.337792682647705078e+01 1.531393527984619141e+01 1.270647907257080078e+01 1.128668117523193359e+01 1.472754001617431641e+01 1.525553035736083984e+01 1.386001396179199219e+01
1.524390220642089844e+01 1.411432647705078125e+01 1.248439407348632812e+01 1.145475292205810547e+01 7.459903240203857422e+00 1.098297691345214844e+01 8.123476982116699219e+00 6.930006980895996094e+00 9.975062370300292969e+00 7.202016353607177734e+00 1.215066814422607422e+01 1.152737712860107422e+01 1.382169914245605469e+01 1.567398166656494141e+01 1.605136489868164062e+01 1.609010505676269531e+01 1.612903213500976562e+01 1.609010505676269531e+01 1.566170692443847656e+01 1.298701286315917969e+01 9.935420036315917969e+00 5.943536758422851562e+00 2.487252950668334961e+00 1.000000000000000000e+00 2.466091394424438477e+00 6.761325359344482422e+00 9.385265350341796875e+00 1.244555091857910156e+01 1.474926280975341797e+01 1.597444057464599609e+01 1.612903213500976562e+01 1.610305976867675781e+01 1.601280975341796875e+01 1.610305976867675781e+01 1.614204978942871094e+01 1.612903213500976562e+01 1.610305976867675781e+01 1.607716941833496094e+01 1.610305976867675781e+01 1.607716941833496094e+01 1.588562393188476562e+01 1.561280155181884766e+01 1.408450794219970703e+01 1.402524566650390625e+01 1.516300296783447266e+01 1.386001396179199219e+01 1.470588111877441406e+01 1.241464900970458984e+01 1.426533508300781250e+01 1.327139949798583984e+01 9.025270462036132812e+00 1.021450424194335938e+01 1.276324176788330078e+01 9.341428756713867188e+00 7.347538948059082031e+00 1.158077526092529297e+01 1.298701286315917969e+01 1.128668117523193359e+01
1.581027698516845703e+01 1.509434032440185547e+01 1.322751331329345703e+01 1.172332954406738281e+01 6.383657455444335938e+00 8.710801124572753906e+00 5.546311855316162109e+00 5.980861186981201172e+00 9.837677955627441406e+00 8.798944473266601562e+00 1.345895004272460938e+01 1.226993846893310547e+01 1.444043254852294922e+01 1.584785938262939453e+01 1.602564239501953125e+01 1.603849220275878906e+01 1.606425666809082031e+01 1.576044273376464844e+01 1.465201473236083984e+01 1.215066814422607422e+01 8.896797180175781250e+00 5.377789974212646484e+00 7.704160690307617188e+00 2.466091394424438477e+00 1.000000000000000000e+00 2.471882343292236328e+00 5.899705410003662109e+00 1.013684749603271484e+01 1.262626266479492188e+01 1.526717567443847656e+01 1.596169090270996094e+01 1.603849220275878906e+01 1.555209922790527344e+01 1.593625545501708984e+01 1.616814804077148438e+01 1.611603546142578125e+01 1.606425666809082031e+01 1.610305976867675781e+01 1.598721027374267578e+01 1.601280975341796875e+01 1.536098289489746094e+01 1.488095092773437500e+01 1.273885345458984375e+01 1.273074531555175781e+01 1.422475147247314453e+01 1.265822887420654297e+01 1.371742153167724609e+01 1.112347030639648438e+01 1.384082984924316406e+01 1.278772449493408203e+01 8.347245216369628906e+00 1.039500999450683594e+01 1.321004009246826172e+01 9.920635223388671875e+00 8.510638236999511719e+00 1.286173629760742188e+01 1.402524566650390625e+01 1.232285976409912109e+01
1.586042785644531250e+01 1.551590442657470703e+01 1.474926280975341797e+01 1.408450698852539062e+01 9.324008941650390625e+00 1.061571121215820312e+01 7.955449581146240234e+00 9.643201828002929688e+00 1.321004009246826172e+01 1.146788978576660156e+01 1.483679485321044922e+01 1.277139186859130859e+01 1.421463966369628906e+01 1.545595073699951172e+01 1.572326946258544922e+01 1.579778861999511719e+01 1.564945220947265625e+01 1.497006034851074219e+01 1.222493934631347656e+01 1.036806583404541016e+01 6.329114437103271484e+00 6.051436901092529297e+00 7.733952045440673828e+00 6.761325359344482422e+00 2.471882343292236328e+00 1.000000000000000000e+00 2.535175561904907227e+00 7.355645656585693359e+00 1.080496978759765625e+01 1.375515937805175781e+01 1.584785938262939453e+01 1.600000000000000000e+01 1.495886325836181641e+01 1.558846282958984375e+01 1.612903213500976562e+01 1.605136299133300781e+01 1.594896221160888672e+01 1.600000000000000000e+01 1.573564052581787109e+01 1.582278537750244141e+01 1.473839282989501953e+01 1.403508758544921875e+01 1.151410484313964844e+01 1.195457267761230469e+01 1.371742153167724609e+01 1.293661117553710938e+01 1.440922260284423828e+01 1.200480175018310547e+01 1.507159042358398438e+01 1.428571414947509766e+01 1.006036186218261719e+01 1.269035530090332031e+01 1.507159042358398438e+01 1.232285881042480469e+01 1.117318439483642578e+01 1.502629566192626953e+01 1.546790409088134766e+01 1.400560188293457031e+01
1.592356777191162109e+01 1.544401550292968750e+01 1.364256381988525391e+01 1.277139186859130859e+01 7.770007610321044922e+00 8.071024894714355469e+00 6.142506122589111328e+00 9.086779594421386719e+00 1.232285976409912109e+01 1.041666698455810547e+01 1.367053985595703125e+01 1.038961029052734375e+01 1.168907165527343750e+01 1.417434597015380859e+01 1.443001556396484375e+01 1.461988353729248047e+01 1.385041522979736328e+01 1.254705142974853516e+01 1.030396747589111328e+01 8.764242172241210938e+00 6.906076908111572266e+00 5.420053958892822266e+00 9.896090507507324219e+00 9.385265350341796875e+00 5.899705410003662109e+00 2.535175561904907227e+00 1.000000000000000000e+00 2.536461591720581055e+00 7.097231864929199219e+00 1.000000000000000000e+01 1.315789508819580078e+01 1.437814521789550781e+01 1.121705055236816406e+01 1.302083301544189453e+01 1.573564052581787109e+01 1.522069931030273438e+01 1.506024074554443359e+01 1.551590442657470703e+01 1.465201473236083984e+01 1.518602752685546875e+01 1.294498348236083984e+01 1.232285976409912109e+01 9.737098693847656250e+00 9.847366333007812500e+00 1.171646213531494141e+01 1.042209529876708984e+01 1.083423614501953125e+01 7.945967197418212891e+00 1.214329051971435547e+01 1.186239624023437500e+01 7.645259380340576172e+00 1.045478248596191406e+01 1.381215381622314453e+01 1.175088119506835938e+01 1.076426219940185547e+01 1.480384826660156250e+01 1.564945220947265625e+01 1.492537307739257812e+01
